2457629.775736|+11.779|0.007
2457629.776012|+11.791|0.007
2457629.776277|+11.795|0.007
2457629.776545|+11.783|0.007
2457629.776817|+11.775|0.007
2457629.779207|+11.774|0.007
2457629.779479|+11.776|0.007
2457629.779745|+11.774|0.007
2457629.780012|+11.780|0.007
2457629.780286|+11.775|0.007
2457629.780553|+11.775|0.007
2457629.780823|+11.776|0.007
2457629.781096|+11.786|0.007
2457629.781369|+11.774|0.007
2457629.781635|+11.781|0.007
2457629.781912|+11.783|0.007
2457629.782176|+11.764|0.007
2457629.782445|+11.769|0.007
2457629.782720|+11.766|0.007
2457629.782986|+11.753|0.007
2457629.783923|+11.759|0.007
2457629.784199|+11.763|0.007
2457629.784465|+11.747|0.007
2457629.784731|+11.744|0.007
2457629.785004|+11.753|0.007
2457629.785271|+11.751|0.007
2457629.785544|+11.745|0.007
2457629.785819|+11.743|0.007
2457629.786085|+11.742|0.007
2457629.786354|+11.738|0.007
2457629.786629|+11.745|0.007
2457629.786896|+11.752|0.007
2457629.787167|+11.735|0.007
2457629.787439|+11.746|0.007
2457629.787706|+11.725|0.007
2457629.788642|+11.742|0.007
2457629.788915|+11.737|0.007
2457629.789182|+11.728|0.007
2457629.789448|+11.728|0.007
2457629.789722|+11.742|0.007
2457629.789991|+11.731|0.007
2457629.790262|+11.719|0.007
2457629.790535|+11.721|0.007
2457629.790803|+11.705|0.007
2457629.791074|+11.705|0.007
2457629.791347|+11.724|0.007
2457629.791615|+11.703|0.007
2457629.791885|+11.703|0.007
2457629.792162|+11.698|0.007
2457629.792428|+11.707|0.007
2457629.793359|+11.700|0.007
2457629.793639|+11.699|0.007
2457629.793915|+11.690|0.007
2457629.794182|+11.681|0.007
2457629.794453|+11.686|0.007
2457629.794725|+11.680|0.007
2457629.794992|+11.667|0.007
2457629.795271|+11.653|0.007
2457629.795546|+11.654|0.007
2457629.795813|+11.656|0.007
2457629.796085|+11.664|0.007
2457629.796361|+11.643|0.007
2457629.796640|+11.652|0.007
2457629.796910|+11.643|0.007
2457629.797180|+11.638|0.007
2457629.798540|+11.644|0.007
2457629.798811|+11.642|0.007
2457629.799084|+11.641|0.007
2457629.799353|+11.639|0.007
2457629.799620|+11.626|0.007
2457629.799896|+11.625|0.007
2457629.800160|+11.625|0.007
2457629.800428|+11.596|0.007
2457629.800704|+11.607|0.007
2457629.800971|+11.600|0.007
2457629.801243|+11.594|0.007
2457629.801517|+11.597|0.007
2457629.801784|+11.589|0.007
2457629.802057|+11.595|0.007
2457629.802997|+11.579|0.007
2457629.803271|+11.591|0.007
2457629.803537|+11.600|0.007
2457629.803808|+11.608|0.007
2457629.804082|+11.591|0.007
2457629.804351|+11.589|0.007
2457629.804618|+11.591|0.007
2457629.804893|+11.591|0.007
2457629.805162|+11.584|0.007
2457629.805432|+11.568|0.007
2457629.805712|+11.573|0.007
2457629.805985|+11.564|0.007
2457629.806252|+11.564|0.007
2457629.806525|+11.564|0.007
2457629.806800|+11.558|0.007
2457629.807733|+11.555|0.007
2457629.808009|+11.550|0.007
2457629.808283|+11.546|0.007
2457629.808548|+11.544|0.007
2457629.808821|+11.560|0.007
2457629.809088|+11.557|0.007
2457629.809358|+11.551|0.007
2457629.809633|+11.539|0.007
2457629.809898|+11.542|0.007
2457629.810165|+11.542|0.007
2457629.810439|+11.532|0.007
2457629.810708|+11.526|0.007
2457629.810976|+11.538|0.007
2457629.811255|+11.534|0.007
2457629.811522|+11.525|0.007
2457629.812456|+11.526|0.007
2457629.812728|+11.527|0.007
2457629.812998|+11.514|0.007
2457629.813265|+11.522|0.007
2457629.813538|+11.514|0.007
2457629.813802|+11.527|0.007
2457629.814075|+11.504|0.007
2457629.814349|+11.512|0.007
2457629.814619|+11.510|0.007
2457629.814887|+11.523|0.007
2457629.815163|+11.503|0.007
2457629.815430|+11.499|0.007
2457629.815699|+11.499|0.007
2457629.815974|+11.501|0.007
2457629.816240|+11.500|0.007
2457629.817175|+11.503|0.007
2457629.817449|+11.501|0.007
2457629.817716|+11.489|0.007
2457629.817983|+11.496|0.007
2457629.818255|+11.490|0.007
2457629.818520|+11.503|0.007
2457629.818793|+11.502|0.007
2457629.819068|+11.499|0.007
2457629.819335|+11.495|0.007
2457629.819611|+11.494|0.007
2457629.819885|+11.498|0.007
2457629.820152|+11.510|0.007
2457629.820417|+11.501|0.007
2457629.820693|+11.487|0.007
2457629.820960|+11.488|0.007
2457629.823347|+11.473|0.007
2457629.823623|+11.474|0.007
2457629.823889|+11.473|0.007
2457629.824156|+11.482|0.007
2457629.824432|+11.479|0.007
2457629.824698|+11.474|0.007
2457629.824965|+11.475|0.007
2457629.825241|+11.481|0.007
2457629.825506|+11.487|0.007
2457629.825776|+11.481|0.007
2457629.826050|+11.477|0.007
2457629.826317|+11.472|0.007
2457629.826591|+11.485|0.007
2457629.826865|+11.474|0.007
2457629.827133|+11.478|0.007
2457629.828062|+11.488|0.007
2457629.828338|+11.475|0.007
2457629.828604|+11.477|0.007
2457629.828872|+11.476|0.007
2457629.829146|+11.468|0.007
2457629.829413|+11.501|0.007
2457629.829684|+11.485|0.007
2457629.829960|+11.481|0.007
2457629.830225|+11.485|0.007
2457629.830495|+11.484|0.007
2457629.830772|+11.487|0.007
2457629.831038|+11.483|0.007
2457629.831307|+11.487|0.007
2457629.831581|+11.486|0.007
2457629.831845|+11.476|0.007
2457629.832784|+11.491|0.007
2457630.643537|+11.812|0.005
2457630.643802|+11.804|0.005
2457630.644074|+11.809|0.005
2457630.644348|+11.819|0.005
2457630.644614|+11.818|0.005
2457630.645427|+11.808|0.005
2457630.645693|+11.810|0.005
2457630.645973|+11.812|0.005
2457630.646238|+11.815|0.005
2457630.646781|+11.818|0.005
2457630.647047|+11.827|0.005
2457630.648253|+11.830|0.005
2457630.648526|+11.840|0.005
2457630.648792|+11.844|0.005
2457630.649062|+11.831|0.005
2457630.649604|+11.830|0.005
2457630.649876|+11.839|0.005
2457630.650149|+11.831|0.005
2457630.650417|+11.847|0.005
2457630.650685|+11.850|0.005
2457630.650959|+11.829|0.005
2457630.651223|+11.843|0.005
2457630.651495|+11.839|0.005
2457630.651768|+11.845|0.005
2457630.652033|+11.833|0.005
2457630.653046|+11.839|0.005
2457630.653313|+11.844|0.005
2457630.653582|+11.823|0.005
2457630.653857|+11.819|0.005
2457630.654124|+11.834|0.005
2457630.654391|+11.825|0.005
2457630.654666|+11.835|0.005
2457630.654932|+11.837|0.005
2457630.655204|+11.826|0.005
2457630.655478|+11.833|0.005
2457630.655745|+11.847|0.005
2457630.656019|+11.848|0.005
2457630.656294|+11.841|0.005
2457630.656560|+11.838|0.005
2457630.656829|+11.838|0.005
2457630.657834|+11.845|0.005
2457630.658372|+11.824|0.005
2457630.658647|+11.835|0.005
2457630.658923|+11.832|0.005
2457630.659197|+11.827|0.005
2457630.659467|+11.830|0.005
2457630.659741|+11.827|0.005
2457630.660010|+11.814|0.005
2457630.660281|+11.835|0.005
2457630.660550|+11.830|0.005
2457630.660819|+11.834|0.005
2457630.661089|+11.833|0.005
2457630.661363|+11.823|0.005
2457630.661630|+11.818|0.005
2457630.662565|+11.807|0.005
2457630.662840|+11.810|0.005
2457630.663107|+11.797|0.005
2457630.663380|+11.802|0.005
2457630.663653|+11.823|0.005
2457630.663919|+11.799|0.005
2457630.664186|+11.802|0.005
2457630.664462|+11.820|0.005
2457630.664728|+11.805|0.005
2457630.664995|+11.799|0.005
2457630.665270|+11.808|0.005
2457630.665537|+11.791|0.005
2457630.665806|+11.784|0.005
2457630.666079|+11.800|0.005
2457630.666343|+11.801|0.005
2457630.667359|+11.777|0.005
2457630.667627|+11.794|0.005
2457630.667899|+11.774|0.005
2457630.668440|+11.780|0.005
2457630.668710|+11.774|0.005
2457630.668984|+11.794|0.005
2457630.669252|+11.765|0.005
2457630.669521|+11.761|0.005
2457630.669795|+11.758|0.005
2457630.670061|+11.773|0.005
2457630.670335|+11.762|0.005
2457630.670611|+11.760|0.005
2457630.670877|+11.764|0.005
2457630.671144|+11.767|0.005
2457630.672248|+11.750|0.005
2457630.672515|+11.724|0.005
2457630.672779|+11.745|0.005
2457630.673056|+11.747|0.005
2457630.673323|+11.744|0.005
2457630.673590|+11.730|0.005
2457630.673862|+11.752|0.005
2457630.674129|+11.724|0.005
2457630.674400|+11.735|0.005
2457630.674674|+11.732|0.005
2457630.674941|+11.733|0.005
2457630.675215|+11.721|0.005
2457630.675487|+11.729|0.005
2457630.675754|+11.717|0.005
2457630.676028|+11.729|0.005
2457630.676965|+11.708|0.005
2457630.677241|+11.712|0.005
2457630.677513|+11.691|0.005
2457630.677781|+11.688|0.005
2457630.678056|+11.686|0.005
2457630.678329|+11.686|0.005
2457630.678596|+11.679|0.005
2457630.678867|+11.674|0.005
2457630.679141|+11.673|0.005
2457630.679410|+11.676|0.005
2457630.679680|+11.665|0.005
2457630.679956|+11.674|0.005
2457630.680223|+11.689|0.005
2457630.680495|+11.684|0.005
2457630.680772|+11.686|0.005
2457630.681700|+11.661|0.005
2457630.681973|+11.664|0.005
2457630.682239|+11.650|0.005
2457630.682508|+11.653|0.005
2457630.682779|+11.661|0.005
2457630.683045|+11.634|0.005
2457630.683321|+11.642|0.005
2457630.683597|+11.641|0.005
2457630.683864|+11.632|0.005
2457630.684133|+11.642|0.005
2457630.684409|+11.637|0.005
2457630.684676|+11.645|0.005
2457630.684943|+11.633|0.005
2457630.685219|+11.626|0.005
2457630.685486|+11.622|0.005
2457630.687854|+11.619|0.005
2457630.688128|+11.603|0.005
2457630.688395|+11.612|0.005
2457630.688662|+11.598|0.005
2457630.688937|+11.589|0.005
2457630.689203|+11.599|0.005
2457630.689473|+11.600|0.005
2457630.689750|+11.590|0.005
2457630.690016|+11.580|0.005
2457630.690284|+11.586|0.005
2457630.690557|+11.585|0.005
2457630.690823|+11.585|0.005
2457630.691100|+11.587|0.005
2457630.691373|+11.574|0.005
2457630.691642|+11.579|0.005
2457630.692577|+11.572|0.005
2457630.692853|+11.575|0.005
2457630.693122|+11.565|0.005
2457630.693390|+11.581|0.005
2457630.693665|+11.561|0.005
2457630.693929|+11.582|0.005
2457630.694195|+11.565|0.005
2457630.694472|+11.561|0.005
2457630.694739|+11.570|0.005
2457630.695009|+11.564|0.005
2457630.695551|+11.557|0.005
2457630.695822|+11.558|0.005
2457630.696098|+11.551|0.005
2457630.696366|+11.550|0.005
2457630.697576|+11.559|0.005
2457630.697843|+11.552|0.005
2457630.698113|+11.540|0.005
2457630.698388|+11.547|0.005
2457630.698655|+11.537|0.004
2457630.698924|+11.548|0.005
2457630.699198|+11.534|0.005
2457630.699467|+11.552|0.005
2457630.699736|+11.540|0.004
2457630.700011|+11.554|0.004
2457630.700279|+11.540|0.005
2457630.700549|+11.548|0.005
2457630.700822|+11.530|0.005
2457630.701090|+11.539|0.005
2457630.702411|+11.545|0.005
2457630.702678|+11.541|0.005
2457630.702946|+11.528|0.005
2457630.703221|+11.535|0.004
2457630.703488|+11.538|0.005
2457630.703758|+11.548|0.005
2457630.704030|+11.528|0.005
2457630.704297|+11.532|0.004
2457630.704570|+11.549|0.004
2457630.704847|+11.552|0.005
2457630.705123|+11.542|0.005
2457630.705394|+11.539|0.004
2457630.705671|+11.553|0.004
2457630.705949|+11.541|0.004
2457630.706878|+11.530|0.004
2457630.707154|+11.524|0.004
2457630.707421|+11.531|0.004
2457630.707690|+11.528|0.005
2457630.707962|+11.543|0.004
2457630.708229|+11.545|0.004
2457630.708505|+11.537|0.004
2457630.708780|+11.522|0.005
2457630.709047|+11.538|0.004
2457630.709316|+11.542|0.004
2457630.709589|+11.549|0.004
2457630.709858|+11.538|0.004
2457630.710126|+11.535|0.004
2457630.710401|+11.537|0.004
2457630.710666|+11.543|0.005
2457630.711604|+11.534|0.004
2457630.711876|+11.537|0.004
2457630.712146|+11.538|0.004
2457630.712413|+11.536|0.004
2457630.712689|+11.554|0.004
2457630.712956|+11.541|0.004
2457630.713224|+11.548|0.004
2457630.713496|+11.544|0.004
2457630.713762|+11.540|0.004
2457630.714029|+11.544|0.004
2457630.714305|+11.546|0.004
2457630.714573|+11.556|0.004
2457630.714844|+11.550|0.004
2457630.715118|+11.550|0.004
2457630.715397|+11.557|0.004
2457630.716327|+11.569|0.004
2457630.716602|+11.569|0.005
2457630.716883|+11.542|0.004
2457630.717150|+11.561|0.004
2457630.717422|+11.559|0.004
2457630.717696|+11.555|0.004
2457630.717963|+11.546|0.004
2457630.718237|+11.554|0.004
2457630.718513|+11.573|0.004
2457630.718781|+11.575|0.004
2457630.719048|+11.570|0.004
2457630.719326|+11.554|0.004
2457630.719604|+11.576|0.004
2457630.719870|+11.574|0.004
2457630.720144|+11.578|0.004
2457630.721075|+11.558|0.004
2457630.721350|+11.580|0.004
2457630.721617|+11.585|0.004
2457630.721887|+11.578|0.004
2457630.722161|+11.589|0.004
2457630.722427|+11.568|0.004
2457630.722694|+11.578|0.004
2457630.722970|+11.590|0.004
2457630.723239|+11.580|0.004
2457630.723508|+11.589|0.004
2457630.723783|+11.579|0.004
2457630.724049|+11.593|0.004
2457630.724322|+11.597|0.004
2457630.724594|+11.600|0.004
2457630.724862|+11.609|0.004
2457630.725799|+11.595|0.004
2457630.726075|+11.601|0.004
2457630.726349|+11.607|0.004
2457630.726617|+11.609|0.004
2457630.726888|+11.606|0.004
2457630.727162|+11.618|0.004
2457630.728518|+11.630|0.005
2457630.729335|+11.623|0.006
2457630.729608|+11.642|0.005
2457630.732503|+11.639|0.005
2457630.732777|+11.645|0.005
2457630.733051|+11.654|0.005
2457630.733317|+11.650|0.005
2457630.733585|+11.668|0.005
2457630.733861|+11.661|0.005
2457630.734400|+11.649|0.005
2457630.734678|+11.687|0.005
2457630.734953|+11.652|0.005
2457630.735218|+11.659|0.005
2457630.735490|+11.640|0.005
2457630.735766|+11.693|0.005
2457630.736978|+11.674|0.005
2457630.737255|+11.695|0.005
2457630.737521|+11.690|0.004
2457630.737796|+11.708|0.005
2457630.739424|+11.710|0.005
2457630.739707|+11.718|0.004
2457630.739985|+11.711|0.005
2457630.740252|+11.718|0.005
2457630.740527|+11.720|0.005
2457630.741739|+11.713|0.005
2457630.742015|+11.738|0.004
2457630.742283|+11.742|0.005
2457630.742557|+11.725|0.005
2457630.742832|+11.743|0.004
2457630.743098|+11.744|0.004
2457630.743373|+11.741|0.004
2457630.743648|+11.754|0.004
2457630.743915|+11.753|0.004
2457630.744183|+11.748|0.004
2457630.744455|+11.757|0.005
2457630.744722|+11.749|0.005
2457630.744994|+11.758|0.005
2457630.745267|+11.755|0.005
2457630.746197|+11.765|0.005
2457630.746472|+11.768|0.005
2457630.746738|+11.763|0.004
2457630.747006|+11.775|0.005
2457630.747547|+11.771|0.005
2457630.748094|+11.763|0.005
2457630.749168|+11.777|0.005
2457630.749442|+11.799|0.005
2457630.749716|+11.797|0.004
2457630.749982|+11.791|0.004
2457630.751199|+11.796|0.004
2457630.751473|+11.810|0.005
2457630.751740|+11.803|0.004
2457630.752014|+11.805|0.005
2457630.752288|+11.806|0.005
2457630.752555|+11.810|0.005
2457630.752828|+11.818|0.005
2457630.753105|+11.810|0.005
2457630.753372|+11.802|0.004
2457630.753646|+11.813|0.004
2457630.753921|+11.802|0.004
2457630.754190|+11.800|0.004
2457630.754457|+11.808|0.004
2457630.754731|+11.800|0.004
2457630.755759|+11.831|0.004
2457630.756024|+11.837|0.005
2457630.756570|+11.823|0.005
2457630.756837|+11.837|0.005
2457630.757112|+11.812|0.004
2457630.757663|+11.815|0.005
2457630.757928|+11.821|0.004
2457630.758202|+11.828|0.004
2457630.758476|+11.835|0.004
2457630.758742|+11.819|0.004
2457630.759017|+11.825|0.004
2457630.759296|+11.825|0.004
2457630.759563|+11.814|0.004
2457630.760765|+11.826|0.004
2457630.761032|+11.824|0.005
2457630.761303|+11.826|0.004
2457630.761577|+11.828|0.004
2457630.761846|+11.828|0.004
2457630.762114|+11.827|0.004
2457630.762387|+11.832|0.004
2457630.762656|+11.819|0.004
2457630.762923|+11.817|0.005
2457630.763199|+11.813|0.005
2457630.763466|+11.813|0.005
2457630.764012|+11.818|0.005
2457630.764279|+11.816|0.005
2457630.765213|+11.798|0.005
2457630.765491|+11.797|0.005
2457630.765767|+11.805|0.005
2457630.766036|+11.804|0.005
2457630.766308|+11.804|0.005
2457630.766582|+11.801|0.005
2457630.766849|+11.809|0.005
2457630.767120|+11.817|0.005
2457630.767394|+11.797|0.005
2457630.767661|+11.797|0.004
2457630.767937|+11.799|0.005
2457630.768212|+11.808|0.005
2457630.768478|+11.794|0.004
2457630.769022|+11.795|0.004
2457630.769957|+11.788|0.004
2457630.770231|+11.797|0.004
2457630.770498|+11.792|0.004
2457630.770765|+11.781|0.004
2457630.771039|+11.778|0.004
2457630.771308|+11.777|0.004
2457630.771577|+11.800|0.004
2457630.771853|+11.770|0.004
2457630.772120|+11.790|0.004
2457630.772387|+11.799|0.004
2457630.772660|+11.784|0.004
2457630.772927|+11.778|0.004
2457630.773197|+11.779|0.004
2457630.773470|+11.759|0.004
2457630.773739|+11.768|0.004
2457630.776117|+11.765|0.004
2457630.776393|+11.742|0.004
2457630.776659|+11.749|0.004
2457630.776927|+11.755|0.004
2457630.777203|+11.752|0.004
2457630.777471|+11.744|0.004
2457630.778013|+11.743|0.004
2457630.778280|+11.741|0.004
2457630.778826|+11.742|0.004
2457630.779091|+11.725|0.004
2457630.779361|+11.735|0.004
2457630.779637|+11.713|0.004
2457630.779904|+11.718|0.004
2457630.780840|+11.712|0.004
2457630.781114|+11.719|0.004
2457630.781392|+11.714|0.004
2457630.781658|+11.716|0.004
2457630.781935|+11.707|0.004
2457630.782211|+11.700|0.004
2457630.782480|+11.709|0.004
2457630.782750|+11.699|0.004
2457630.783025|+11.686|0.004
2457630.783293|+11.683|0.004
2457630.783562|+11.687|0.004
2457630.783838|+11.688|0.004
2457630.784105|+11.683|0.004
2457630.784373|+11.674|0.004
2457630.784648|+11.671|0.004
2457630.785586|+11.662|0.004
2457630.785860|+11.655|0.004
2457630.786127|+11.660|0.004
2457630.786393|+11.647|0.004
2457630.786668|+11.648|0.004
2457630.786935|+11.651|0.004
2457630.787207|+11.640|0.004
2457630.787483|+11.647|0.004
2457630.787750|+11.631|0.004
2457630.788018|+11.638|0.004
2457630.788293|+11.644|0.004
2457630.788560|+11.622|0.004
2457630.788829|+11.621|0.004
2457630.789104|+11.624|0.004
2457630.789368|+11.615|0.004
2457630.790293|+11.597|0.004
2457630.790568|+11.610|0.004
2457630.790835|+11.619|0.004
2457630.791105|+11.612|0.004
2457630.791379|+11.622|0.004
2457630.791644|+11.608|0.004
2457630.791918|+11.616|0.004
2457630.792193|+11.620|0.004
2457630.792462|+11.591|0.004
2457630.792732|+11.593|0.004
2457630.793007|+11.601|0.004
2457630.793274|+11.591|0.004
2457630.793544|+11.598|0.004
2457630.793818|+11.597|0.005
2457630.794085|+11.593|0.004
2457630.795024|+11.591|0.004
2457630.795304|+11.579|0.004
2457630.795570|+11.577|0.004
2457630.795837|+11.571|0.004
2457630.796111|+11.575|0.004
2457630.796378|+11.573|0.004
2457630.796649|+11.576|0.004
2457630.796929|+11.579|0.004
2457630.797203|+11.572|0.004
2457630.797468|+11.571|0.004
2457630.797742|+11.566|0.004
2457630.798019|+11.567|0.004
2457630.798285|+11.574|0.004
2457630.798560|+11.579|0.004
2457630.798837|+11.565|0.004
2457630.799863|+11.555|0.004
2457630.800129|+11.540|0.004
2457630.800402|+11.546|0.004
2457630.800674|+11.524|0.004
2457630.800943|+11.538|0.004
2457630.801216|+11.537|0.004
2457630.801491|+11.538|0.004
2457630.801758|+11.551|0.004
2457630.802031|+11.532|0.004
2457630.802307|+11.532|0.004
2457630.802574|+11.525|0.004
2457630.802842|+11.529|0.004
2457630.803114|+11.542|0.004
2457630.803381|+11.536|0.004
2457630.803652|+11.537|0.004
2457630.804582|+11.520|0.004
2457630.804857|+11.526|0.004
2457630.805124|+11.540|0.004
2457630.805391|+11.515|0.004
2457630.805669|+11.510|0.004
2457630.805944|+11.531|0.004
2457630.806210|+11.529|0.004
2457630.806486|+11.518|0.004
2457630.806760|+11.516|0.004
2457630.807027|+11.506|0.004
2457630.807300|+11.510|0.004
2457630.807577|+11.514|0.004
2457630.807844|+11.511|0.004
2457630.808391|+11.505|0.004
2457630.809600|+11.521|0.004
2457630.809867|+11.511|0.004
2457630.810411|+11.507|0.004
2457630.810678|+11.517|0.004
2457630.810945|+11.502|0.004
2457630.811220|+11.522|0.004
2457630.811487|+11.504|0.004
2457630.811758|+11.502|0.004
2457630.812033|+11.507|0.004
2457630.812300|+11.501|0.004
2457630.812569|+11.507|0.004
2457630.812846|+11.501|0.004
2457630.813114|+11.514|0.004
2457630.814126|+11.517|0.004
2457630.814393|+11.521|0.004
2457630.814660|+11.512|0.004
2457630.814933|+11.525|0.004
2457630.815200|+11.511|0.004
2457630.815473|+11.515|0.004
2457630.815749|+11.520|0.004
2457630.816016|+11.523|0.004
2457630.816283|+11.510|0.004
2457630.816558|+11.513|0.004
2457630.816824|+11.503|0.004
2457630.817096|+11.515|0.004
2457630.817369|+11.513|0.004
2457630.817638|+11.520|0.004
2457630.817905|+11.509|0.004
2457630.820309|+11.524|0.004
2457630.820584|+11.525|0.004
2457630.820849|+11.524|0.004
2457630.821117|+11.526|0.004
2457630.821391|+11.531|0.004
2457630.821662|+11.532|0.004
2457630.821931|+11.513|0.004
2457630.822203|+11.541|0.004
2457630.822469|+11.519|0.004
2457630.822740|+11.525|0.004
2457630.823014|+11.513|0.004
2457630.823281|+11.532|0.004
2457630.823551|+11.528|0.004
2457630.823829|+11.527|0.004
2457630.824096|+11.531|0.004
2457630.825032|+11.541|0.004
2457630.825305|+11.534|0.004
2457630.825572|+11.524|0.004
2457630.825841|+11.544|0.004
2457630.826116|+11.546|0.004
2457630.826384|+11.537|0.004
2457630.826653|+11.542|0.004
2457630.826929|+11.545|0.004
2457630.827193|+11.538|0.004
2457630.827467|+11.550|0.004
2457630.827742|+11.555|0.004
2457630.828005|+11.551|0.004
2457630.828276|+11.541|0.004
2457630.828551|+11.539|0.004
2457630.828817|+11.564|0.004
2457630.829763|+11.562|0.004
2457630.830040|+11.555|0.004
2457630.830308|+11.568|0.004
2457630.831115|+11.559|0.004
2457630.831385|+11.572|0.004
2457630.831659|+11.569|0.004
2457630.831926|+11.560|0.004
2457631.639242|+11.805|0.006
2457631.639508|+11.793|0.006
2457631.639785|+11.802|0.006
2457631.640056|+11.800|0.006
2457631.640321|+11.803|0.006
2457631.640872|+11.798|0.006
2457631.641138|+11.805|0.006
2457631.641410|+11.803|0.006
2457631.641682|+11.787|0.006
2457631.641947|+11.787|0.006
2457631.642217|+11.798|0.006
2457631.642494|+11.784|0.006
2457631.642760|+11.802|0.006
2457631.643702|+11.792|0.005
2457631.643983|+11.785|0.005
2457631.644257|+11.783|0.005
2457631.644523|+11.786|0.005
2457631.644797|+11.777|0.005
2457631.645073|+11.768|0.005
2457631.645337|+11.772|0.006
2457631.645612|+11.766|0.005
2457631.645886|+11.772|0.005
2457631.646152|+11.767|0.005
2457631.646417|+11.780|0.005
2457631.646690|+11.756|0.006
2457631.646957|+11.777|0.005
2457631.647231|+11.794|0.005
2457631.647507|+11.779|0.005
2457631.648445|+11.761|0.005
2457631.648719|+11.752|0.005
2457631.648985|+11.784|0.005
2457631.649253|+11.753|0.005
2457631.649529|+11.733|0.005
2457631.649795|+11.743|0.005
2457631.650066|+11.737|0.005
2457631.650338|+11.747|0.005
2457631.650605|+11.731|0.005
2457631.650877|+11.746|0.005
2457631.651151|+11.738|0.005
2457631.651417|+11.758|0.005
2457631.651689|+11.754|0.005
2457631.651962|+11.740|0.005
2457631.652229|+11.752|0.005
2457631.653173|+11.745|0.005
2457631.653447|+11.758|0.005
2457631.653716|+11.730|0.005
2457631.653982|+11.734|0.005
2457631.654256|+11.726|0.005
2457631.654522|+11.713|0.005
2457631.654791|+11.716|0.005
2457631.655064|+11.702|0.005
2457631.655330|+11.705|0.005
2457631.655602|+11.707|0.005
2457631.655876|+11.710|0.005
2457631.656142|+11.698|0.005
2457631.656419|+11.720|0.005
2457631.656696|+11.701|0.005
2457631.656963|+11.715|0.005
2457631.658193|+11.688|0.005
2457631.658470|+11.701|0.005
2457631.658736|+11.678|0.005
2457631.659003|+11.680|0.005
2457631.659276|+11.670|0.005
2457631.659546|+11.685|0.005
2457631.659819|+11.674|0.005
2457631.660097|+11.668|0.005
2457631.660372|+11.674|0.005
2457631.660913|+11.668|0.005
2457631.661452|+11.665|0.005
2457631.661725|+11.658|0.005
2457631.662667|+11.632|0.005
2457631.662941|+11.654|0.005
2457631.663206|+11.660|0.005
2457631.663468|+11.658|0.005
2457631.663742|+11.628|0.005
2457631.664007|+11.649|0.005
2457631.664277|+11.658|0.005
2457631.664553|+11.619|0.005
2457631.664820|+11.629|0.005
2457631.665089|+11.627|0.005
2457631.665363|+11.620|0.005
2457631.665630|+11.620|0.005
2457631.665898|+11.610|0.005
2457631.666171|+11.627|0.005
2457631.666438|+11.612|0.005
2457631.667673|+11.580|0.005
2457631.667947|+11.591|0.005
2457631.668213|+11.591|0.005
2457631.668488|+11.595|0.005
2457631.668763|+11.603|0.005
2457631.669027|+11.596|0.005
2457631.669295|+11.609|0.005
2457631.669567|+11.600|0.005
2457631.669834|+11.601|0.005
2457631.670108|+11.575|0.005
2457631.670384|+11.581|0.005
2457631.670650|+11.590|0.005
2457631.670920|+11.567|0.005
2457631.671197|+11.568|0.005
2457631.672230|+11.553|0.005
2457631.672495|+11.551|0.005
2457631.672765|+11.548|0.005
2457631.673041|+11.562|0.005
2457631.673307|+11.538|0.005
2457631.673573|+11.536|0.005
2457631.673849|+11.550|0.005
2457631.674116|+11.576|0.005
2457631.674386|+11.554|0.005
2457631.674658|+11.561|0.005
2457631.674925|+11.549|0.005
2457631.675199|+11.533|0.005
2457631.675473|+11.552|0.005
2457631.675738|+11.539|0.005
2457631.676012|+11.542|0.005
2457631.677027|+11.525|0.005
2457631.677303|+11.535|0.005
2457631.677570|+11.543|0.005
2457631.677847|+11.525|0.005
2457631.678122|+11.528|0.005
2457631.678389|+11.514|0.005
2457631.678661|+11.524|0.005
2457631.678935|+11.522|0.005
2457631.679200|+11.512|0.005
2457631.679474|+11.516|0.005
2457631.683207|+11.509|0.005
2457631.683481|+11.489|0.005
2457631.683748|+11.483|0.005
2457631.684014|+11.489|0.005
2457631.684287|+11.484|0.005
2457631.684554|+11.510|0.005
2457631.684825|+11.503|0.005
2457631.685099|+11.504|0.005
2457631.685365|+11.492|0.005
2457631.685633|+11.515|0.005
2457631.685903|+11.500|0.005
2457631.686170|+11.495|0.005
2457631.686443|+11.489|0.005
2457631.686716|+11.494|0.005
2457631.686984|+11.486|0.005
2457631.687932|+11.489|0.005
2457631.688201|+11.486|0.005
2457631.688475|+11.489|0.005
2457631.688741|+11.479|0.005
2457631.689017|+11.480|0.005
2457631.689292|+11.476|0.005
2457631.689560|+11.489|0.005
2457631.689832|+11.484|0.005
2457631.690104|+11.488|0.005
2457631.690371|+11.489|0.005
2457631.690639|+11.484|0.005
2457631.690911|+11.499|0.005
2457631.691176|+11.502|0.005
2457631.691450|+11.491|0.005
2457631.691725|+11.495|0.005
2457631.692666|+11.474|0.005
2457631.692940|+11.490|0.005
2457631.693216|+11.486|0.005
2457631.693487|+11.488|0.005
2457631.693759|+11.495|0.005
2457631.694040|+11.487|0.005
2457631.694308|+11.491|0.005
2457631.694583|+11.498|0.005
2457631.694859|+11.487|0.005
2457631.695134|+11.485|0.005
2457631.695402|+11.490|0.005
2457631.695673|+11.493|0.005
2457631.695946|+11.482|0.005
2457631.696211|+11.491|0.005
2457631.696482|+11.496|0.005
2457631.697422|+11.504|0.005
2457631.697693|+11.486|0.005
2457631.697960|+11.482|0.005
2457631.698227|+11.499|0.005
2457631.698501|+11.500|0.005
2457631.698768|+11.504|0.005
2457631.699044|+11.489|0.005
2457631.699316|+11.481|0.005
2457631.699585|+11.489|0.005
2457631.699854|+11.509|0.005
2457631.700126|+11.509|0.005
2457631.700392|+11.511|0.005
2457631.700668|+11.494|0.005
2457631.700944|+11.515|0.005
2457631.701219|+11.498|0.005
2457631.703786|+11.501|0.005
2457631.704060|+11.507|0.005
2457631.704334|+11.523|0.005
2457631.704604|+11.526|0.005
2457631.704878|+11.531|0.005
2457631.705150|+11.506|0.005
2457631.705419|+11.520|0.005
2457631.705688|+11.519|0.005
2457631.705963|+11.518|0.005
2457631.706907|+11.535|0.005
2457631.707180|+11.535|0.005
2457631.707458|+11.548|0.005
2457631.707727|+11.551|0.005
2457631.707998|+11.530|0.005
2457631.708271|+11.533|0.005
2457631.708539|+11.541|0.005
2457631.708808|+11.544|0.005
2457631.709081|+11.531|0.005
2457631.709347|+11.543|0.005
2457631.709619|+11.532|0.005
2457631.709891|+11.526|0.005
2457631.710160|+11.539|0.005
2457631.710432|+11.544|0.005
2457631.710705|+11.542|0.005
2457631.711648|+11.536|0.005
2457631.711928|+11.539|0.005
2457631.712203|+11.563|0.005
2457631.712470|+11.567|0.005
2457631.712737|+11.580|0.005
2457631.713012|+11.581|0.005
2457631.713280|+11.565|0.005
2457631.713549|+11.573|0.005
2457631.713824|+11.573|0.005
2457631.714093|+11.560|0.005
2457631.714361|+11.594|0.005
2457631.714636|+11.581|0.005
2457631.714905|+11.588|0.005
2457631.715174|+11.567|0.005
2457631.715452|+11.572|0.005
2457631.716394|+11.592|0.005
2457631.716668|+11.599|0.005
2457631.716946|+11.594|0.005
2457631.717216|+11.581|0.005
2457631.717487|+11.605|0.005
2457631.717761|+11.615|0.005
2457631.718030|+11.617|0.005
2457631.718305|+11.626|0.005
2457631.718584|+11.619|0.005
2457631.718858|+11.599|0.005
2457631.719674|+11.620|0.005
2457631.719941|+11.621|0.005
2457631.721154|+11.627|0.005
2457631.721430|+11.630|0.005
2457631.721704|+11.654|0.005
2457631.721971|+11.649|0.005
2457631.722246|+11.639|0.005
2457631.722522|+11.661|0.005
2457631.722792|+11.659|0.005
2457631.723061|+11.660|0.005
2457631.723336|+11.666|0.005
2457631.723605|+11.661|0.005
2457631.723873|+11.645|0.005
2457631.724147|+11.651|0.005
2457631.724414|+11.661|0.005
2457631.724684|+11.654|0.005
2457631.724958|+11.656|0.005
2457631.727333|+11.694|0.005
2457631.727607|+11.693|0.005
2457631.727881|+11.698|0.005
2457631.728148|+11.683|0.005
2457631.728417|+11.707|0.005
2457631.728692|+11.702|0.005
2457631.728959|+11.707|0.005
2457631.729231|+11.712|0.005
2457631.729506|+11.701|0.005
2457631.729772|+11.710|0.005
2457631.730039|+11.713|0.005
2457631.730312|+11.699|0.005
2457631.730579|+11.700|0.005
2457631.730850|+11.728|0.005
2457631.731125|+11.713|0.005
2457631.732068|+11.723|0.005
2457631.732342|+11.730|0.005
2457631.732614|+11.740|0.005
2457631.732881|+11.749|0.005
2457631.733155|+11.748|0.005
2457631.733428|+11.746|0.005
2457631.733695|+11.738|0.005
2457631.733967|+11.757|0.005
2457631.734244|+11.753|0.005
2457631.734510|+11.763|0.005
2457631.734781|+11.740|0.005
2457631.735054|+11.746|0.005
2457631.735320|+11.745|0.005
2457631.735595|+11.754|0.005
2457631.735868|+11.754|0.005
2457631.736836|+11.759|0.005
2457631.737103|+11.764|0.005
2457631.737379|+11.754|0.005
2457631.737645|+11.760|0.005
2457631.737913|+11.765|0.005
2457631.738187|+11.754|0.005
2457631.738455|+11.754|0.005
2457631.738724|+11.770|0.005
2457631.738999|+11.770|0.005
2457631.739265|+11.770|0.005
2457631.739535|+11.780|0.005
2457631.739810|+11.776|0.005
2457631.740079|+11.786|0.005
2457631.740348|+11.785|0.005
2457631.740623|+11.788|0.005
2457631.741561|+11.783|0.005
2457631.741831|+11.786|0.005
2457631.742106|+11.793|0.005
2457631.742374|+11.783|0.005
2457631.742650|+11.783|0.005
2457631.742928|+11.787|0.005
2457631.743202|+11.795|0.005
2457631.743472|+11.806|0.005
2457631.743745|+11.795|0.005
2457631.744012|+11.789|0.005
2457631.744279|+11.794|0.005
2457631.744556|+11.784|0.005
2457631.744825|+11.795|0.005
2457631.745094|+11.795|0.005
2457631.745372|+11.793|0.005
2457631.746397|+11.805|0.005
2457631.746679|+11.795|0.005
2457631.746944|+11.813|0.005
2457631.747217|+11.811|0.005
2457631.747492|+11.799|0.005
2457631.747761|+11.813|0.005
2457631.748303|+11.806|0.005
2457631.748572|+11.797|0.005
2457631.749113|+11.792|0.005
2457631.749380|+11.805|0.005
2457631.749662|+11.822|0.005
2457631.749936|+11.803|0.005
2457631.750214|+11.798|0.005
2457631.751331|+11.827|0.005
2457631.751607|+11.819|0.005
2457631.751875|+11.831|0.005
2457631.752149|+11.825|0.005
2457631.752422|+11.819|0.005
2457631.752689|+11.811|0.005
2457631.752967|+11.811|0.005
2457631.753244|+11.819|0.005
2457631.753509|+11.815|0.005
2457631.753775|+11.831|0.005
2457631.754053|+11.826|0.005
2457631.754320|+11.803|0.005
2457631.754587|+11.812|0.005
2457631.754864|+11.825|0.005
2457631.755133|+11.821|0.005
2457631.756084|+11.819|0.005
2457631.756354|+11.809|0.005
2457631.756894|+11.806|0.005
2457631.757166|+11.798|0.005
2457631.757440|+11.794|0.005
2457631.757709|+11.806|0.005
2457631.757976|+11.819|0.005
2457631.758250|+11.802|0.005
2457631.758517|+11.785|0.005
2457631.758788|+11.795|0.005
2457631.759064|+11.800|0.005
2457631.759328|+11.821|0.005
2457631.759600|+11.810|0.005
2457631.759875|+11.804|0.005
2457631.760825|+11.798|0.005
2457631.761098|+11.802|0.005
2457631.761371|+11.791|0.005
2457631.761642|+11.785|0.005
2457631.761909|+11.788|0.005
2457631.762184|+11.802|0.005
2457631.762450|+11.792|0.005
2457631.762722|+11.785|0.005
2457631.762999|+11.772|0.005
2457631.763278|+11.773|0.005
2457631.763545|+11.775|0.005
2457631.763820|+11.775|0.005
2457631.764095|+11.773|0.005
2457631.764365|+11.777|0.005
2457631.764637|+11.763|0.005
2457631.765580|+11.758|0.005
2457631.765856|+11.757|0.005
2457631.766130|+11.762|0.005
2457631.766399|+11.758|0.005
2457631.766675|+11.752|0.005
2457631.766950|+11.751|0.005
2457631.767217|+11.754|0.005
2457631.767492|+11.755|0.005
2457631.767763|+11.765|0.005
2457631.768295|+11.747|0.005
2457631.768568|+11.743|0.005
2457631.768836|+11.737|0.005
2457631.769109|+11.728|0.005
2457631.769382|+11.734|0.005
2457631.771739|+11.715|0.005
2457631.772013|+11.714|0.005
2457631.772286|+11.716|0.005
2457631.772551|+11.695|0.005
2457631.772824|+11.693|0.005
2457631.773101|+11.697|0.005
2457631.773368|+11.694|0.005
2457631.773641|+11.692|0.005
2457631.773915|+11.686|0.005
2457631.774182|+11.670|0.005
2457631.774454|+11.666|0.005
2457631.774729|+11.674|0.005
2457631.774996|+11.665|0.005
2457631.775267|+11.679|0.005
2457631.775542|+11.684|0.005
2457631.776479|+11.662|0.005
2457631.776751|+11.651|0.005
2457631.777017|+11.662|0.005
2457631.777284|+11.651|0.005
2457631.777559|+11.647|0.005
2457631.777825|+11.648|0.005
2457631.778092|+11.650|0.005
2457631.778365|+11.648|0.005
2457631.778632|+11.651|0.005
2457631.778908|+11.646|0.005
2457631.779182|+11.650|0.005
2457631.779449|+11.645|0.005
2457631.779715|+11.633|0.005
2457631.779989|+11.629|0.005
2457631.780256|+11.615|0.005
2457631.781202|+11.628|0.005
2457631.781475|+11.613|0.005
2457631.781750|+11.622|0.005
2457631.782019|+11.618|0.005
2457631.782295|+11.618|0.005
2457631.782572|+11.613|0.005
2457631.782838|+11.607|0.005
2457631.783107|+11.602|0.005
2457631.783379|+11.605|0.005
2457631.783647|+11.603|0.005
2457631.783918|+11.599|0.005
2457631.784191|+11.593|0.005
2457631.784460|+11.584|0.005
2457631.784728|+11.597|0.005
2457631.785003|+11.608|0.005
2457631.785944|+11.592|0.005
2457631.786218|+11.587|0.005
2457631.786484|+11.593|0.005
2457631.786751|+11.589|0.005
2457631.787023|+11.578|0.005
2457631.787290|+11.577|0.005
2457631.787559|+11.580|0.005
2457631.787834|+11.574|0.005
2457631.788101|+11.568|0.005
2457631.788375|+11.572|0.005
2457631.788650|+11.568|0.005
2457631.788917|+11.568|0.005
2457631.789184|+11.565|0.005
2457631.789460|+11.559|0.005
2457631.789727|+11.568|0.005
2457631.790747|+11.559|0.005
2457631.791279|+11.556|0.005
2457631.791555|+11.560|0.005
2457631.791825|+11.548|0.005
2457631.792091|+11.554|0.005
2457631.792368|+11.538|0.005
2457631.792633|+11.540|0.005
2457631.792903|+11.534|0.005
2457631.793177|+11.545|0.005
2457631.793445|+11.532|0.005
2457631.793714|+11.528|0.005
2457631.793987|+11.527|0.005
2457631.794254|+11.531|0.005
2457631.794524|+11.523|0.005
2457631.795633|+11.532|0.005
2457631.795900|+11.538|0.005
2457631.796167|+11.539|0.005
2457631.796720|+11.541|0.005
2457631.796987|+11.545|0.005
2457631.797257|+11.546|0.005
2457631.797522|+11.535|0.005
2457631.797789|+11.526|0.005
2457631.798065|+11.520|0.005
2457631.798330|+11.526|0.005
2457631.798600|+11.535|0.005
2457631.798872|+11.523|0.005
2457631.799141|+11.537|0.005
2457631.799409|+11.531|0.005
2457631.800353|+11.530|0.005
2457631.800624|+11.519|0.005
2457631.800899|+11.520|0.005
2457631.801165|+11.521|0.005
2457631.801439|+11.516|0.005
2457631.801712|+11.523|0.005
2457631.801980|+11.531|0.005
2457631.802265|+11.535|0.005
2457631.802539|+11.531|0.005
2457631.802814|+11.530|0.005
2457631.803080|+11.521|0.005
2457631.803355|+11.516|0.005
2457631.803628|+11.514|0.005
2457631.803895|+11.519|0.005
2457631.804168|+11.526|0.005
2457631.805113|+11.523|0.005
2457631.805385|+11.522|0.005
2457631.805664|+11.519|0.005
2457631.805932|+11.528|0.005
2457631.806205|+11.520|0.005
2457631.806478|+11.523|0.005
2457631.806745|+11.528|0.005
2457631.807015|+11.521|0.005
2457631.807288|+11.528|0.005
2457631.807555|+11.528|0.005
2457631.807830|+11.534|0.005
2457631.808104|+11.527|0.005
2457631.808374|+11.516|0.005
2457631.808639|+11.527|0.005
2457631.808912|+11.527|0.005
2457631.809851|+11.517|0.005
2457631.810124|+11.518|0.005
2457631.810405|+11.536|0.005
2457631.810672|+11.542|0.005
2457631.810946|+11.538|0.005
2457631.811218|+11.516|0.005
2457631.811488|+11.517|0.005
2457631.811756|+11.527|0.005
2457631.812033|+11.526|0.005
2457631.812301|+11.530|0.005
2457631.812569|+11.524|0.005
2457631.812841|+11.523|0.005
2457631.813108|+11.525|0.005
2457631.813383|+11.549|0.005
2457631.813659|+11.546|0.005
2457631.816022|+11.543|0.005
2457631.816295|+11.548|0.005
2457631.816571|+11.538|0.005
2457631.816838|+11.543|0.005
2457631.817109|+11.548|0.005
2457631.817386|+11.544|0.005
2457631.817651|+11.549|0.005
2457631.817925|+11.558|0.005
2457631.818202|+11.555|0.005
2457631.818737|+11.566|0.005
2457631.819012|+11.567|0.005
2457631.819279|+11.569|0.005
2457631.819547|+11.569|0.005
2457631.819822|+11.555|0.005
2457631.820763|+11.566|0.005
2457631.821037|+11.581|0.005
2457631.821312|+11.567|0.005
2457631.821578|+11.564|0.005
2457631.821852|+11.570|0.005
2457631.822127|+11.568|0.005
2457631.822394|+11.573|0.005
2457631.822666|+11.576|0.005
2457631.822939|+11.572|0.005
2457631.823206|+11.591|0.005
2457631.823476|+11.597|0.005
2457631.823749|+11.596|0.005
2457631.824014|+11.595|0.005
2457631.824285|+11.589|0.005
2457631.824560|+11.583|0.005
2457631.825498|+11.592|0.005
2457631.825770|+11.585|0.005
2457631.826034|+11.592|0.005
2457631.826302|+11.604|0.005
2457631.826581|+11.598|0.005
2457631.826849|+11.602|0.005
2457631.827116|+11.604|0.005
2457631.827391|+11.601|0.005
2457631.827657|+11.610|0.005
2457631.827927|+11.599|0.005
2457631.828203|+11.603|0.005
2457631.828468|+11.611|0.005
2457631.828737|+11.604|0.005
2457631.829011|+11.628|0.005
2457631.829278|+11.632|0.005
2457631.830227|+11.634|0.005
2457631.830501|+11.627|0.005
2457631.830774|+11.638|0.005
2457631.831589|+11.640|0.005
2457631.831854|+11.638|0.005
2457631.832129|+11.637|0.005
2457631.832403|+11.649|0.005
2457631.832670|+11.638|0.005