wavelength,flux,e_flux
2202.419189,7.487737293e-15,7.487737293e-15
2205.126465,-9.07025824e-15,-9.07025824e-15
2207.837646,-1.444463911e-14,-1.444463911e-14
2210.553223,1.642655413e-15,1.642655413e-15
2213.272705,5.800324593e-15,5.800324593e-15
2215.996338,-1.975127127e-15,-1.975127127e-15
2218.723877,-1.019391694e-14,-1.019391694e-14
2221.455566,-1.517968664e-14,-1.517968664e-14
2224.191162,-1.023669621e-14,-1.023669621e-14
2226.930908,3.242927897e-15,3.242927897e-15
2229.674561,7.013902454e-15,7.013902454e-15
2232.422363,-5.039363354e-15,-5.039363354e-15
2235.174072,-1.601387796e-15,-1.601387796e-15
2237.929688,4.397815905e-15,4.397815905e-15
2240.689453,6.045047336e-15,6.045047336e-15
2243.452881,1.561407695e-14,1.561407695e-14
2246.220459,1.762924792e-14,1.762924792e-14
2248.992188,2.02266977e-14,2.02266977e-14
2251.767578,1.906446642e-14,1.906446642e-14
2254.547119,1.153623687e-14,1.153623687e-14
2257.330322,6.79246559e-15,6.79246559e-15
2260.117676,1.057916138e-14,1.057916138e-14
2262.908936,1.484097447e-14,1.484097447e-14
2265.703857,2.153414297e-14,2.153414297e-14
2268.50293,2.95425261e-14,2.95425261e-14
2271.305908,2.609267735e-14,2.609267735e-14
2274.112549,2.184646839e-14,2.184646839e-14
2276.923096,2.406152222e-14,2.406152222e-14
2279.737549,2.550939312e-14,2.550939312e-14
2282.555908,2.412515729e-14,2.412515729e-14
2285.378174,1.960218478e-14,1.960218478e-14
2288.204102,1.144824858e-14,1.144824858e-14
2291.033936,9.026660225e-15,9.026660225e-15
2293.867676,3.981636849e-15,3.981636849e-15
2296.705078,-1.675599827e-15,-1.675599827e-15
2299.546387,1.739883992e-15,1.739883992e-15
2302.391357,3.181086484e-16,3.181086484e-16
2305.240234,1.653086974e-14,1.653086974e-14
2308.092773,1.733672515e-14,1.733672515e-14
2310.949219,2.03274065e-14,2.03274065e-14
2313.809326,2.234673572e-14,2.234673572e-14
2316.673096,2.418986511e-14,2.418986511e-14
2319.540771,2.500134524e-14,2.500134524e-14
2322.412109,2.026012833e-14,2.026012833e-14
2325.287109,1.821231538e-14,1.821231538e-14
2328.166016,3.691482759e-14,3.691482759e-14
2331.048584,2.90162574e-14,2.90162574e-14
2333.934814,2.603999174e-14,2.603999174e-14
2336.824707,2.68092573e-14,2.68092573e-14
2339.718262,2.625086054e-14,2.625086054e-14
2342.615479,2.219381764e-14,2.219381764e-14
2345.516602,1.740195823e-14,1.740195823e-14
2348.421143,1.686737375e-14,1.686737375e-14
2351.329346,2.574504848e-14,2.574504848e-14
2354.241211,3.0235253e-14,3.0235253e-14
2357.156738,3.029865945e-14,3.029865945e-14
2360.075928,2.751660138e-14,2.751660138e-14
2362.998779,2.468857734e-14,2.468857734e-14
2365.925293,3.18772618e-14,3.18772618e-14
2368.855225,4.320306943e-14,4.320306943e-14
2371.788818,4.858641735e-14,4.858641735e-14
2374.726074,5.054617261e-14,5.054617261e-14
2377.666748,3.995763226e-14,3.995763226e-14
2380.611084,3.773861995e-14,3.773861995e-14
2383.559082,3.450758312e-14,3.450758312e-14
2386.510498,2.602614713e-14,2.602614713e-14
2389.465576,2.778711858e-14,2.778711858e-14
2392.424072,3.574135312e-14,3.574135312e-14
2395.385986,3.226442554e-14,3.226442554e-14
2398.351807,3.303439657e-14,3.303439657e-14
2401.320801,4.544343781e-14,4.544343781e-14
2404.293457,5.057083674e-14,5.057083674e-14
2407.269531,5.424047911e-14,5.424047911e-14
2410.249268,6.096752197e-14,6.096752197e-14
2413.232178,6.133279976e-14,6.133279976e-14
2416.21875,6.681860893e-14,6.681860893e-14
2419.208984,5.593196693e-14,5.593196693e-14
2422.202393,5.463823826e-14,5.463823826e-14
2425.199463,6.016713763e-14,6.016713763e-14
2428.199707,5.332443968e-14,5.332443968e-14
2431.203613,5.164275442e-14,5.164275442e-14
2434.210938,4.811044853e-14,4.811044853e-14
2437.22168,5.275381818e-14,5.275381818e-14
2440.235596,5.291905872e-14,5.291905872e-14
2443.253174,4.801381316e-14,4.801381316e-14
2446.27417,4.151245278e-14,4.151245278e-14
2449.29834,4.560323006e-14,4.560323006e-14
2452.325928,4.672117569e-14,4.672117569e-14
2455.357178,4.736309931e-14,4.736309931e-14
2458.391602,5.002283084e-14,5.002283084e-14
2461.429199,4.872851345e-14,4.872851345e-14
2464.470459,4.617156082e-14,4.617156082e-14
2467.514893,4.905255808e-14,4.905255808e-14
2470.562744,5.016890454e-14,5.016890454e-14
2473.61377,4.780541584e-14,4.780541584e-14
2476.668213,5.641742338e-14,5.641742338e-14
2479.72583,5.169729322e-14,5.169729322e-14
2482.787109,4.288331222e-14,4.288331222e-14
2485.851318,4.567957924e-14,4.567957924e-14
2488.918945,5.108735725e-14,5.108735725e-14
2491.98999,4.640791758e-14,4.640791758e-14
2495.064209,4.175705232e-14,4.175705232e-14
2498.141602,4.917791631e-14,4.917791631e-14
2501.222168,5.640139192e-14,5.640139192e-14
2504.306152,5.911926583e-14,5.911926583e-14
2507.393311,6.173991826e-14,6.173991826e-14
2510.483887,6.587874105e-14,6.587874105e-14
2513.577637,6.954602971e-14,6.954602971e-14
2516.674316,6.750036363e-14,6.750036363e-14
2519.774414,6.571547817e-14,6.571547817e-14
2522.87793,6.75948972e-14,6.75948972e-14
2525.984375,7.182117435e-14,7.182117435e-14
2529.093994,7.799541517e-14,7.799541517e-14
2532.206787,7.89256244e-14,7.89256244e-14
2535.322998,7.501808015e-14,7.501808015e-14
2538.442139,6.826081016e-14,6.826081016e-14
2541.564453,6.904229234e-14,6.904229234e-14
2544.689941,7.553830629e-14,7.553830629e-14
2547.818604,7.709105549e-14,7.709105549e-14
2550.950439,7.522579643e-14,7.522579643e-14
2554.085449,7.616199819e-14,7.616199819e-14
2557.223389,7.59031093e-14,7.59031093e-14
2560.364502,7.315165226e-14,7.315165226e-14
2563.508789,7.258099513e-14,7.258099513e-14
2566.65625,7.379706887e-14,7.379706887e-14
2569.806641,7.244552738e-14,7.244552738e-14
2572.960205,7.352289865e-14,7.352289865e-14
2576.116699,7.62336826e-14,7.62336826e-14
2579.276367,7.797118028e-14,7.797118028e-14
2582.439209,7.096943279e-14,7.096943279e-14
2585.60498,6.909376993e-14,6.909376993e-14
2588.773682,6.978217513e-14,6.978217513e-14
2591.945557,7.136342573e-14,7.136342573e-14
2595.120605,6.961175428e-14,6.961175428e-14
2598.298584,6.624709292e-14,6.624709292e-14
2601.479492,4.970999455e-14,4.970999455e-14
2604.66333,5.022889367e-14,5.022889367e-14
2607.850342,5.637872149e-14,5.637872149e-14
2611.040283,5.247125229e-14,5.247125229e-14
2614.233154,5.074727499e-14,5.074727499e-14
2617.429199,4.902871983e-14,4.902871983e-14
2620.62793,4.597681625e-14,4.597681625e-14
2623.829834,4.664828563e-14,4.664828563e-14
2627.034668,4.617415217e-14,4.617415217e-14
2630.242432,4.838553834e-14,4.838553834e-14
2633.453125,4.985590181e-14,4.985590181e-14
2636.666748,5.412147015e-14,5.412147015e-14
2639.883301,5.427907646e-14,5.427907646e-14
2643.102783,5.186251995e-14,5.186251995e-14
2646.325195,5.505634555e-14,5.505634555e-14
2649.550537,5.608851377e-14,5.608851377e-14
2652.778809,5.642119723e-14,5.642119723e-14
2656.01001,5.484847044e-14,5.484847044e-14
2659.243896,5.329606764e-14,5.329606764e-14
2662.480713,5.454499891e-14,5.454499891e-14
2665.720459,5.604421729e-14,5.604421729e-14
2668.963135,5.738222207e-14,5.738222207e-14
2672.208496,5.949307891e-14,5.949307891e-14
2675.456787,6.135740555e-14,6.135740555e-14
2678.708008,6.206598904e-14,6.206598904e-14
2681.962158,6.449441889e-14,6.449441889e-14
2685.21875,6.543539209e-14,6.543539209e-14
2688.478516,6.724972191e-14,6.724972191e-14
2691.740967,7.213564595e-14,7.213564595e-14
2695.006104,7.544930986e-14,7.544930986e-14
2698.27417,7.386076633e-14,7.386076633e-14
2701.545166,7.911686789e-14,7.911686789e-14
2704.818848,8.324688294e-14,8.324688294e-14
2708.095215,8.421213151e-14,8.421213151e-14
2711.374268,8.244374841e-14,8.244374841e-14
2714.65625,8.616393708e-14,8.616393708e-14
2717.940918,9.154388928e-14,9.154388928e-14
2721.228516,9.869811905e-14,9.869811905e-14
2724.518799,1.028333108e-13,1.028333108e-13
2727.811523,1.040280048e-13,1.040280048e-13
2731.107178,1.072632718e-13,1.072632718e-13
2734.405762,1.1275996e-13,1.1275996e-13
2737.706787,1.114789428e-13,1.114789428e-13
2741.010498,1.110794368e-13,1.110794368e-13
2744.317139,1.176417364e-13,1.176417364e-13
2747.626221,1.267714999e-13,1.267714999e-13
2750.938232,1.370544472e-13,1.370544472e-13
2754.252686,1.4261147e-13,1.4261147e-13
2757.570068,1.402713754e-13,1.402713754e-13
2760.889893,1.427031359e-13,1.427031359e-13
2764.212646,1.472144663e-13,1.472144663e-13
2767.537842,1.475194486e-13,1.475194486e-13
2770.865723,1.4823171e-13,1.4823171e-13
2774.196045,1.447171933e-13,1.447171933e-13
2777.529297,1.444009928e-13,1.444009928e-13
2780.86499,1.452830253e-13,1.452830253e-13
2784.203369,1.435093244e-13,1.435093244e-13
2787.544434,1.414364518e-13,1.414364518e-13
2790.888184,1.414429137e-13,1.414429137e-13
2794.234375,1.379645758e-13,1.379645758e-13
2797.583008,1.342195818e-13,1.342195818e-13
2800.93457,1.334522669e-13,1.334522669e-13
2804.28833,1.347614997e-13,1.347614997e-13
2807.64502,1.338595442e-13,1.338595442e-13
2811.00415,1.361843822e-13,1.361843822e-13
2814.365723,1.385497663e-13,1.385497663e-13
2817.72998,1.392682416e-13,1.392682416e-13
2821.09668,1.450121784e-13,1.450121784e-13
2824.466064,1.521744116e-13,1.521744116e-13
2827.837891,1.570106552e-13,1.570106552e-13
2831.212158,1.642451566e-13,1.642451566e-13
2834.588867,1.70268802e-13,1.70268802e-13
2837.968262,1.722103452e-13,1.722103452e-13
2841.350342,1.691145829e-13,1.691145829e-13
2844.734619,1.66384665e-13,1.66384665e-13
2848.121338,1.739196147e-13,1.739196147e-13
2851.510742,1.790800988e-13,1.790800988e-13
2854.902588,1.827148653e-13,1.827148653e-13
2858.296875,1.862778477e-13,1.862778477e-13
2861.693604,1.895966105e-13,1.895966105e-13
2865.092773,1.961326097e-13,1.961326097e-13
2868.494629,2.083524608e-13,2.083524608e-13
2871.898682,2.126406716e-13,2.126406716e-13
2875.305176,2.153544909e-13,2.153544909e-13
2878.714111,2.204544069e-13,2.204544069e-13
2882.125488,2.259840967e-13,2.259840967e-13
2885.539307,2.447674777e-13,2.447674777e-13
2888.955566,2.554703394e-13,2.554703394e-13
2892.374268,2.692282067e-13,2.692282067e-13
2895.79541,2.7233272e-13,2.7233272e-13
2899.21875,2.826963045e-13,2.826963045e-13
2902.644531,3.015610372e-13,3.015610372e-13
2906.072754,3.070663614e-13,3.070663614e-13
2909.503418,3.056579667e-13,3.056579667e-13
2912.936279,3.115323004e-13,3.115323004e-13
2916.371582,3.223256897e-13,3.223256897e-13
2919.809082,3.329740532e-13,3.329740532e-13
2923.249268,3.465827553e-13,3.465827553e-13
2926.691406,3.562867074e-13,3.562867074e-13
2930.13623,3.617755348e-13,3.617755348e-13
2933.583008,3.618638254e-13,3.618638254e-13
2937.032471,3.565394489e-13,3.565394489e-13
2940.484131,3.613094147e-13,3.613094147e-13
2943.937988,3.753610849e-13,3.753610849e-13
2947.394287,3.819738372e-13,3.819738372e-13
2950.852783,3.901353944e-13,3.901353944e-13
2954.313477,3.91949914e-13,3.91949914e-13
2957.776611,3.843804227e-13,3.843804227e-13
2961.241943,3.822437514e-13,3.822437514e-13
2964.709717,4.040294371e-13,4.040294371e-13
2968.179688,4.218052458e-13,4.218052458e-13
2971.651855,3.998040173e-13,3.998040173e-13
2975.126221,3.793624675e-13,3.793624675e-13
2978.602783,3.662614479e-13,3.662614479e-13
2982.081787,3.725292461e-13,3.725292461e-13
2985.562744,3.793291929e-13,3.793291929e-13
2989.046143,3.835048838e-13,3.835048838e-13
2992.531738,3.857491666e-13,3.857491666e-13
2996.019531,3.765003491e-13,3.765003491e-13
2999.509521,3.667662786e-13,3.667662786e-13
3003.001709,3.621428513e-13,3.621428513e-13
3006.496094,3.575139087e-13,3.575139087e-13
3009.992676,3.430402891e-13,3.430402891e-13
3013.491455,3.248843582e-13,3.248843582e-13
3016.992432,3.102056534e-13,3.102056534e-13
3020.495605,3.002128221e-13,3.002128221e-13
3024.000732,2.989778846e-13,2.989778846e-13
3027.508301,3.006782429e-13,3.006782429e-13
3031.017822,3.085613836e-13,3.085613836e-13
3034.529541,3.045143525e-13,3.045143525e-13
3038.043457,2.964649433e-13,2.964649433e-13
3041.559326,3.013562384e-13,3.013562384e-13
3045.077637,3.102989112e-13,3.102989112e-13
3048.597656,3.196893183e-13,3.196893183e-13
3052.120117,3.260857934e-13,3.260857934e-13
3055.644531,3.286428152e-13,3.286428152e-13
3059.171143,3.268952325e-13,3.268952325e-13
3062.699951,3.225258289e-13,3.225258289e-13
3066.230469,3.294613092e-13,3.294613092e-13
3069.763428,3.368258981e-13,3.368258981e-13
3073.29834,3.371556762e-13,3.371556762e-13
3076.835449,3.237949771e-13,3.237949771e-13
3080.374268,3.08249359e-13,3.08249359e-13
3083.915527,3.095474431e-13,3.095474431e-13
3087.45874,3.219244641e-13,3.219244641e-13
3091.003906,3.341907344e-13,3.341907344e-13
3094.55127,3.422538012e-13,3.422538012e-13
3098.100342,3.460815008e-13,3.460815008e-13
3101.651855,3.45879117e-13,3.45879117e-13
3105.205078,3.533043419e-13,3.533043419e-13
3108.760498,3.667366261e-13,3.667366261e-13
3112.317871,3.68790754e-13,3.68790754e-13
3115.877197,3.634066763e-13,3.634066763e-13
3119.438721,3.557844798e-13,3.557844798e-13
3123.001953,3.571376991e-13,3.571376991e-13
3126.567383,3.739617671e-13,3.739617671e-13
3130.134766,3.976183056e-13,3.976183056e-13
3133.704102,4.188447066e-13,4.188447066e-13
3137.275391,4.297050502e-13,4.297050502e-13
3140.848633,4.254294494e-13,4.254294494e-13
3144.423828,4.242337831e-13,4.242337831e-13
3148.000977,4.331412923e-13,4.331412923e-13
3151.580078,4.439019923e-13,4.439019923e-13
3155.161133,4.54901978e-13,4.54901978e-13
3158.744141,4.660662641e-13,4.660662641e-13
3162.329102,4.6683719e-13,4.6683719e-13
3165.916016,4.684441559e-13,4.684441559e-13
3169.504883,4.823540695e-13,4.823540695e-13
3173.095459,4.913357887e-13,4.913357887e-13
3176.687988,4.906146887e-13,4.906146887e-13
3180.282715,4.765533348e-13,4.765533348e-13
3183.878906,4.642124198e-13,4.642124198e-13
3187.477295,4.601245518e-13,4.601245518e-13
3191.077393,4.584073338e-13,4.584073338e-13
3194.679443,4.540372783e-13,4.540372783e-13
3198.283447,4.523342806e-13,4.523342806e-13
3201.88916,4.691366088e-13,4.691366088e-13
3205.496826,4.754541057e-13,4.754541057e-13
3209.106445,4.765982671e-13,4.765982671e-13
3212.717773,4.622554308e-13,4.622554308e-13
3216.330811,4.490518016e-13,4.490518016e-13
3219.945801,4.365113914e-13,4.365113914e-13
3223.562744,4.216518541e-13,4.216518541e-13
3227.181396,4.148071531e-13,4.148071531e-13
3230.802002,4.034716936e-13,4.034716936e-13
3234.424316,3.936436148e-13,3.936436148e-13
3238.048584,3.836295309e-13,3.836295309e-13
3241.674316,3.79579245e-13,3.79579245e-13
3245.302246,3.686836593e-13,3.686836593e-13
3248.931641,3.552756311e-13,3.552756311e-13
3252.562988,3.520770996e-13,3.520770996e-13
3256.196045,3.50984978e-13,3.50984978e-13
3259.831055,3.44466958e-13,3.44466958e-13
3263.467773,3.364665243e-13,3.364665243e-13
3267.106201,3.307716108e-13,3.307716108e-13
3270.746338,3.241890614e-13,3.241890614e-13
3274.388184,3.284923921e-13,3.284923921e-13
3278.031982,3.443564385e-13,3.443564385e-13
3281.67749,3.442232591e-13,3.442232591e-13
3285.324463,3.300678895e-13,3.300678895e-13
3288.973389,3.210618638e-13,3.210618638e-13
3292.624023,3.222480491e-13,3.222480491e-13
3296.276367,3.259363046e-13,3.259363046e-13
3299.930664,3.304364982e-13,3.304364982e-13
3303.586426,3.352144275e-13,3.352144275e-13
3307.243896,3.34098567e-13,3.34098567e-13
3310.903076,3.44745189e-13,3.44745189e-13
3314.563965,3.641312118e-13,3.641312118e-13
3318.226562,3.731895072e-13,3.731895072e-13
3321.890869,3.745673529e-13,3.745673529e-13
3325.556641,3.682970318e-13,3.682970318e-13
3329.224365,3.66123611e-13,3.66123611e-13
3332.893555,3.755971389e-13,3.755971389e-13
3336.564453,3.892384821e-13,3.892384821e-13
3340.237061,4.124384196e-13,4.124384196e-13
3343.911377,4.375513855e-13,4.375513855e-13
3347.587402,4.453374067e-13,4.453374067e-13
3351.264893,4.381138232e-13,4.381138232e-13
3354.944092,4.393936737e-13,4.393936737e-13
3358.624756,4.412358139e-13,4.412358139e-13
3362.307373,4.321872556e-13,4.321872556e-13
3365.991211,4.312631214e-13,4.312631214e-13
3369.677002,4.300512889e-13,4.300512889e-13
3373.364258,4.269402559e-13,4.269402559e-13
3377.053223,4.247704005e-13,4.247704005e-13
3380.743652,4.250790279e-13,4.250790279e-13
3384.435791,4.307065284e-13,4.307065284e-13
3388.129395,4.270203785e-13,4.270203785e-13
3391.824707,4.083651357e-13,4.083651357e-13
3395.521484,3.881965107e-13,3.881965107e-13
3399.219971,3.814478147e-13,3.814478147e-13
3402.919922,3.858699017e-13,3.858699017e-13
3406.621338,4.007198495e-13,4.007198495e-13
3410.324463,4.159860571e-13,4.159860571e-13
3414.029053,4.199652232e-13,4.199652232e-13
3417.735352,4.306697361e-13,4.306697361e-13
3421.443115,4.457175759e-13,4.457175759e-13
3425.152344,4.512672358e-13,4.512672358e-13
3428.863037,4.405968963e-13,4.405968963e-13
3432.575439,4.204342689e-13,4.204342689e-13
3436.289307,4.100868337e-13,4.100868337e-13
3440.004639,4.076982874e-13,4.076982874e-13
3443.72168,4.113178632e-13,4.113178632e-13
3447.439941,4.305374245e-13,4.305374245e-13
3451.159912,4.621802241e-13,4.621802241e-13
3454.881348,4.740471055e-13,4.740471055e-13
3458.604248,4.746450566e-13,4.746450566e-13
3462.328613,4.821012163e-13,4.821012163e-13
3466.054443,4.861067342e-13,4.861067342e-13
3469.781738,4.888810066e-13,4.888810066e-13
3473.510498,4.849018398e-13,4.849018398e-13
3477.240723,4.77692801e-13,4.77692801e-13
3480.972412,4.65799437e-13,4.65799437e-13
3484.705811,4.565171701e-13,4.565171701e-13
3488.44043,4.730969658e-13,4.730969658e-13
3492.176514,4.849858718e-13,4.849858718e-13
3495.914062,4.6477323e-13,4.6477323e-13
3499.652832,4.545835645e-13,4.545835645e-13
3503.393311,4.516185581e-13,4.516185581e-13
3507.135254,4.578023553e-13,4.578023553e-13
3510.878418,4.680573093e-13,4.680573093e-13
3514.623047,4.909660567e-13,4.909660567e-13
3518.369141,4.948304733e-13,4.948304733e-13
3522.116699,4.856054533e-13,4.856054533e-13
3525.865479,5.026300227e-13,5.026300227e-13
3529.615723,5.391243145e-13,5.391243145e-13
3533.367432,5.387541213e-13,5.387541213e-13
3537.120605,4.96370571e-13,4.96370571e-13
3540.875,4.663153007e-13,4.663153007e-13
3544.630859,4.538470185e-13,4.538470185e-13
3548.387939,4.356350578e-13,4.356350578e-13
3552.146484,4.481423947e-13,4.481423947e-13
3555.906494,4.68114458e-13,4.68114458e-13
3559.667725,4.809059957e-13,4.809059957e-13
3563.43042,4.783225894e-13,4.783225894e-13
3567.19458,4.901406818e-13,4.901406818e-13
3570.959717,5.21840936e-13,5.21840936e-13
3574.726562,5.379507185e-13,5.379507185e-13
3578.494629,5.4017984e-13,5.4017984e-13
3582.263916,5.414845891e-13,5.414845891e-13
3586.034668,5.406608912e-13,5.406608912e-13
3589.806641,5.327552336e-13,5.327552336e-13
3593.579834,5.303012409e-13,5.303012409e-13
3597.354492,5.488624573e-13,5.488624573e-13
3601.130371,5.555878821e-13,5.555878821e-13
3604.907715,5.36183466e-13,5.36183466e-13
3608.686279,5.028155052e-13,5.028155052e-13
3612.466064,4.879645826e-13,4.879645826e-13
3616.247314,4.861658575e-13,4.861658575e-13
3620.029541,4.985154844e-13,4.985154844e-13
3623.813232,5.16573599e-13,5.16573599e-13
3627.598145,5.075963005e-13,5.075963005e-13
3631.384521,4.904878851e-13,4.904878851e-13
3635.171875,5.039823134e-13,5.039823134e-13
3638.960693,5.428151267e-13,5.428151267e-13
3642.750732,5.642097329e-13,5.642097329e-13
3646.541992,5.356840457e-13,5.356840457e-13
3650.334473,5.073625132e-13,5.073625132e-13
3654.128418,5.118215758e-13,5.118215758e-13
3657.92334,5.222028729e-13,5.222028729e-13
3661.719482,5.411998758e-13,5.411998758e-13
3665.51709,5.536862319e-13,5.536862319e-13
3669.315674,5.436262689e-13,5.436262689e-13
3673.115723,5.342867378e-13,5.342867378e-13
3676.916748,5.267644405e-13,5.267644405e-13
3680.718994,5.177799451e-13,5.177799451e-13
3684.522705,4.931375407e-13,4.931375407e-13
3688.327393,4.595793454e-13,4.595793454e-13
3692.133301,4.278886631e-13,4.278886631e-13
3695.94043,4.060137233e-13,4.060137233e-13
3699.748779,3.843399521e-13,3.843399521e-13
3703.55835,3.700619042e-13,3.700619042e-13
3707.369141,3.657173208e-13,3.657173208e-13
3711.180908,3.545728728e-13,3.545728728e-13
3714.993896,3.314410796e-13,3.314410796e-13
3718.808105,3.185521342e-13,3.185521342e-13
3722.623535,3.153617293e-13,3.153617293e-13
3726.440186,3.15440904e-13,3.15440904e-13
3730.257812,3.233015771e-13,3.233015771e-13
3734.07666,3.262014451e-13,3.262014451e-13
3737.896729,3.22381298e-13,3.22381298e-13
3741.717773,3.158031379e-13,3.158031379e-13
3745.540039,3.183116143e-13,3.183116143e-13
3749.363525,3.333509965e-13,3.333509965e-13
3753.187988,3.346233643e-13,3.346233643e-13
3757.013672,3.221463913e-13,3.221463913e-13
3760.840332,3.219853495e-13,3.219853495e-13
3764.668213,3.350831978e-13,3.350831978e-13
3768.497314,3.401002943e-13,3.401002943e-13
3772.327393,3.455547592e-13,3.455547592e-13
3776.158691,3.508270673e-13,3.508270673e-13
3779.990967,3.5525117e-13,3.5525117e-13
3783.824219,3.608803418e-13,3.608803418e-13
3787.658936,3.598775727e-13,3.598775727e-13
3791.494385,3.557076465e-13,3.557076465e-13
3795.331055,3.4346787e-13,3.4346787e-13
3799.168945,3.284463226e-13,3.284463226e-13
3803.007568,3.244910347e-13,3.244910347e-13
3806.847656,3.240896284e-13,3.240896284e-13
3810.688477,3.21291378e-13,3.21291378e-13
3814.530518,3.243462275e-13,3.243462275e-13
3818.373535,3.223346363e-13,3.223346363e-13
3822.217773,3.150951236e-13,3.150951236e-13
3826.062988,3.181874087e-13,3.181874087e-13
3829.90918,3.308481798e-13,3.308481798e-13
3833.756348,3.436290256e-13,3.436290256e-13
3837.604736,3.510032779e-13,3.510032779e-13
3841.454102,3.567854997e-13,3.567854997e-13
3845.304443,3.691777679e-13,3.691777679e-13
3849.155762,3.871997949e-13,3.871997949e-13
3853.008057,3.97645467e-13,3.97645467e-13
3856.861572,4.206381269e-13,4.206381269e-13
3860.716064,4.578237998e-13,4.578237998e-13
3864.571533,4.689941952e-13,4.689941952e-13
3868.427979,4.617585857e-13,4.617585857e-13
3872.2854,4.666167669e-13,4.666167669e-13
3876.143799,4.761321112e-13,4.761321112e-13
3880.003174,4.732425968e-13,4.732425968e-13
3883.86377,4.899199362e-13,4.899199362e-13
3887.725098,5.145674406e-13,5.145674406e-13
3891.587402,5.234376083e-13,5.234376083e-13
3895.450928,5.372519334e-13,5.372519334e-13
3899.315186,5.775584556e-13,5.775584556e-13
3903.18042,6.100940329e-13,6.100940329e-13
3907.046875,6.006027253e-13,6.006027253e-13
3910.914062,5.878437856e-13,5.878437856e-13
3914.782227,5.989903763e-13,5.989903763e-13
3918.651367,6.167567857e-13,6.167567857e-13
3922.521484,6.294059837e-13,6.294059837e-13
3926.392578,6.405225946e-13,6.405225946e-13
3930.264404,6.280322746e-13,6.280322746e-13
3934.137451,6.138458126e-13,6.138458126e-13
3938.01123,6.217643104e-13,6.217643104e-13
3941.885986,6.380854645e-13,6.380854645e-13
3945.761719,6.495545689e-13,6.495545689e-13
3949.638428,6.488391467e-13,6.488391467e-13
3953.515869,6.469368993e-13,6.469368993e-13
3957.394531,6.446178055e-13,6.446178055e-13
3961.273926,6.440335758e-13,6.440335758e-13
3965.154053,6.252366465e-13,6.252366465e-13
3969.0354,6.357388351e-13,6.357388351e-13
3972.91748,6.561132583e-13,6.561132583e-13
3976.800293,6.308761091e-13,6.308761091e-13
3980.684326,5.861309965e-13,5.861309965e-13
3984.569092,5.585378329e-13,5.585378329e-13
3988.45459,5.413621241e-13,5.413621241e-13
3992.341309,5.385926905e-13,5.385926905e-13
3996.22876,5.637542507e-13,5.637542507e-13
4000.116943,5.704951454e-13,5.704951454e-13
4004.006104,5.308180049e-13,5.308180049e-13
4007.89624,5.034072072e-13,5.034072072e-13
4011.787109,5.045797135e-13,5.045797135e-13
4015.678711,5.175194258e-13,5.175194258e-13
4019.571289,5.042197045e-13,5.042197045e-13
4023.464844,4.865298973e-13,4.865298973e-13
4027.359131,4.719295684e-13,4.719295684e-13
4031.254395,4.561263568e-13,4.561263568e-13
4035.150391,4.642286407e-13,4.642286407e-13
4039.047119,4.983848627e-13,4.983848627e-13
4042.944824,5.377125667e-13,5.377125667e-13
4046.843262,5.362721749e-13,5.362721749e-13
4050.742676,5.301028164e-13,5.301028164e-13
4054.642822,5.422114915e-13,5.422114915e-13
4058.543701,5.713341912e-13,5.713341912e-13
4062.445557,6.037376584e-13,6.037376584e-13
4066.348145,6.227143739e-13,6.227143739e-13
4070.251709,6.319608682e-13,6.319608682e-13
4074.155762,6.114131996e-13,6.114131996e-13
4078.060791,6.178492344e-13,6.178492344e-13
4081.966553,6.719115834e-13,6.719115834e-13
4085.873291,6.921127284e-13,6.921127284e-13
4089.780762,6.411973042e-13,6.411973042e-13
4093.688965,5.883160065e-13,5.883160065e-13
4097.597656,5.750645191e-13,5.750645191e-13
4101.507812,5.772421373e-13,5.772421373e-13
4105.417969,5.986418058e-13,5.986418058e-13
4109.32959,6.291259569e-13,6.291259569e-13
4113.241699,6.397266768e-13,6.397266768e-13
4117.154297,6.180368355e-13,6.180368355e-13
4121.067871,6.163547723e-13,6.163547723e-13
4124.982422,6.541212593e-13,6.541212593e-13
4128.897461,6.655365336e-13,6.655365336e-13
4132.813477,6.323038717e-13,6.323038717e-13
4136.72998,6.030698615e-13,6.030698615e-13
4140.647461,5.858018758e-13,5.858018758e-13
4144.56543,5.681869588e-13,5.681869588e-13
4148.484375,5.721587897e-13,5.721587897e-13
4152.404297,5.795394704e-13,5.795394704e-13
4156.324707,5.786263976e-13,5.786263976e-13
4160.245605,5.638970842e-13,5.638970842e-13
4164.16748,5.408476412e-13,5.408476412e-13
4168.089844,5.443528244e-13,5.443528244e-13
4172.013184,5.588374297e-13,5.588374297e-13
4175.937012,5.712236993e-13,5.712236993e-13
4179.861816,5.756778584e-13,5.756778584e-13
4183.787109,5.704111986e-13,5.704111986e-13
4187.713379,5.533914091e-13,5.533914091e-13
4191.640137,5.416555678e-13,5.416555678e-13
4195.567871,5.535899419e-13,5.535899419e-13
4199.496094,5.706956783e-13,5.706956783e-13
4203.424805,5.313277509e-13,5.313277509e-13
4207.354492,4.999818375e-13,4.999818375e-13
4211.284668,4.903878588e-13,4.903878588e-13
4215.21582,4.814575224e-13,4.814575224e-13
4219.147461,4.946724428e-13,4.946724428e-13
4223.080078,5.128517588e-13,5.128517588e-13
4227.013184,5.163507257e-13,5.163507257e-13
4230.946777,5.064932367e-13,5.064932367e-13
4234.880859,4.9969667e-13,4.9969667e-13
4238.815918,5.014178383e-13,5.014178383e-13
4242.751953,4.983123425e-13,4.983123425e-13
4246.687988,4.891986148e-13,4.891986148e-13
4250.625,4.76704099e-13,4.76704099e-13
4254.562988,4.668738095e-13,4.668738095e-13
4258.501465,4.529378184e-13,4.529378184e-13
4262.44043,4.497032343e-13,4.497032343e-13
4266.379883,4.579994402e-13,4.579994402e-13
4270.320312,4.508454392e-13,4.508454392e-13
4274.26123,4.278007863e-13,4.278007863e-13
4278.202637,4.159725102e-13,4.159725102e-13
4282.14502,4.204971758e-13,4.204971758e-13
4286.087402,4.369032498e-13,4.369032498e-13
4290.03125,4.463358265e-13,4.463358265e-13
4293.975098,4.471829397e-13,4.471829397e-13
4297.919922,4.418196008e-13,4.418196008e-13
4301.865234,4.277128403e-13,4.277128403e-13
4305.811035,4.207000819e-13,4.207000819e-13
4309.757812,4.310880572e-13,4.310880572e-13
4313.705078,4.366049769e-13,4.366049769e-13
4317.652832,4.181125145e-13,4.181125145e-13
4321.601074,4.005712458e-13,4.005712458e-13
4325.549805,3.93139918e-13,3.93139918e-13
4329.499512,3.939026787e-13,3.939026787e-13
4333.449707,4.012233858e-13,4.012233858e-13
4337.400391,4.043271076e-13,4.043271076e-13
4341.352051,4.133559378e-13,4.133559378e-13
4345.303711,4.199695165e-13,4.199695165e-13
4349.256348,4.231457119e-13,4.231457119e-13
4353.209473,4.381066424e-13,4.381066424e-13
4357.163086,4.491062308e-13,4.491062308e-13
4361.117188,4.467215577e-13,4.467215577e-13
4365.072266,4.453290461e-13,4.453290461e-13
4369.027832,4.521148695e-13,4.521148695e-13
4372.983887,4.577631988e-13,4.577631988e-13
4376.94043,4.662298943e-13,4.662298943e-13
4380.897461,4.825065751e-13,4.825065751e-13
4384.85498,4.939254342e-13,4.939254342e-13
4388.812988,4.933864728e-13,4.933864728e-13
4392.771973,4.949607967e-13,4.949607967e-13
4396.731445,5.130955048e-13,5.130955048e-13
4400.691406,5.170172514e-13,5.170172514e-13
4404.651855,5.039428034e-13,5.039428034e-13
4408.612793,4.932076592e-13,4.932076592e-13
4412.574219,4.842554295e-13,4.842554295e-13
4416.536133,4.736074347e-13,4.736074347e-13
4420.499023,4.806766006e-13,4.806766006e-13
4424.461914,4.941199534e-13,4.941199534e-13
4428.425781,4.772327844e-13,4.772327844e-13
4432.389648,4.564530629e-13,4.564530629e-13
4436.354492,4.501668453e-13,4.501668453e-13
4440.319824,4.457815709e-13,4.457815709e-13
4444.285645,4.419226692e-13,4.419226692e-13
4448.251953,4.543003737e-13,4.543003737e-13
4452.21875,4.595655724e-13,4.595655724e-13
4456.186035,4.566670573e-13,4.566670573e-13
4460.153809,4.544678895e-13,4.544678895e-13
4464.12207,4.7049098e-13,4.7049098e-13
4468.09082,4.860223805e-13,4.860223805e-13
4472.060059,4.816548849e-13,4.816548849e-13
4476.029785,4.688011411e-13,4.688011411e-13
4480.0,4.684706873e-13,4.684706873e-13
4483.971191,4.766724512e-13,4.766724512e-13
4487.942383,4.820988083e-13,4.820988083e-13
4491.914062,4.895091893e-13,4.895091893e-13
4495.88623,5.030093242e-13,5.030093242e-13
4499.859375,5.164574447e-13,5.164574447e-13
4503.83252,5.187900286e-13,5.187900286e-13
4507.806152,5.227022615e-13,5.227022615e-13
4511.780273,5.373703966e-13,5.373703966e-13
4515.754883,5.427352905e-13,5.427352905e-13
4519.72998,5.500678557e-13,5.500678557e-13
4523.705566,5.556872107e-13,5.556872107e-13
4527.681641,5.591208891e-13,5.591208891e-13
4531.658203,5.596933579e-13,5.596933579e-13
4535.635254,5.570351077e-13,5.570351077e-13
4539.612793,5.557163198e-13,5.557163198e-13
4543.59082,5.495104409e-13,5.495104409e-13
4547.569336,5.376340961e-13,5.376340961e-13
4551.54834,5.274127242e-13,5.274127242e-13
4555.527344,5.2270729e-13,5.2270729e-13
4559.507324,5.313260829e-13,5.313260829e-13
4563.487305,5.336402809e-13,5.336402809e-13
4567.467773,5.264543797e-13,5.264543797e-13
4571.449219,5.200687904e-13,5.200687904e-13
4575.430664,5.199984182e-13,5.199984182e-13
4579.412598,5.3336919e-13,5.3336919e-13
4583.39502,5.282121647e-13,5.282121647e-13
4587.37793,5.140510842e-13,5.140510842e-13
4591.36084,5.072508258e-13,5.072508258e-13
4595.344727,5.065720384e-13,5.065720384e-13
4599.328613,5.110060896e-13,5.110060896e-13
4603.313477,5.095758651e-13,5.095758651e-13
4607.29834,5.121553713e-13,5.121553713e-13
4611.283691,5.20412129e-13,5.20412129e-13
4615.269531,5.164146914e-13,5.164146914e-13
4619.255859,5.130027568e-13,5.130027568e-13
4623.242188,5.251353302e-13,5.251353302e-13
4627.229492,5.43631805e-13,5.43631805e-13
4631.216797,5.505164108e-13,5.505164108e-13
4635.20459,5.438965402e-13,5.438965402e-13
4639.192871,5.390285075e-13,5.390285075e-13
4643.181641,5.319150565e-13,5.319150565e-13
4647.17041,5.173709185e-13,5.173709185e-13
4651.160156,5.134972157e-13,5.134972157e-13
4655.149902,5.062377427e-13,5.062377427e-13
4659.140137,4.976320159e-13,4.976320159e-13
4663.130859,4.957146536e-13,4.957146536e-13
4667.121582,4.891370091e-13,4.891370091e-13
4671.113281,4.694922588e-13,4.694922588e-13
4675.10498,4.606688378e-13,4.606688378e-13
4679.097168,4.629942725e-13,4.629942725e-13
4683.089844,4.637424839e-13,4.637424839e-13
4687.08252,4.531294823e-13,4.531294823e-13
4691.075684,4.497668257e-13,4.497668257e-13
4695.069824,4.487950903e-13,4.487950903e-13
4699.063477,4.476069459e-13,4.476069459e-13
4703.058105,4.40300801e-13,4.40300801e-13
4707.052734,4.312638927e-13,4.312638927e-13
4711.047852,4.273481559e-13,4.273481559e-13
4715.043457,4.289854292e-13,4.289854292e-13
4719.039551,4.375810134e-13,4.375810134e-13
4723.035645,4.412500347e-13,4.412500347e-13
4727.032227,4.414106529e-13,4.414106529e-13
4731.029297,4.420846151e-13,4.420846151e-13
4735.026855,4.37314951e-13,4.37314951e-13
4739.024414,4.265192663e-13,4.265192663e-13
4743.022461,4.273549198e-13,4.273549198e-13
4747.020996,4.265701001e-13,4.265701001e-13
4751.019531,4.237151661e-13,4.237151661e-13
4755.018555,4.26304896e-13,4.26304896e-13
4759.018066,4.236786528e-13,4.236786528e-13
4763.018066,4.156680301e-13,4.156680301e-13
4767.018066,4.168001678e-13,4.168001678e-13
4771.018555,4.271995619e-13,4.271995619e-13
4775.019043,4.2834249e-13,4.2834249e-13
4779.020508,4.181475354e-13,4.181475354e-13
4783.021973,4.126246305e-13,4.126246305e-13
4787.023438,4.160311155e-13,4.160311155e-13
4791.025879,4.209765124e-13,4.209765124e-13
4795.02832,4.264440314e-13,4.264440314e-13
4799.03125,4.197978809e-13,4.197978809e-13
4803.03418,4.125739958e-13,4.125739958e-13
4807.037598,4.1300878e-13,4.1300878e-13
4811.041504,4.161753121e-13,4.161753121e-13
4815.04541,4.131474955e-13,4.131474955e-13
4819.049805,4.059961528e-13,4.059961528e-13
4823.054688,3.981140208e-13,3.981140208e-13
4827.05957,3.912404714e-13,3.912404714e-13
4831.064941,3.82967021e-13,3.82967021e-13
4835.070312,3.81839882e-13,3.81839882e-13
4839.07666,3.791477479e-13,3.791477479e-13
4843.08252,3.706022706e-13,3.706022706e-13
4847.089355,3.610091667e-13,3.610091667e-13
4851.096191,3.578466525e-13,3.578466525e-13
4855.103516,3.630044243e-13,3.630044243e-13
4859.11084,3.608649291e-13,3.608649291e-13
4863.118652,3.4547314e-13,3.4547314e-13
4867.126953,3.390377832e-13,3.390377832e-13
4871.135254,3.436957206e-13,3.436957206e-13
4875.143555,3.374388593e-13,3.374388593e-13
4879.152832,3.263959849e-13,3.263959849e-13
4883.162109,3.265029818e-13,3.265029818e-13
4887.171387,3.208971416e-13,3.208971416e-13
4891.181152,3.166869878e-13,3.166869878e-13
4895.191406,3.204203756e-13,3.204203756e-13
4899.202148,3.143966927e-13,3.143966927e-13
4903.212402,3.086928475e-13,3.086928475e-13
4907.223633,3.100086962e-13,3.100086962e-13
4911.234863,3.071126221e-13,3.071126221e-13
4915.246582,3.089693623e-13,3.089693623e-13
4919.258301,3.146994902e-13,3.146994902e-13
4923.270508,3.153573552e-13,3.153573552e-13
4927.282715,3.165442656e-13,3.165442656e-13
4931.29541,3.148123189e-13,3.148123189e-13
4935.308105,3.241715611e-13,3.241715611e-13
4939.321289,3.356374415e-13,3.356374415e-13
4943.334961,3.368114556e-13,3.368114556e-13
4947.348633,3.33059993e-13,3.33059993e-13
4951.362793,3.302193312e-13,3.302193312e-13
4955.376953,3.306477162e-13,3.306477162e-13
4959.391602,3.222950928e-13,3.222950928e-13
4963.40625,3.179308473e-13,3.179308473e-13
4967.421387,3.22469793e-13,3.22469793e-13
4971.436523,3.285225258e-13,3.285225258e-13
4975.452148,3.390953135e-13,3.390953135e-13
4979.467773,3.495178601e-13,3.495178601e-13
4983.483887,3.468272583e-13,3.468272583e-13
4987.500488,3.402290653e-13,3.402290653e-13
4991.51709,3.384721203e-13,3.384721203e-13
4995.533691,3.371775137e-13,3.371775137e-13
4999.550781,3.331361726e-13,3.331361726e-13
5003.568359,3.32646676e-13,3.32646676e-13
5007.585938,3.38866152e-13,3.38866152e-13
5011.603516,3.407275575e-13,3.407275575e-13
5015.62207,3.317673156e-13,3.317673156e-13
5019.640137,3.395090116e-13,3.395090116e-13
5023.658691,3.484060345e-13,3.484060345e-13
5027.677734,3.486338826e-13,3.486338826e-13
5031.696777,3.51807615e-13,3.51807615e-13
5035.71582,3.513921084e-13,3.513921084e-13
5039.735352,3.518584455e-13,3.518584455e-13
5043.755371,3.556602634e-13,3.556602634e-13
5047.775391,3.62515216e-13,3.62515216e-13
5051.79541,3.662122881e-13,3.662122881e-13
5055.815918,3.636535546e-13,3.636535546e-13
5059.836914,3.627992073e-13,3.627992073e-13
5063.85791,3.615497959e-13,3.615497959e-13
5067.878906,3.583824321e-13,3.583824321e-13
5071.900391,3.651909665e-13,3.651909665e-13
5075.921875,3.72645208e-13,3.72645208e-13
5079.943848,3.765924678e-13,3.765924678e-13
5083.96582,3.752949515e-13,3.752949515e-13
5087.988281,3.80329013e-13,3.80329013e-13
5092.010742,3.793859859e-13,3.793859859e-13
5096.033691,3.781371673e-13,3.781371673e-13
5100.056641,3.857864368e-13,3.857864368e-13
5104.080078,3.904676464e-13,3.904676464e-13
5108.103516,3.835505858e-13,3.835505858e-13
5112.126953,3.783188602e-13,3.783188602e-13
5116.150879,3.725655333e-13,3.725655333e-13
5120.174805,3.783224154e-13,3.783224154e-13
5124.199219,3.89872476e-13,3.89872476e-13
5128.223633,3.96511903e-13,3.96511903e-13
5132.248535,3.973514686e-13,3.973514686e-13
5136.273438,3.951773796e-13,3.951773796e-13
5140.298828,3.942779967e-13,3.942779967e-13
5144.324219,3.907312265e-13,3.907312265e-13
5148.349609,3.907534286e-13,3.907534286e-13
5152.375488,3.876452086e-13,3.876452086e-13
5156.401367,3.857698026e-13,3.857698026e-13
5160.427734,3.859545689e-13,3.859545689e-13
5164.454102,3.852551122e-13,3.852551122e-13
5168.480469,3.782272492e-13,3.782272492e-13
5172.507324,3.782837488e-13,3.782837488e-13
5176.534668,3.78169236e-13,3.78169236e-13
5180.562012,3.740954246e-13,3.740954246e-13
5184.589355,3.756479914e-13,3.756479914e-13
5188.616699,3.860714761e-13,3.860714761e-13
5192.644531,3.916077222e-13,3.916077222e-13
