2452090.91753 18.188 0.031
2452105.91540 18.166 0.021
2452106.88003 18.185 0.031
2452113.86125 18.133 0.027
2452116.86357 18.111 0.021
2452123.81036 18.214 0.026
2452127.82530 18.206 0.054
2452128.81818 18.178 0.028
2452129.85014 18.138 0.026
2452130.88039 18.238 0.022
2452131.86800 18.201 0.029
2452132.79839 18.154 0.029
2452133.88705 18.172 0.034
2452134.80213 18.122 0.032
2452135.83479 18.213 0.031
2452136.85638 18.178 0.031
2452137.84342 18.202 0.034
2452140.80374 18.136 0.024
2452141.83852 18.228 0.040
2452142.77956 18.190 0.025
2452143.81033 18.225 0.025
2452144.86519 18.163 0.024
2452155.87114 18.238 0.040
2452156.81778 18.146 0.028
2452160.74273 18.196 0.024
2452162.75369 18.151 0.024
2452165.73203 18.191 0.029
2452166.74824 18.191 0.021
2452167.79442 18.123 0.021
2452168.70391 18.154 0.029
2452171.73199 18.143 0.018
2452172.73865 18.202 0.025
2452173.71919 18.167 0.020
2452177.61012 18.118 0.034
2452178.66572 18.249 0.036
2452183.66195 18.244 0.051
2452184.69335 18.119 0.028
2452185.65728 18.187 0.030
2452186.68205 18.186 0.038
2452187.71470 18.215 0.032
2452188.72452 18.151 0.031
2452190.68373 18.201 0.028
2452191.69428 18.167 0.025
2452192.65576 18.149 0.018
2452193.67690 18.114 0.019
2452194.64502 18.136 0.021
2452200.62254 18.134 0.023
2452201.65963 18.113 0.023
2452206.59973 18.243 0.041
2452211.63364 18.177 0.024
2452212.63463 18.185 0.027
2452213.64302 18.196 0.034
2452214.62723 18.164 0.031
2452215.64166 18.189 0.026
2452217.62865 18.179 0.033
2452219.67113 18.214 0.035
2452222.63971 18.117 0.037
2452224.70635 18.121 0.023
2452226.62690 18.109 0.030
2452228.55117 18.165 0.029
2452229.60941 18.152 0.024
2452231.56107 18.259 0.029
2452233.60536 18.224 0.031
2452235.65947 18.250 0.022
2452238.53998 18.233 0.031
2452240.64382 18.188 0.027
2452242.61160 18.252 0.033
2452245.52738 18.207 0.038
2452248.59259 18.157 0.018
2452250.56418 18.192 0.024
2452252.61752 18.184 0.026
2452255.59990 18.195 0.033
2452257.61732 18.147 0.021
2452262.60793 18.205 0.030
2452264.59252 18.120 0.028
2452266.59737 18.151 0.028
2452272.57498 18.190 0.027
2452274.56058 18.240 0.039
2452277.59564 18.163 0.022
2452283.59251 18.164 0.026
2452290.59160 18.120 0.026
2452292.60457 18.183 0.029
2452294.60111 18.191 0.031
2452296.56729 18.145 0.040
2452298.57792 18.080 0.033
2452300.57667 18.118 0.031
2452303.56021 18.071 0.036
2452445.90221 18.118 0.029
2452458.94408 18.141 0.032
2452463.90776 18.149 0.024
2452465.92045 18.238 0.024
2452467.89327 18.219 0.026
2452469.89288 18.174 0.025
2452470.92716 18.173 0.020
2452473.87840 18.139 0.021
2452483.85081 18.213 0.024
2452486.86834 18.185 0.033
2452488.86501 18.175 0.032
2452489.91484 18.243 0.027
2452492.89593 18.209 0.032
2452495.88561 18.238 0.027
2452496.89553 18.186 0.024
2452497.91900 18.276 0.029
2452498.92178 18.194 0.021
2452499.85193 18.167 0.022
2452500.85637 18.195 0.026
2452501.84628 18.188 0.022
2452502.82613 18.238 0.028
2452503.84162 18.181 0.022
2452516.76878 18.186 0.031
2452517.81559 18.211 0.027
2452518.78659 18.159 0.029
2452519.86541 18.179 0.022
2452520.78359 18.197 0.025
2452521.85481 18.135 0.023
2452524.85256 18.190 0.023
2452526.77011 18.142 0.019
2452534.82636 18.178 0.027
2452535.84715 18.188 0.032
2452537.69449 18.204 0.039
2452538.78815 18.123 0.026
2452539.69452 18.119 0.027
2452540.71351 18.171 0.039
2452541.70643 18.178 0.022
2452542.67621 18.159 0.022
2452544.65455 18.162 0.024
2452545.66995 18.169 0.021
2452547.68780 18.242 0.030
2452548.70406 18.198 0.021
2452550.69895 18.169 0.025
2452551.68567 18.179 0.023
2452552.70181 18.193 0.023
2452553.64138 18.220 0.047
2452554.69501 18.218 0.022
2452555.70294 18.139 0.023
2452556.68186 18.137 0.022
2452557.69447 18.187 0.021
2452558.65095 18.162 0.024
2452559.60770 18.191 0.029
2452560.64086 18.198 0.024
2452561.66649 18.145 0.034
2452562.65934 18.227 0.026
2452563.66716 18.145 0.030
2452564.68272 18.172 0.026
2452565.66886 18.164 0.024
2452566.65385 18.208 0.026
2452568.68524 18.175 0.033
2452571.63753 18.187 0.034
2452572.73418 18.165 0.035
2452573.65118 18.113 0.032
2452574.63507 18.255 0.026
2452576.63472 18.273 0.040
2452577.62074 18.177 0.032
2452578.61905 18.231 0.037
2452579.62845 18.188 0.028
2452580.64052 18.161 0.021
2452583.61187 18.178 0.035
2452584.61939 18.205 0.028
2452587.60063 18.150 0.027
2452588.62949 18.205 0.030
2452589.59062 18.104 0.026
2452590.60539 18.194 0.031
2452591.60660 18.150 0.026
2452593.59713 18.171 0.024
2452594.60091 18.203 0.036
2452596.57706 18.270 0.036
2452598.61736 18.186 0.028
2452599.59755 18.227 0.033
2452607.61738 18.193 0.032
2452610.53771 18.204 0.040
2452613.52972 18.172 0.025
2452615.56157 18.168 0.027
2452619.54099 18.169 0.039
2452621.55781 18.170 0.025
2452623.60558 18.211 0.031
2452626.54915 18.169 0.029
2452629.55510 18.096 0.033
2452635.55618 18.132 0.019
2452639.53663 18.221 0.034
2452641.58283 18.174 0.022
2452646.56163 18.126 0.028
2452650.58125 18.166 0.028
2452654.54800 18.147 0.033
2452656.59604 18.153 0.037
2452660.54592 18.182 0.028
2452664.56668 18.130 0.032
2452669.54385 18.178 0.024
2452673.55634 18.216 0.037
2452675.57225 18.137 0.024
2452678.57256 18.171 0.039
2452682.53291 18.183 0.038
2452777.89541 18.177 0.034
2452804.90136 18.212 0.040
2452805.83660 18.109 0.058
2452810.93370 18.260 0.033
2452814.93126 18.184 0.024
2452817.91926 18.186 0.036
2452825.89495 18.243 0.034
2452830.93349 18.190 0.042
2452831.77365 18.156 0.034
2452832.73913 18.162 0.030
2452834.92643 18.147 0.030
2452836.87076 18.184 0.040
2452837.86740 18.248 0.045
2452839.89890 18.142 0.021
2452841.87960 18.113 0.022
2452844.86483 18.137 0.022
2452845.91085 18.157 0.032
2452848.94781 18.086 0.047
2452850.88095 18.173 0.027
2452851.92424 18.174 0.027
2452852.79484 18.156 0.025
2452853.93477 18.134 0.024
2452856.80792 18.186 0.031
2452858.90198 18.181 0.021
2452860.86801 18.118 0.023
2452861.73900 18.147 0.022
2452862.91799 18.129 0.026
2452863.82711 18.155 0.035
2452866.87374 18.215 0.032
2452867.85468 18.218 0.027
2452868.79838 18.215 0.026
2452870.80809 18.152 0.021
2452872.76550 18.112 0.020
2452876.76825 18.149 0.023
2452877.79011 18.146 0.025
2452879.79886 18.149 0.019
2452883.81729 18.165 0.018
2452885.75242 18.152 0.022
2452888.80073 18.188 0.026
2452892.79228 18.200 0.034
2452894.75859 18.182 0.026
2452896.75570 18.157 0.026
2452898.77659 18.109 0.023
2452900.73855 18.163 0.018
2452902.73808 18.135 0.020
2452905.74528 18.174 0.027
2452907.74652 18.136 0.020
2452909.73551 18.202 0.019
2452911.72699 18.158 0.016
2452915.69836 18.159 0.021
2452917.72435 18.156 0.020
2452921.72227 18.142 0.027
2452923.74355 18.199 0.026
2452925.70714 18.115 0.021
2452927.70454 18.160 0.024
2452930.72240 18.179 0.024
2452932.72877 18.157 0.023
2452934.70888 18.131 0.020
2452937.62942 18.186 0.027
2452939.72299 18.145 0.024
2452940.62600 18.151 0.017
2452941.61965 18.136 0.019
2452942.62580 18.134 0.019
2452944.58167 18.108 0.022
2452945.59840 18.277 0.037
2452947.59525 18.148 0.035
2452949.58938 18.177 0.024
2452951.62115 18.161 0.032
2452952.64854 18.176 0.025
2452954.67506 18.139 0.029
2452956.62110 18.207 0.018
2452958.61062 18.087 0.025
2452961.58662 18.178 0.036
2452965.62492 18.141 0.022
2452968.58613 18.151 0.027
2452970.60550 18.136 0.023
2452972.58962 18.112 0.023
2452974.58395 18.118 0.025
2452976.53988 18.141 0.026
2452977.60693 18.106 0.031
2452979.57122 18.204 0.031
2452981.61623 18.112 0.039
2452984.56483 18.120 0.031
2452987.63994 18.196 0.027
2452989.56222 18.111 0.022
2452992.57546 18.258 0.034
2452995.60687 18.154 0.018
2452998.56898 18.150 0.027
2453001.56621 18.144 0.026
2453004.55814 18.240 0.026
2453007.56582 18.204 0.023
2453010.56339 18.121 0.025
2453016.58055 18.124 0.027
2453019.59399 18.124 0.028
2453021.60793 18.126 0.019
2453023.56324 18.177 0.025
2453025.56223 18.214 0.027
2453027.59590 18.192 0.028
2453029.56779 18.204 0.025
2453031.57217 18.182 0.026
2453033.57463 18.178 0.024
2453036.59190 18.257 0.031
2453040.55490 18.158 0.030
2453160.85236 18.123 0.030
2453177.90674 18.267 0.043
2453183.90427 18.215 0.030
2453193.87200 18.145 0.024
2453195.93102 18.077 0.020
2453197.90658 18.132 0.025
2453201.86403 18.105 0.022
2453203.87116 18.071 0.018
2453204.93958 18.183 0.025
2453210.88579 18.147 0.026
2453215.69248 18.184 0.033
2453217.78979 18.213 0.029
2453218.89982 18.099 0.043
2453223.82728 18.127 0.026
2453226.81580 18.139 0.030
2453229.82488 18.157 0.019
2453239.78509 18.181 0.023
2453240.77440 18.124 0.027
2453241.84362 18.055 0.030
2453242.70614 18.191 0.025
2453243.83872 18.245 0.029
2453244.81982 18.120 0.026
2453245.76527 18.167 0.027
2453246.76151 18.122 0.027
2453247.75287 18.210 0.027
2453249.72002 18.063 0.025
2453251.73274 18.139 0.020
2453254.72010 18.048 0.019
2453256.78595 18.106 0.021
2453258.72201 18.118 0.026
2453260.69606 18.124 0.025
2453262.73204 18.110 0.016
2453264.68376 18.093 0.017
2453266.75471 18.127 0.022
2453268.68800 18.110 0.017
2453270.66834 18.088 0.024
2453271.65584 18.130 0.025
2453272.71270 18.087 0.020
2453274.69480 18.138 0.023
2453276.70365 18.205 0.030
2453277.73650 18.101 0.025
2453279.66910 18.106 0.021
2453281.62854 18.079 0.019
2453283.63433 18.120 0.016
2453287.60045 18.167 0.026
2453289.61139 18.098 0.021
2453293.58840 18.121 0.022
2453295.60715 18.118 0.015
2453297.58839 18.047 0.015
2453299.64529 18.062 0.018
2453301.61944 18.046 0.030
2453303.68163 18.048 0.024
2453306.61422 18.094 0.016
2453308.60205 18.130 0.030
2453310.60124 18.132 0.022
2453312.64326 18.102 0.020
2453314.55592 18.146 0.032
2453320.59364 18.094 0.019
2453321.58934 18.155 0.023
2453323.53722 18.108 0.023
2453327.54842 18.128 0.025
2453330.54239 18.103 0.026
2453335.58347 18.002 0.026
2453338.59047 18.048 0.020
2453349.58759 17.978 0.015
2453353.56487 17.966 0.021
2453360.57573 18.055 0.021
2453363.54542 17.965 0.022
2453367.60861 18.008 0.022
2453375.54162 18.006 0.018
2453378.58714 17.977 0.021
2453386.55355 17.956 0.016
2453390.56198 17.969 0.025
2453398.54900 18.030 0.020
2453402.53711 18.001 0.019
2453538.94584 16.927 0.012
2453547.90711 16.775 0.008
2453554.91530 16.634 0.007
2453556.87095 16.604 0.007
2453558.88889 16.526 0.006
2453559.87716 16.515 0.006
2453560.89533 16.466 0.005
2453561.88500 16.452 0.005
2453561.93448 16.434 0.005
2453562.85790 16.423 0.005
2453562.88671 16.426 0.005
2453562.92060 16.426 0.005
2453562.94738 16.408 0.006
2453563.84279 16.415 0.007
2453564.82304 16.394 0.006
2453564.86429 16.365 0.006
2453564.90256 16.378 0.005
2453564.93667 16.361 0.005
2453568.82272 16.249 0.005
2453568.85614 16.242 0.005
2453568.88958 16.238 0.004
2453568.91210 16.244 0.005
2453568.93521 16.236 0.005
2453569.84461 16.205 0.005
2453569.87073 16.234 0.005
2453569.90537 16.203 0.005
2453569.92443 16.213 0.005
2453570.77026 16.176 0.006
2453570.82779 16.181 0.006
2453570.85907 16.187 0.006
2453570.89429 16.167 0.005
2453570.91810 16.182 0.006
2453571.81916 16.161 0.007
2453571.86036 16.146 0.006
2453571.88675 16.150 0.006
2453572.84463 16.093 0.005
2453572.88523 16.112 0.005
2453572.92528 16.112 0.005
2453572.94595 16.103 0.006
2453573.81166 16.086 0.006
2453573.84959 16.108 0.006
2453573.94172 16.073 0.006
2453574.80852 16.044 0.005
2453574.83670 16.060 0.005
2453574.85873 16.033 0.005
2453574.89971 16.032 0.005
2453575.82048 16.005 0.004
2453575.84305 16.015 0.004
2453575.86534 16.015 0.004
2453575.88782 16.000 0.004
2453576.79604 15.977 0.004
2453576.81900 15.980 0.004
2453576.90632 15.989 0.005
2453577.81684 15.964 0.004
2453577.85431 15.958 0.005
2453577.87670 15.959 0.005
2453577.92217 15.952 0.004
2453577.94432 15.965 0.005
2453578.85349 15.893 0.004
2453578.87534 15.905 0.004
2453578.91299 15.885 0.004
2453578.93537 15.898 0.004
2453579.79511 15.861 0.004
2453579.81776 15.859 0.003
2453579.84061 15.853 0.004
2453579.86305 15.853 0.003
2453579.88535 15.853 0.004
2453579.91664 15.854 0.004
2453580.80190 15.845 0.005
2453580.82444 15.861 0.005
2453580.91325 15.830 0.004
2453581.79993 15.790 0.003
2453581.82180 15.775 0.004
2453581.84024 15.771 0.004
2453581.86276 15.775 0.004
2453581.88718 15.791 0.004
2453581.90956 15.776 0.004
2453582.73735 15.745 0.003
2453582.76020 15.749 0.004
2453582.78288 15.756 0.004
2453582.82516 15.744 0.004
2453583.77818 15.704 0.004
2453583.84241 15.694 0.003
2453583.87609 15.711 0.003
2453583.90330 15.696 0.003
2453584.78089 15.668 0.003
2453584.82374 15.675 0.003
2453584.84637 15.671 0.003
2453584.85346 15.676 0.003
2453584.89460 15.670 0.003
2453585.80189 15.625 0.003
2453585.82444 15.619 0.003
2453585.85175 15.627 0.003
2453585.90992 15.637 0.003
2453586.78490 15.604 0.003
2453586.80394 15.600 0.003
2453586.82659 15.604 0.003
2453586.85286 15.590 0.003
2453586.86737 15.595 0.003
2453586.89341 15.594 0.003
2453588.78813 15.526 0.003
2453588.80084 15.538 0.003
2453588.84478 15.523 0.003
2453588.86765 15.552 0.004
2453588.89253 15.547 0.003
2453589.77385 15.489 0.003
2453589.81464 15.497 0.003
2453589.83904 15.504 0.003
2453589.86522 15.495 0.003
2453589.90563 15.480 0.003
2453590.80139 15.472 0.003
2453590.82794 15.469 0.003
2453590.85066 15.474 0.003
2453590.87305 15.471 0.003
2453591.77949 15.465 0.002
2453591.80278 15.452 0.003
2453591.82937 15.460 0.003
2453591.86930 15.462 0.003
2453592.76493 15.456 0.003
2453592.78834 15.460 0.003
2453592.81480 15.459 0.003
2453592.83690 15.467 0.003
2453593.82307 15.472 0.003
2453593.84339 15.477 0.003
2453593.86428 15.462 0.003
2453593.89532 15.452 0.003
2453594.77531 15.470 0.003
2453594.79787 15.474 0.003
2453594.82869 15.476 0.003
2453594.85163 15.488 0.003
2453596.69046 15.552 0.003
2453596.72312 15.532 0.003
2453596.73690 15.544 0.003
2453596.76836 15.531 0.003
2453596.86128 15.552 0.003
2453596.88753 15.534 0.003
2453596.90987 15.527 0.003
2453597.80457 15.565 0.003
2453597.84469 15.583 0.003
2453597.86968 15.588 0.003
2453600.87399 15.676 0.005
2453600.91758 15.687 0.004
2453601.73912 15.691 0.004
2453601.76129 15.684 0.003
2453601.78688 15.684 0.004
2453601.80519 15.697 0.004
2453601.82730 15.692 0.004
2453602.66903 15.722 0.004
2453602.74248 15.716 0.004
2453602.77203 15.722 0.004
2453603.69844 15.754 0.004
2453603.74121 15.757 0.004
2453603.76352 15.742 0.003
2453603.78580 15.746 0.004
2453607.76408 15.870 0.003
2453607.78650 15.884 0.004
2453607.83332 15.899 0.004
2453607.85602 15.897 0.004
2453608.74791 15.921 0.004
2453608.77409 15.907 0.004
2453608.79781 15.937 0.004
2453608.82023 15.936 0.004
2453614.75397 16.086 0.004
2453614.78136 16.105 0.004
2453614.82839 16.111 0.004
2453614.85357 16.123 0.004
2453615.73135 16.144 0.004
2453615.85691 16.158 0.004
2453615.88106 16.159 0.005
2453615.88555 16.167 0.004
2453617.69121 16.204 0.005
2453617.73800 16.210 0.005
2453617.76071 16.198 0.004
2453617.81229 16.209 0.004
2453618.71229 16.229 0.004
2453618.76425 16.238 0.005
2453618.81221 16.242 0.005
2453618.84436 16.233 0.004
2453619.66832 16.274 0.005
2453619.69043 16.279 0.005
2453619.72150 16.259 0.005
2453619.76685 16.267 0.005
2453620.70015 16.289 0.004
2453620.77876 16.290 0.004
2453620.84005 16.300 0.005
2453620.88357 16.297 0.005
2453621.69144 16.315 0.005
2453621.73923 16.298 0.005
2453621.78355 16.327 0.005
2453621.85459 16.332 0.005
2453622.76751 16.354 0.005
2453622.79358 16.373 0.006
2453622.81728 16.364 0.006
2453625.68780 16.413 0.006
2453625.73903 16.434 0.005
2453625.76521 16.415 0.005
2453625.82754 16.409 0.005
2453626.66833 16.480 0.006
2453626.69261 16.449 0.006
2453626.73318 16.465 0.006
2453628.70673 16.502 0.007
2453628.78601 16.507 0.007
2453628.84966 16.514 0.007
2453629.66330 16.550 0.008
2453629.69505 16.552 0.007
2453629.72042 16.548 0.007
2453629.74337 16.559 0.008
2453630.67372 16.568 0.008
2453630.69984 16.567 0.007
2453630.72401 16.608 0.009
2453630.74785 16.594 0.007
2453630.79788 16.565 0.008
2453631.66990 16.595 0.009
2453631.70125 16.592 0.008
2453631.72508 16.592 0.008
2453631.74910 16.595 0.008
2453632.63537 16.656 0.010
2453632.74838 16.591 0.007
2453633.67026 16.662 0.008
2453633.69069 16.640 0.008
2453633.72890 16.640 0.009
2453633.80455 16.611 0.007
2453634.67757 16.680 0.007
2453634.69684 16.663 0.006
2453634.73142 16.673 0.007
2453634.77126 16.644 0.006
2453636.71410 16.714 0.008
2453637.64555 16.708 0.008
2453637.66794 16.724 0.007
2453637.69030 16.699 0.007
2453637.71263 16.726 0.008
2453638.64847 16.721 0.007
2453638.67080 16.753 0.007
2453638.71122 16.733 0.006
2453638.74973 16.773 0.007
2453639.68017 16.748 0.006
2453639.71793 16.750 0.006
2453639.74259 16.747 0.005
2453640.65542 16.793 0.007
2453640.68261 16.809 0.007
2453640.70497 16.775 0.006
2453640.72918 16.770 0.006
2453641.64392 16.813 0.008
2453641.65535 16.816 0.008
2453641.67761 16.789 0.007
2453641.71465 16.814 0.008
2453643.71668 16.831 0.007
2453643.73903 16.835 0.006
2453644.65052 16.853 0.007
2453644.69103 16.843 0.007
2453644.71338 16.845 0.007
2453644.73569 16.854 0.006
2453646.63143 16.893 0.008
2453646.65159 16.900 0.009
2453646.66681 16.888 0.008
2453646.67797 16.898 0.008
2453646.70717 16.894 0.008
2453650.63644 16.946 0.009
2453650.65490 16.955 0.009
2453650.67893 16.932 0.008
2453650.70122 16.950 0.008
2453651.65714 16.983 0.008
2453651.68845 16.987 0.008
2453651.71044 16.975 0.008
2453651.72878 16.959 0.007
2453652.64069 16.966 0.008
2453652.66348 17.017 0.008
2453652.69087 16.980 0.007
2453652.71346 16.994 0.007
2453653.63230 16.980 0.008
2453653.65485 16.988 0.008
2453653.67671 17.006 0.008
2453653.69994 17.022 0.008
2453654.64163 17.044 0.008
2453654.66422 17.033 0.008
2453654.68686 17.041 0.008
2453654.71642 17.003 0.008
2453655.65024 17.038 0.009
2453655.67220 17.033 0.009
2453655.69116 17.050 0.008
2453655.71348 17.035 0.008
2453656.69484 17.068 0.008
2453656.73815 17.077 0.009
2453656.78285 17.054 0.009
2453657.61971 17.041 0.008
2453657.66717 17.061 0.009
2453657.69259 17.056 0.009
2453657.72302 17.062 0.009
2453658.62771 17.087 0.012
2453658.64634 17.082 0.009
2453658.66279 17.083 0.010
2453658.71896 17.089 0.009
2453659.68069 17.137 0.013
2453659.70317 17.108 0.012
2453659.72561 17.106 0.013
2453659.75284 17.074 0.010
2453660.66009 17.121 0.010
2453660.68677 17.140 0.011
2453660.70878 17.080 0.011
2453660.72060 17.120 0.011
2453661.60707 17.167 0.014
2453661.62939 17.132 0.011
2453661.67738 17.162 0.010
2453661.72005 17.109 0.010
2453663.59350 17.188 0.012
2453663.62999 17.197 0.015
2453663.65238 17.178 0.011
2453663.67725 17.192 0.011
2453664.60965 17.136 0.007
2453664.63632 17.151 0.008
2453664.69992 17.140 0.007
2453664.74319 17.136 0.008
2453665.65397 17.178 0.011
2453665.70554 17.180 0.011
2453665.72777 17.185 0.012
2453666.65581 17.182 0.008
2453666.72117 17.169 0.010
2453666.74617 17.173 0.010
2453668.56808 17.197 0.010
2453668.61132 17.208 0.010
2453668.63411 17.233 0.009
2453668.65654 17.214 0.010
2453668.67906 17.198 0.009
2453669.63382 17.252 0.012
2453670.70528 17.211 0.011
2453671.57911 17.265 0.012
2453671.60472 17.310 0.013
2453671.62354 17.252 0.011
2453671.68723 17.217 0.010
2453672.57792 17.270 0.012
2453672.60039 17.254 0.011
2453672.62400 17.303 0.011
2453672.64642 17.257 0.010
2453673.69216 17.300 0.011
2453674.62437 17.278 0.009
2453674.71937 17.291 0.009
2453674.79665 17.332 0.012
2453674.82210 17.259 0.012
2453675.59419 17.282 0.010
2453675.65426 17.308 0.010
2453675.76234 17.331 0.011
2453676.62344 17.336 0.010
2453676.64887 17.308 0.010
2453676.67720 17.298 0.010
2453676.69920 17.327 0.011
2453681.59067 17.425 0.015
2453682.57754 17.370 0.013
2453682.59995 17.431 0.014
2453682.62264 17.398 0.013
2453682.64769 17.452 0.015
2453683.57141 17.391 0.012
2453683.59874 17.343 0.011
2453683.62507 17.379 0.012
2453683.64356 17.387 0.012
2453684.61341 17.373 0.010
2453684.69009 17.403 0.011
2453684.72535 17.373 0.010
2453684.75122 17.372 0.011
2453685.59532 17.404 0.011
2453685.61760 17.384 0.011
2453685.64877 17.363 0.011
2453685.67595 17.377 0.010
2453686.56015 17.399 0.013
2453686.60554 17.407 0.012
2453686.62815 17.373 0.012
2453686.65045 17.400 0.012
2453687.57533 17.396 0.012
2453687.60029 17.435 0.012
2453687.62272 17.401 0.012
2453687.64343 17.412 0.011
2453688.53329 17.448 0.012
2453688.55583 17.398 0.012
2453688.57854 17.420 0.012
2453688.60085 17.422 0.011
2453689.55357 17.449 0.012
2453689.57564 17.444 0.012
2453689.59581 17.382 0.012
2453689.62559 17.418 0.012
2453690.53917 17.466 0.017
2453690.56481 17.486 0.015
2453690.59222 17.416 0.013
2453690.64961 17.426 0.016
2453691.54450 17.449 0.014
2453691.58283 17.429 0.013
2453692.54716 17.479 0.013
2453692.56694 17.483 0.014
2453692.61398 17.474 0.013
2453693.53420 17.437 0.016
2453693.55892 17.480 0.017
2453693.61280 17.446 0.014
2453694.57849 17.542 0.013
2453694.62337 17.546 0.011
2453695.56248 17.487 0.012
2453695.58616 17.494 0.014
2453695.63607 17.515 0.012
2453696.51461 17.518 0.014
2453696.55137 17.468 0.011
2453696.59733 17.507 0.011
2453696.64361 17.451 0.010
2453699.55705 17.476 0.013
2453699.59910 17.569 0.013
2453699.62979 17.534 0.012
2453699.65497 17.474 0.011
2453700.55414 17.570 0.014
2453700.64068 17.573 0.015
2453701.53733 17.506 0.014
2453701.58614 17.551 0.014
2453701.63330 17.537 0.013
2453701.68106 17.525 0.013
2453702.56096 17.563 0.015
2453702.58006 17.506 0.014
2453702.60474 17.606 0.014
2453702.65363 17.518 0.012
2453703.59278 17.556 0.011
2453703.63816 17.564 0.012
2453703.70310 17.559 0.012
2453704.51859 17.548 0.020
2453704.58302 17.603 0.015
2453704.65328 17.554 0.012
2453705.52182 17.588 0.016
2453705.56252 17.586 0.011
2453705.62589 17.575 0.011
2453705.67168 17.570 0.012
2453706.52763 17.588 0.012
2453706.57210 17.604 0.012
2453706.60718 17.560 0.011
2453706.66816 17.553 0.011
2453707.54787 17.624 0.016
2453707.56998 17.614 0.014
2453707.59249 17.575 0.012
2453708.59475 17.646 0.016
2453708.60620 17.605 0.015
2453708.62845 17.576 0.015
2453708.63642 17.578 0.015
2453711.56775 17.604 0.016
2453711.58612 17.631 0.016
2453711.60862 17.611 0.015
2453711.61657 17.584 0.015
2453712.55774 17.630 0.013
2453712.58503 17.611 0.013
2453712.60720 17.613 0.015
2453712.65321 17.590 0.015
2453713.54321 17.642 0.017
2453713.56835 17.606 0.015
2453713.59016 17.638 0.014
2453713.60868 17.590 0.013
2453714.56537 17.634 0.015
2453714.58763 17.600 0.014
2453714.61385 17.597 0.014
2453714.62156 17.665 0.015
2453715.54318 17.618 0.015
2453715.56604 17.595 0.012
2453715.59415 17.633 0.014
2453715.61670 17.605 0.017
2453716.55097 17.625 0.020
2453717.59500 17.634 0.015
2453717.62094 17.615 0.013
2453717.62852 17.626 0.014
2453718.54823 17.640 0.018
2453718.57120 17.644 0.016
2453718.60055 17.619 0.017
2453718.62289 17.671 0.018
2453719.54708 17.610 0.018
2453719.57582 17.636 0.017
2453719.59109 17.643 0.016
2453719.62216 17.675 0.017
2453720.53948 17.665 0.020
2453720.56155 17.628 0.020
2453720.58669 17.658 0.018
2453720.60861 17.595 0.017
2453721.54083 17.693 0.021
2453721.55779 17.659 0.016
2453721.57657 17.668 0.016
2453721.60334 17.682 0.020
2453722.54733 17.690 0.018
2453722.56920 17.634 0.017
2453722.59132 17.629 0.015
2453722.59907 17.661 0.017
2453724.60021 17.705 0.015
2453724.62518 17.650 0.015
2453725.55619 17.720 0.014
2453725.60983 17.662 0.013
2453725.67153 17.722 0.020
2453726.54330 17.720 0.014
2453726.57748 17.714 0.016
2453726.62066 17.646 0.015
2453726.65186 17.695 0.018
2453727.55049 17.673 0.016
2453727.57270 17.671 0.014
2453728.54877 17.720 0.016
2453728.57541 17.639 0.016
2453728.60063 17.657 0.015
2453730.53401 17.731 0.016
2453730.59999 17.691 0.012
2453731.53268 17.747 0.026
2453731.53765 17.756 0.021
2453732.59545 17.712 0.018
2453732.61775 17.748 0.015
2453734.60464 17.750 0.016
2453734.62722 17.720 0.014
2453734.63956 17.734 0.013
2453735.55474 17.783 0.017
2453735.57724 17.739 0.014
2453735.59954 17.723 0.013
2453736.56225 17.768 0.015
2453736.60727 17.758 0.014
2453737.57184 17.716 0.015
2453737.59424 17.767 0.016
2453739.53342 17.787 0.021
2453739.56197 17.746 0.014
2453739.57698 17.720 0.014
2453740.53654 17.789 0.018
2453740.57342 17.783 0.016
2453741.55276 17.825 0.021
2453741.57459 17.822 0.018
2453742.55294 17.815 0.023
2453742.57654 17.776 0.023
2453743.55275 17.774 0.017
2453743.57600 17.761 0.019
2453745.55253 17.819 0.022
2453745.57833 17.794 0.017
2453746.55203 17.911 0.025
2453746.57813 17.815 0.021
2453747.55392 17.837 0.025
2453747.57724 17.816 0.020
2453748.55737 17.755 0.026
2453748.57957 17.762 0.028
2453749.55386 17.791 0.032
2453751.53968 17.837 0.027
2453751.56268 17.879 0.026
2453751.58510 17.790 0.025
2453756.54857 17.781 0.020
2453756.57467 17.865 0.021
2453758.57620 17.865 0.023
2453759.55892 17.813 0.021
2453759.58145 17.818 0.020
2453760.55507 17.844 0.022
2453762.58524 17.794 0.020
2453763.54327 17.839 0.014
2453763.56731 17.853 0.016
2453764.57483 17.884 0.018
2453765.54970 17.848 0.013
2453765.56801 17.845 0.013
2453766.54597 17.870 0.016
2453766.56886 17.835 0.015
2453768.54275 17.827 0.023
2453769.54419 17.834 0.019
2453769.56597 17.871 0.019
2453771.53966 17.910 0.023
2453771.56164 17.823 0.020
2453772.57194 17.894 0.023
2453773.53981 17.881 0.021
2453774.52393 17.849 0.032
2453775.54477 17.949 0.025
2453775.56657 17.843 0.021
2453776.52105 17.865 0.032
2453776.53964 17.922 0.021
2453777.54355 17.918 0.022
2453777.56563 17.899 0.021
2453778.52262 17.933 0.029
2453778.56365 17.881 0.022
2453780.52707 17.867 0.024
2453786.51812 17.882 0.023
2453786.52695 17.874 0.021
2453787.52401 17.955 0.024
2453787.52834 17.958 0.023
2453788.51403 17.953 0.028
2453788.52260 17.910 0.021
2453789.51426 17.870 0.020
2453789.51847 17.887 0.018
2453791.51486 17.920 0.025
2453791.51872 17.956 0.024
2453900.90750 18.109 0.022
2453901.92244 18.082 0.023
2453904.91600 18.159 0.020
2453906.93532 18.061 0.018
2453908.93285 18.100 0.016
2453909.91847 18.063 0.018
2453912.93985 18.099 0.017
2453913.88984 18.092 0.016
2453915.90182 18.090 0.018
2453917.88985 18.113 0.020
2453918.89805 18.104 0.018
2453920.93384 18.079 0.017
2453931.86292 18.186 0.025
2453933.83089 18.197 0.022
2453934.91273 18.129 0.019
2453935.86775 18.091 0.018
2453936.92116 18.110 0.019
2453944.91683 18.094 0.022
2453945.89789 18.059 0.016
2453946.88795 18.106 0.022
2453950.89656 18.171 0.020
2453958.86279 18.050 0.027
2453959.85883 18.159 0.028
2453960.84903 18.163 0.020
2453961.86037 18.194 0.031
2453963.84179 18.257 0.041
2453964.84000 18.088 0.014
2453965.83735 18.135 0.014
2453966.83617 18.136 0.019
2453967.87950 18.127 0.017
2453968.82930 18.172 0.021
2453969.82888 18.187 0.022
2453970.82687 18.122 0.017
2453971.79935 18.136 0.017
2453973.79421 18.143 0.021
2453974.80104 18.143 0.023
2453975.80892 18.191 0.020
2453979.75857 18.102 0.020
2453980.73759 18.235 0.024
2453981.73749 18.115 0.020
2453982.80333 18.154 0.021
2453983.89511 18.122 0.023
2453986.77529 18.109 0.021
2453987.80079 18.160 0.023
2453988.85703 18.147 0.025
2453990.71600 18.135 0.019
2453994.73939 18.148 0.019
2453995.76379 18.111 0.016
2453998.86187 18.083 0.024
2453999.77283 18.129 0.018
2454001.67868 18.124 0.016
2454002.74402 18.181 0.017
2454003.69029 18.165 0.019
2454004.71571 18.071 0.021
2454005.76498 18.167 0.018
2454006.72133 18.230 0.016
2454007.68234 18.198 0.019
2454008.68874 18.162 0.014
2454011.71832 18.183 0.019
2454013.72332 18.142 0.021
2454016.69626 18.132 0.021
2454018.69201 18.153 0.022
2454019.76025 18.137 0.020
2454020.73434 18.140 0.019
2454021.70052 18.162 0.020
2454023.68160 18.200 0.021
2454025.72994 18.119 0.019
2454026.65138 18.161 0.017
2454027.66978 18.129 0.019
2454031.63901 18.131 0.016
2454036.69756 18.170 0.020
2454037.71337 18.178 0.020
2454039.62658 18.228 0.022
2454040.61044 18.183 0.023
2454041.66466 18.103 0.024
2454042.67835 18.207 0.026
2454043.65505 18.200 0.027
2454046.63873 18.213 0.033
2454047.63199 18.191 0.024
2454048.60733 18.149 0.021
2454049.64622 18.126 0.017
2454050.63025 18.194 0.020
2454052.62251 18.127 0.015
2454053.64765 18.148 0.018
2454054.63920 18.210 0.028
2454058.58836 18.141 0.019
2454059.53605 18.110 0.020
2454060.57865 18.130 0.019
2454063.62348 18.204 0.019
2454064.57699 18.121 0.016
2454066.59386 18.233 0.022
2454067.56720 18.164 0.020
2454068.53158 18.123 0.019
2454070.56722 18.218 0.023
2454071.56669 18.199 0.025
2454074.58220 18.171 0.024
2454077.57285 18.132 0.027
2454079.60032 18.118 0.021
2454082.63452 18.167 0.028
2454087.58154 18.182 0.023
2454093.55234 18.173 0.020
2454095.62553 18.098 0.019
2454096.60335 18.138 0.022
2454097.63695 18.125 0.025
2454098.55960 18.244 0.027
2454100.60601 18.255 0.026
2454103.57453 18.123 0.026
2454105.61567 18.154 0.023
2454108.57689 18.131 0.018
2454112.54443 18.128 0.024
2454115.57400 18.126 0.020
2454119.56137 18.285 0.027
