6400.000000 +0.953845
6400.103691 +0.951486
6400.207383 +0.948424
6400.311074 +0.946398
6400.414766 +0.947216
6400.518457 +0.948446
6400.622148 +0.952988
6400.725840 +0.957858
6400.829531 +0.955391
6400.933223 +0.955630
6401.036914 +0.952529
6401.140606 +0.948140
6401.244297 +0.950486
6401.347988 +0.950693
6401.451680 +0.951890
6401.555371 +0.950901
6401.659063 +0.952521
6401.762754 +0.954409
6401.866445 +0.957235
6401.970137 +0.967787
6402.073828 +0.973284
6402.177520 +0.976406
6402.281211 +0.967871
6402.384903 +0.966397
6402.488594 +0.966502
6402.592285 +0.972232
6402.695977 +0.983197
6402.799668 +0.988443
6402.903360 +0.991913
6403.007051 +0.995832
6403.110742 +0.994619
6403.214434 +0.993471
6403.318125 +0.997489
6403.421817 +1.001385
6403.525508 +0.996812
6403.629199 +0.992254
6403.732891 +0.999505
6403.836582 +1.005697
6403.940274 +1.006215
6404.043965 +0.998003
6404.147657 +0.997480
6404.251348 +0.992494
6404.355039 +0.985411
6404.458731 +0.988615
6404.562422 +0.997901
6404.666114 +0.989330
6404.769805 +0.980193
6404.873496 +0.980015
6404.977188 +0.977369
6405.080879 +0.976532
6405.184571 +0.973101
6405.288262 +0.970848
6405.391954 +0.970157
6405.495645 +0.966680
6405.599336 +0.965346
6405.703028 +0.962368
6405.806719 +0.956096
6405.910411 +0.961825
6406.014102 +0.967754
6406.117793 +0.963170
6406.221485 +0.963145
6406.325176 +0.966256
6406.428868 +0.966325
6406.532559 +0.965596
6406.636250 +0.962013
6406.739942 +0.961146
6406.843633 +0.961871
6406.947325 +0.958233
6407.051016 +0.959434
6407.154708 +0.963036
6407.258399 +0.960513
6407.362090 +0.960931
6407.465782 +0.958968
6407.569473 +0.958074
6407.673165 +0.963391
6407.776856 +0.962074
6407.880547 +0.961480
6407.984239 +0.963345
6408.087930 +0.964462
6408.191622 +0.959256
6408.295313 +0.957814
6408.399005 +0.956516
6408.502696 +0.953897
6408.606387 +0.951357
6408.710079 +0.947201
6408.813770 +0.946507
6408.917462 +0.953199
6409.021153 +0.947266
6409.124844 +0.939057
6409.228536 +0.943672
6409.332227 +0.945663
6409.435919 +0.940530
6409.539610 +0.933645
6409.643302 +0.938864
6409.746993 +0.940429
6409.850684 +0.940245
6409.954376 +0.941895
6410.058067 +0.939568
6410.161759 +0.939474
6410.265450 +0.948132
6410.369141 +0.951108
6410.472833 +0.950981
6410.576524 +0.949468
6410.680216 +0.953979
6410.783907 +0.958388
6410.887598 +0.960924
6410.991290 +0.964754
6411.094981 +0.965226
6411.198673 +0.962176
6411.302364 +0.963556
6411.406056 +0.967528
6411.509747 +0.967634
6411.613438 +0.968770
6411.717130 +0.964094
6411.820821 +0.965279
6411.924513 +0.965445
6412.028204 +0.966032
6412.131895 +0.967919
6412.235587 +0.965232
6412.339278 +0.958902
6412.442970 +0.956983
6412.546661 +0.955406
6412.650353 +0.958511
6412.754044 +0.960917
6412.857735 +0.953251
6412.961427 +0.947638
6413.065118 +0.952205
6413.168810 +0.955360
6413.272501 +0.959059
6413.376192 +0.955736
6413.479884 +0.958966
6413.583575 +0.964679
6413.687267 +0.959742
6413.790958 +0.957196
6413.894649 +0.959595
6413.998341 +0.965867
6414.102032 +0.966336
6414.205724 +0.962905
6414.309415 +0.967255
6414.413107 +0.973991
6414.516798 +0.969770
6414.620489 +0.970230
6414.724181 +0.972910
6414.827872 +0.971015
6414.931564 +0.971934
6415.035255 +0.972935
6415.138946 +0.975990
6415.242638 +0.976433
6415.346329 +0.978008
6415.450021 +0.979768
6415.553712 +0.978282
6415.657404 +0.973098
6415.761095 +0.967531
6415.864786 +0.961375
6415.968478 +0.953327
6416.072169 +0.953980
6416.175861 +0.968107
6416.279552 +0.973449
6416.383243 +0.967844
6416.486935 +0.966773
6416.590626 +0.968799
6416.694318 +0.955371
6416.798009 +0.951880
6416.901700 +0.962861
6417.005392 +0.964252
6417.109083 +0.962982
6417.212775 +0.984277
6417.316466 +0.983872
6417.420158 +0.965255
6417.523849 +0.961904
6417.627540 +0.964084
6417.731232 +0.959822
6417.834923 +0.960412
6417.938615 +0.959711
6418.042306 +0.953572
6418.145997 +0.950812
6418.249689 +0.948604
6418.353380 +0.943743
6418.457072 +0.942064
6418.560763 +0.941090
6418.664455 +0.936997
6418.768146 +0.934358
6418.871837 +0.937323
6418.975529 +0.936461
6419.079220 +0.936395
6419.182912 +0.933690
6419.286603 +0.928219
6419.390294 +0.933994
6419.493986 +0.938081
6419.597677 +0.935644
6419.701369 +0.938617
6419.805060 +0.939552
6419.908751 +0.938037
6420.012443 +0.939696
6420.116134 +0.939970
6420.219826 +0.941058
6420.323517 +0.941877
6420.427209 +0.948234
6420.530900 +0.950250
6420.634591 +0.947022
6420.738283 +0.949457
6420.841974 +0.951790
6420.945666 +0.948484
6421.049357 +0.949828
6421.153048 +0.953340
6421.256740 +0.956657
6421.360431 +0.954042
6421.464123 +0.951445
6421.567814 +0.952095
6421.671506 +0.951785
6421.775197 +0.953434
6421.878888 +0.955338
6421.982580 +0.958802
6422.086271 +0.955627
6422.189963 +0.954404
6422.293654 +0.957161
6422.397345 +0.958048
6422.501037 +0.960193
6422.604728 +0.963174
6422.708420 +0.962616
6422.812111 +0.964469
6422.915802 +0.969788
6423.019494 +0.968990
6423.123185 +0.964217
6423.226877 +0.968945
6423.330568 +0.977459
6423.434260 +0.975122
6423.537951 +0.975154
6423.641642 +0.980503
6423.745334 +0.983275
6423.849025 +0.982923
6423.952717 +0.985291
6424.056408 +0.990442
6424.160099 +0.992798
6424.263791 +0.992682
6424.367482 +0.996590
6424.471174 +1.003225
6424.574865 +1.001693
6424.678557 +0.997500
6424.782248 +0.996625
6424.885939 +0.996919
6424.989631 +0.997896
6425.093322 +0.995232
6425.197014 +0.993220
6425.300705 +0.995710
6425.404396 +0.998831
6425.508088 +0.996891
6425.611779 +0.994678
6425.715471 +0.995908
6425.819162 +0.991061
6425.922853 +0.990760
6426.026545 +0.996915
6426.130236 +1.001546
6426.233928 +1.000519
6426.337619 +0.994678
6426.441311 +0.994704
6426.545002 +0.994997
6426.648693 +0.994372
6426.752385 +0.995532
6426.856076 +0.998313
6426.959768 +0.996475
6427.063459 +0.988709
6427.167150 +0.990652
6427.270842 +0.991129
6427.374533 +0.986559
6427.478225 +0.991654
6427.581916 +0.991279
6427.685608 +0.982494
6427.789299 +0.981881
6427.892990 +0.979633
6427.996682 +0.974191
6428.100373 +0.971970
6428.204065 +0.968999
6428.307756 +0.968876
6428.411447 +0.962911
6428.515139 +0.959213
6428.618830 +0.964350
6428.722522 +0.965182
6428.826213 +0.963991
6428.929905 +0.961886
6429.033596 +0.958476
6429.137287 +0.959789
6429.240979 +0.958221
6429.344670 +0.955733
6429.448362 +0.951896
6429.552053 +0.953703
6429.655744 +0.960621
6429.759436 +0.960961
6429.863127 +0.954057
6429.966819 +0.947873
6430.070510 +0.942692
6430.174201 +0.942737
6430.277893 +0.942763
6430.381584 +0.939451
6430.485276 +0.941308
6430.588967 +0.946604
6430.692659 +0.945565
6430.796350 +0.941747
6430.900041 +0.941924
6431.003733 +0.943616
6431.107424 +0.942064
6431.211116 +0.943532
6431.314807 +0.952561
6431.418498 +0.949817
6431.522190 +0.939263
6431.625881 +0.940656
6431.729573 +0.948765
6431.833264 +0.948295
6431.936956 +0.947372
6432.040647 +0.955784
6432.144338 +0.957077
6432.248030 +0.951887
6432.351721 +0.947992
6432.455413 +0.952519
6432.559104 +0.953748
6432.662795 +0.955154
6432.766487 +0.953211
6432.870178 +0.949505
6432.973870 +0.949047
6433.077561 +0.958472
6433.181252 +0.966338
6433.284944 +0.962879
6433.388635 +0.966320
6433.492327 +0.971832
6433.596018 +0.974949
6433.699710 +0.977458
6433.803401 +0.977631
6433.907092 +0.975916
6434.010784 +0.979227
6434.114475 +0.980629
6434.218167 +0.981390
6434.321858 +0.980600
6434.425549 +0.981305
6434.529241 +0.981671
6434.632932 +0.982055
6434.736624 +0.982110
6434.840315 +0.986089
6434.944007 +0.986403
6435.047698 +0.986686
6435.151389 +0.988008
6435.255081 +0.986379
6435.358772 +0.979013
6435.462464 +0.976550
6435.566155 +0.979460
6435.669846 +0.976961
6435.773538 +0.977176
6435.877229 +0.973312
6435.980921 +0.971314
6436.084612 +0.966877
6436.188303 +0.960472
6436.291995 +0.956680
6436.395686 +0.954456
6436.499378 +0.953911
6436.603069 +0.955626
6436.706761 +0.957928
6436.810452 +0.955704
6436.914143 +0.951161
6437.017835 +0.949563
6437.121526 +0.951870
6437.225218 +0.950570
6437.328909 +0.952901
6437.432600 +0.949072
6437.536292 +0.941499
6437.639983 +0.941572
6437.743675 +0.944302
6437.847366 +0.947160
6437.951058 +0.946391
6438.054749 +0.945625
6438.158440 +0.946260
6438.262132 +0.945994
6438.365823 +0.951072
6438.469515 +0.950609
6438.573206 +0.949058
6438.676897 +0.947110
6438.780589 +0.946202
6438.884280 +0.943536
6438.987972 +0.949642
6439.091663 +0.953570
6439.195354 +0.949665
6439.299046 +0.950265
6439.402737 +0.953253
6439.506429 +0.956495
6439.610120 +0.957680
6439.713812 +0.957041
6439.817503 +0.956549
6439.921194 +0.956045
6440.024886 +0.952079
6440.128577 +0.951385
6440.232269 +0.957598
6440.335960 +0.960486
6440.439651 +0.958485
6440.543343 +0.958356
6440.647034 +0.956633
6440.750726 +0.958337
6440.854417 +0.964046
6440.958109 +0.965325
6441.061800 +0.962974
6441.165491 +0.970044
6441.269183 +0.970967
6441.372874 +0.965804
6441.476566 +0.968102
6441.580257 +0.974213
6441.683948 +0.981752
6441.787640 +0.987681
6441.891331 +0.988619
6441.995023 +0.987421
6442.098714 +0.992859
6442.202405 +1.000704
6442.306097 +1.000560
6442.409788 +1.008460
6442.513480 +1.011719
6442.617171 +0.998271
6442.720863 +1.000746
6442.824554 +1.005661
6442.928245 +0.996762
6443.031937 +0.998209
6443.135628 +0.998988
6443.239320 +0.994222
6443.343011 +0.996092
6443.446702 +0.999094
6443.550394 +0.995028
6443.654085 +0.998296
6443.757777 +1.003644
6443.861468 +1.001597
6443.965160 +1.003117
6444.068851 +1.002634
6444.172542 +1.002163
6444.276234 +0.999263
6444.379925 +1.000289
6444.483617 +1.000410
6444.587308 +1.002358
6444.690999 +1.001250
6444.794691 +0.999707
6444.898382 +1.001111
6445.002074 +1.000630
6445.105765 +1.002106
6445.209457 +1.001307
6445.313148 +0.999510
6445.416839 +0.999966
6445.520531 +0.999766
6445.624222 +0.999102
6445.727914 +0.995829
6445.831605 +1.007128
6445.935296 +1.075179
6446.038988 +1.073720
6446.142679 +1.025656
6446.246371 +1.107103
6446.350062 +1.063155
6446.453753 +0.992128
6446.557445 +0.984400
6446.661136 +0.973731
6446.764828 +0.973914
6446.868519 +0.971956
6446.972211 +0.967045
6447.075902 +0.960620
6447.179593 +0.956307
6447.283285 +0.954939
6447.386976 +0.952736
6447.490668 +0.948650
6447.594359 +0.947069
6447.698050 +0.942927
6447.801742 +0.945222
6447.905433 +0.940528
6448.009125 +0.938089
6448.112816 +0.936733
6448.216508 +0.936566
6448.320199 +0.934905
6448.423890 +0.941420
6448.527582 +0.938794
6448.631273 +0.934832
6448.734965 +0.930666
6448.838656 +0.928308
6448.942347 +0.933596
6449.046039 +0.934939
6449.149730 +0.931086
6449.253422 +0.933993
6449.357113 +0.930983
6449.460804 +0.925819
6449.564496 +0.927292
6449.668187 +0.933418
6449.771879 +0.938264
6449.875570 +0.941816
6449.979262 +0.937359
6450.082953 +0.936447
6450.186644 +0.939513
6450.290336 +0.937388
6450.394027 +0.941508
6450.497719 +0.944625
6450.601410 +0.943533
6450.705101 +0.942334
6450.808793 +0.940504
6450.912484 +0.939464
6451.016176 +0.944469
6451.119867 +0.946515
6451.223559 +0.946671
6451.327250 +0.943066
6451.430941 +0.943947
6451.534633 +0.944656
6451.638324 +0.946033
6451.742016 +0.947701
6451.845707 +0.949840
6451.949398 +0.952471
6452.053090 +0.954885
6452.156781 +0.953160
6452.260473 +0.950416
6452.364164 +0.953990
6452.467855 +0.957628
6452.571547 +0.962380
6452.675238 +0.968182
6452.778930 +0.967965
6452.882621 +0.966996
6452.986313 +0.966567
6453.090004 +0.964425
6453.193695 +0.963245
6453.297387 +0.962897
6453.401078 +0.958933
6453.504770 +0.957798
6453.608461 +0.956798
6453.712152 +0.953684
6453.815844 +0.949924
6453.919535 +0.942612
6454.023227 +0.940141
6454.126918 +0.944473
6454.230610 +0.948897
6454.334301 +0.946155
6454.437992 +0.946517
6454.541684 +0.944894
6454.645375 +0.939461
6454.749067 +0.942559
6454.852758 +0.948590
6454.956449 +0.945432
6455.060141 +0.948570
6455.163832 +0.947615
6455.267524 +0.944098
6455.371215 +0.945751
6455.474906 +0.947140
6455.578598 +0.943962
6455.682289 +0.940476
6455.785981 +0.945294
6455.889672 +0.950214
6455.993364 +0.948600
6456.097055 +0.949260
6456.200746 +0.955875
6456.304438 +0.958165
6456.408129 +0.957457
6456.511821 +0.951323
6456.615512 +0.952471
6456.719203 +0.955880
6456.822895 +0.955736
6456.926586 +0.956416
6457.030278 +0.956336
6457.133969 +0.961705
6457.237661 +0.966161
6457.341352 +0.965414
6457.445043 +0.962727
6457.548735 +0.962718
6457.652426 +0.963647
6457.756118 +0.962278
6457.859809 +0.958699
6457.963500 +0.963097
6458.067192 +0.972561
6458.170883 +0.975605
6458.274575 +0.969805
6458.378266 +0.974149
6458.481957 +0.970646
6458.585649 +0.972217
6458.689340 +0.973743
6458.793032 +0.972051
6458.896723 +0.976111
6459.000415 +0.984665
6459.104106 +0.987639
6459.207797 +0.983378
6459.311489 +0.982332
6459.415180 +0.979227
6459.518872 +0.979752
6459.622563 +0.971674
6459.726254 +0.960476
6459.829946 +0.962628
6459.933637 +0.963147
6460.037329 +0.956447
6460.141020 +0.953486
6460.244712 +0.952167
6460.348403 +0.952138
6460.452094 +0.950689
6460.555786 +0.949639
6460.659477 +0.952581
6460.763169 +0.952339
6460.866860 +0.945662
6460.970551 +0.945080
6461.074243 +0.944772
6461.177934 +0.940991
6461.281626 +0.940649
6461.385317 +0.942388
6461.489009 +0.937722
6461.592700 +0.933038
6461.696391 +0.931756
6461.800083 +0.936012
6461.903774 +0.933740
6462.007466 +0.934889
6462.111157 +0.941051
6462.214848 +0.946125
6462.318540 +0.951936
6462.422231 +0.949228
6462.525923 +0.946766
6462.629614 +0.948066
6462.733305 +0.946964
6462.836997 +0.945989
6462.940688 +0.950537
6463.044380 +0.951129
6463.148071 +0.947263
6463.251763 +0.943987
6463.355454 +0.943815
6463.459145 +0.944844
6463.562837 +0.939588
6463.666528 +0.942827
6463.770220 +0.950283
6463.873911 +0.953507
6463.977602 +0.971232
6464.081294 +1.059773
6464.184985 +1.056028
6464.288677 +0.972049
6464.392368 +0.944704
6464.496060 +0.949383
6464.599751 +0.949914
6464.703442 +0.954089
6464.807134 +0.957838
6464.910825 +0.959173
6465.014517 +0.958146
6465.118208 +0.958847
6465.221899 +0.966789
6465.325591 +0.973732
6465.429282 +0.982521
6465.532974 +0.994134
6465.636665 +0.995275
6465.740356 +0.991590
6465.844048 +0.988306
6465.947739 +0.987194
6466.051431 +0.988752
6466.155122 +0.989392
6466.258814 +0.980808
6466.362505 +0.975730
6466.466196 +0.980002
6466.569888 +0.981197
6466.673579 +0.979034
6466.777271 +0.981721
6466.880962 +0.983389
6466.984653 +0.991334
6467.088345 +0.995557
6467.192036 +0.982674
6467.295728 +0.978337
6467.399419 +0.984226
6467.503111 +0.984524
6467.606802 +0.985720
6467.710493 +0.982028
6467.814185 +0.977803
6467.917876 +0.977010
6468.021568 +0.976749
6468.125259 +0.979174
6468.228950 +0.977627
6468.332642 +0.974648
6468.436333 +0.978801
6468.540025 +0.978026
6468.643716 +0.974274
6468.747407 +0.972738
6468.851099 +0.968893
6468.954790 +0.968614
6469.058482 +0.964663
6469.162173 +0.958994
6469.265865 +0.958000
6469.369556 +0.958401
6469.473247 +0.958858
6469.576939 +0.956116
6469.680630 +0.958870
6469.784322 +0.961591
6469.888013 +0.961195
6469.991704 +0.957820
6470.095396 +0.960132
6470.199087 +0.963070
6470.302779 +0.966092
6470.406470 +0.966735
6470.510162 +0.961947
6470.613853 +0.964442
6470.717544 +0.964881
6470.821236 +0.964570
6470.924927 +0.961418
6471.028619 +0.959988
6471.132310 +0.964819
6471.236001 +0.966857
6471.339693 +0.970570
6471.443384 +0.975187
6471.547076 +0.972480
6471.650767 +0.974194
6471.754458 +0.976489
6471.858150 +0.974908
6471.961841 +0.975569
6472.065533 +0.976271
6472.169224 +0.975141
6472.272916 +0.972133
6472.376607 +0.963278
6472.480298 +0.954824
6472.583990 +0.957732
6472.687681 +0.962078
6472.791373 +0.962843
6472.895064 +0.963348
6472.998755 +0.959037
6473.102447 +0.949827
6473.206138 +0.948668
6473.309830 +0.957459
6473.413521 +0.965538
6473.517213 +0.966867
6473.620904 +0.967614
6473.724595 +0.968448
6473.828287 +0.963471
6473.931978 +0.966594
6474.035670 +0.971477
6474.139361 +0.970650
6474.243052 +0.973399
6474.346744 +0.975529
6474.450435 +0.977788
6474.554127 +0.980592
6474.657818 +0.978003
6474.761509 +0.975767
6474.865201 +0.969637
6474.968892 +0.953913
6475.072584 +0.941001
6475.176275 +0.944388
6475.279967 +0.961396
6475.383658 +0.974154
6475.487349 +0.975051
6475.591041 +0.966862
6475.694732 +0.954487
6475.798424 +0.946110
6475.902115 +0.956597
6476.005806 +0.975151
6476.109498 +0.978279
6476.213189 +0.980075
6476.316881 +0.989604
6476.420572 +0.992513
6476.524264 +0.988114
6476.627955 +0.987579
6476.731646 +0.993114
6476.835338 +0.990742
6476.939029 +0.982102
6477.042721 +0.976989
6477.146412 +0.976237
6477.250103 +0.980546
6477.353795 +0.987030
6477.457486 +0.992207
6477.561178 +0.992175
6477.664869 +0.994731
6477.768560 +0.999638
6477.872252 +0.998229
6477.975943 +0.998010
6478.079635 +0.999656
6478.183326 +0.999454
6478.287018 +0.998849
6478.390709 +1.000760
6478.494400 +0.999533
6478.598092 +0.995979
6478.701783 +0.996718
6478.805475 +0.995574
6478.909166 +0.991170
6479.012857 +0.983905
6479.116549 +0.980089
6479.220240 +0.979841
6479.323932 +0.974181
6479.427623 +0.971366
6479.531315 +0.970848
6479.635006 +0.971006
6479.738697 +0.971426
6479.842389 +0.961904
6479.946080 +0.950680
6480.049772 +0.943324
6480.153463 +0.945728
6480.257154 +0.957106
6480.360846 +0.964790
6480.464537 +0.968364
6480.568229 +0.971199
6480.671920 +0.969508
6480.775612 +0.963774
6480.879303 +0.961260
6480.982994 +0.963798
6481.086686 +0.965601
6481.190377 +0.969375
6481.294069 +0.972294
6481.397760 +0.968832
6481.501451 +0.968719
6481.605143 +0.963892
6481.708834 +0.964512
6481.812526 +0.973537
6481.916217 +0.973428
6482.019908 +0.972312
6482.123600 +0.973876
6482.227291 +0.973413
6482.330983 +0.974151
6482.434674 +0.971104
6482.538366 +0.969754
6482.642057 +0.976806
6482.745748 +0.978921
6482.849440 +0.973116
6482.953131 +0.964143
6483.056823 +0.950719
6483.160514 +0.935562
6483.264205 +0.933521
6483.367897 +0.949820
6483.471588 +0.962892
6483.575280 +0.957916
6483.678971 +0.948451
6483.782663 +0.941581
6483.886354 +0.940748
6483.990045 +0.954549
6484.093737 +0.973002
6484.197428 +0.974180
6484.301120 +0.972646
6484.404811 +0.976678
6484.508502 +0.973525
6484.612194 +0.970043
6484.715885 +0.973772
6484.819577 +0.979801
6484.923268 +0.991047
6485.026959 +0.997918
6485.130651 +0.992381
6485.234342 +0.990615
6485.338034 +0.990811
6485.441725 +0.990757
6485.545417 +0.992343
6485.649108 +0.988713
6485.752799 +0.992367
6485.856491 +1.003452
6485.960182 +1.008014
6486.063874 +1.005054
6486.167565 +1.001518
6486.271256 +0.996936
6486.374948 +0.996062
6486.478639 +1.000283
6486.582331 +0.998075
6486.686022 +0.988628
6486.789714 +0.983761
6486.893405 +0.986603
6486.997096 +0.995216
6487.100788 +1.002498
6487.204479 +1.000934
6487.308171 +0.996181
6487.411862 +0.997402
6487.515553 +0.998544
6487.619245 +0.998272
6487.722936 +1.003948
6487.826628 +1.002143
6487.930319 +0.998529
6488.034010 +0.998084
6488.137702 +0.999302
6488.241393 +0.997759
6488.345085 +0.996196
6488.448776 +0.996128
6488.552468 +0.989145
6488.656159 +0.986489
6488.759850 +0.991848
6488.863542 +0.989534
6488.967233 +0.978722
6489.070925 +0.976074
6489.174616 +0.980376
6489.278307 +0.981928
6489.381999 +0.985655
6489.485690 +0.986651
6489.589382 +0.985728
6489.693073 +0.998075
6489.796765 +0.998786
6489.900456 +0.989984
6490.004147 +0.989417
6490.107839 +0.983527
6490.211530 +0.977535
6490.315222 +0.977444
6490.418913 +0.972484
6490.522604 +0.957048
6490.626296 +0.939271
6490.729987 +0.922758
6490.833679 +0.923117
6490.937370 +0.938484
6491.041061 +0.948384
6491.144753 +0.952857
6491.248444 +0.952924
6491.352136 +0.950074
6491.455827 +0.943049
6491.559519 +0.938098
6491.663210 +0.938820
6491.766901 +0.937346
6491.870593 +0.928005
6491.974284 +0.917596
6492.077976 +0.910328
6492.181667 +0.906842
6492.285358 +0.906131
6492.389050 +0.907305
6492.492741 +0.897694
6492.596433 +0.883971
6492.700124 +0.878678
6492.803816 +0.873694
6492.907507 +0.864218
6493.011198 +0.859227
6493.114890 +0.856605
6493.218581 +0.857094
6493.322273 +0.864865
6493.425964 +0.867835
6493.529655 +0.871572
6493.633347 +0.869312
6493.737038 +0.858142
6493.840730 +0.860116
6493.944421 +0.858956
6494.048112 +0.853338
6494.151804 +0.853172
6494.255495 +0.845557
6494.359187 +0.837363
6494.462878 +0.837051
6494.566570 +0.843567
6494.670261 +0.847938
6494.773952 +0.849209
6494.877644 +0.852544
6494.981335 +0.849220
6495.085027 +0.847912
6495.188718 +0.849997
6495.292409 +0.840517
6495.396101 +0.837141
6495.499792 +0.840750
6495.603484 +0.832812
6495.707175 +0.819293
6495.810867 +0.812264
6495.914558 +0.815746
6496.018249 +0.825628
6496.121941 +0.836703
6496.225632 +0.842414
6496.329324 +0.842042
6496.433015 +0.844721
6496.536706 +0.856040
6496.640398 +0.862928
6496.744089 +0.857596
6496.847781 +0.855694
6496.951472 +0.861466
6497.055164 +0.868363
6497.158855 +0.866600
6497.262546 +0.863756
6497.366238 +0.864069
6497.469929 +0.863590
6497.573621 +0.866730
6497.677312 +0.873311
6497.781003 +0.882533
6497.884695 +0.889622
6497.988386 +0.888879
6498.092078 +0.888915
6498.195769 +0.892236
6498.299460 +0.895850
6498.403152 +0.899342
6498.506843 +0.900910
6498.610535 +0.901906
6498.714226 +0.906449
6498.817918 +0.909283
6498.921609 +0.905370
6499.025300 +0.905114
6499.128992 +0.912146
6499.232683 +0.921180
6499.336375 +0.924843
6499.440066 +0.927581
6499.543757 +0.933117
6499.647449 +0.930447
6499.751140 +0.935321
6499.854832 +0.947722
6499.958523 +0.954828
6500.062215 +0.957661
6500.165906 +0.954103
6500.269597 +0.954175
6500.373289 +0.957940
6500.476980 +0.960122
6500.580672 +0.958473
6500.684363 +0.953278
6500.788054 +0.960091
6500.891746 +0.961166
6500.995437 +0.949593
6501.099129 +0.946878
6501.202820 +0.948195
6501.306511 +0.951563
6501.410203 +0.957579
6501.513894 +0.958922
6501.617586 +0.956087
6501.721277 +0.961531
6501.824969 +0.969756
6501.928660 +0.975193
6502.032351 +0.982334
6502.136043 +0.984650
6502.239734 +0.980124
6502.343426 +0.977562
6502.447117 +0.981500
6502.550808 +0.986799
6502.654500 +0.990586
6502.758191 +0.991179
6502.861883 +0.994106
6502.965574 +0.990358
6503.069266 +0.987721
6503.172957 +0.989350
6503.276648 +0.987377
6503.380340 +0.985410
6503.484031 +0.984186
6503.587723 +0.990357
6503.691414 +0.991083
6503.795105 +0.989462
6503.898797 +0.993240
6504.002488 +0.992886
6504.106180 +0.987990
6504.209871 +0.988530
6504.313562 +0.990398
6504.417254 +0.995528
6504.520945 +0.999496
6504.624637 +0.997472
6504.728328 +0.999614
6504.832020 +1.000482
6504.935711 +0.998976
6505.039402 +1.001662
6505.143094 +1.005314
6505.246785 +1.004542
6505.350477 +0.999159
6505.454168 +0.998813
6505.557859 +0.999014
6505.661551 +0.999635
6505.765242 +1.002216
6505.868934 +1.001558
6505.972625 +0.998480
6506.076317 +0.998025
6506.180008 +0.995914
6506.283699 +1.000035
6506.387391 +1.005867
6506.491082 +1.004962
6506.594774 +0.999365
6506.698465 +0.996008
6506.802156 +0.999302
6506.905848 +0.997622
6507.009539 +0.994794
6507.113231 +0.998158
6507.216922 +0.996737
6507.320613 +0.996152
6507.424305 +1.003130
6507.527996 +1.002131
6507.631688 +0.995244
6507.735379 +0.990743
6507.839071 +0.990894
6507.942762 +0.998554
6508.046453 +0.998386
6508.150145 +0.995359
6508.253836 +0.995673
6508.357528 +0.990176
6508.461219 +0.978818
6508.564910 +0.972631
6508.668602 +0.985145
6508.772293 +0.997311
6508.875985 +0.996281
6508.979676 +0.995183
6509.083368 +0.994823
6509.187059 +0.994889
6509.290750 +0.997803
6509.394442 +0.995929
6509.498133 +0.997723
6509.601825 +1.000407
6509.705516 +0.999507
6509.809207 +0.997766
6509.912899 +0.996413
6510.016590 +0.999965
6510.120282 +1.001923
6510.223973 +0.999846
6510.327664 +0.999937
6510.431356 +0.999733
6510.535047 +1.002795
6510.638739 +1.003180
6510.742430 +1.001498
6510.846122 +1.001123
6510.949813 +1.000759
6511.053504 +1.002685
6511.157196 +1.003354
6511.260887 +1.003420
6511.364579 +1.006601
6511.468270 +1.005072
6511.571961 +0.998991
6511.675653 +0.994348
6511.779344 +0.994816
6511.883036 +0.995460
6511.986727 +0.995389
6512.090419 +0.997471
6512.194110 +0.998827
6512.297801 +0.998643
6512.401493 +0.996311
6512.505184 +0.997775
6512.608876 +1.004058
6512.712567 +1.007431
6512.816258 +1.002808
6512.919950 +1.002488
6513.023641 +1.000602
6513.127333 +0.995551
6513.231024 +0.997374
6513.334716 +0.995534
6513.438407 +0.989420
6513.542098 +0.987989
6513.645790 +0.988552
6513.749481 +0.990263
6513.853173 +0.986884
6513.956864 +0.985008
6514.060555 +0.988592
6514.164247 +0.987282
6514.267938 +0.982711
6514.371630 +0.976930
6514.475321 +0.970782
6514.579012 +0.957195
6514.682704 +0.942284
6514.786395 +0.945978
6514.890087 +0.966112
6514.993778 +0.983854
6515.097470 +0.985001
6515.201161 +0.980235
6515.304852 +0.973657
6515.408544 +0.973982
6515.512235 +0.973171
6515.615927 +0.967657
6515.719618 +0.961091
6515.823309 +0.954518
6515.927001 +0.959013
6516.030692 +0.966987
6516.134384 +0.964959
6516.238075 +0.952367
6516.341767 +0.933381
6516.445458 +0.911195
6516.549149 +0.903181
6516.652841 +0.915453
6516.756532 +0.939204
6516.860224 +0.954959
6516.963915 +0.950612
6517.067606 +0.947304
6517.171298 +0.956017
6517.274989 +0.966857
6517.378681 +0.966448
6517.482372 +0.965242
6517.586063 +0.969860
6517.689755 +0.968156
6517.793446 +0.963235
6517.897138 +0.956222
6518.000829 +0.957204
6518.104521 +0.960618
6518.208212 +0.962643
6518.311903 +0.969313
6518.415595 +0.975289
6518.519286 +0.975432
6518.622978 +0.977375
6518.726669 +0.979178
6518.830360 +0.977093
6518.934052 +0.976651
6519.037743 +0.977016
6519.141435 +0.973922
6519.245126 +0.968288
6519.348818 +0.960747
6519.452509 +0.956392
6519.556200 +0.966928
6519.659892 +0.981602
6519.763583 +0.987816
6519.867275 +0.983606
6519.970966 +0.981943
6520.074657 +0.989668
6520.178349 +0.986163
6520.282040 +0.981151
6520.385732 +0.992327
6520.489423 +1.000222
6520.593114 +0.997898
6520.696806 +0.992066
6520.800497 +0.991131
6520.904189 +0.995004
6521.007880 +0.995311
6521.111572 +0.997158
6521.215263 +1.000243
6521.318954 +1.002740
6521.422646 +1.003738
6521.526337 +1.003618
6521.630029 +1.003013
6521.733720 +1.002973
6521.837411 +0.998214
6521.941103 +0.993749
6522.044794 +0.999236
6522.148486 +1.002931
6522.252177 +1.002514
6522.355869 +1.007444
6522.459560 +1.010108
6522.563251 +1.006544
6522.666943 +1.005918
6522.770634 +1.012105
6522.874326 +1.009948
6522.978017 +1.002887
6523.081708 +1.002034
6523.185400 +1.000197
6523.289091 +0.997913
6523.392783 +0.997128
6523.496474 +0.992677
6523.600165 +0.986010
6523.703857 +0.978467
6523.807548 +0.971294
6523.911240 +0.972709
6524.014931 +0.978923
6524.118623 +0.985493
6524.222314 +0.992607
6524.326005 +0.992261
6524.429697 +0.992381
6524.533388 +0.992966
6524.637080 +0.990806
6524.740771 +0.990747
6524.844462 +0.989446
6524.948154 +0.993045
6525.051845 +0.995798
6525.155537 +0.988463
6525.259228 +0.984777
6525.362920 +0.986447
6525.466611 +0.986333
6525.570302 +0.987102
6525.673994 +0.987399
6525.777685 +0.984250
6525.881377 +0.979562
6525.985068 +0.980092
6526.088759 +0.987709
6526.192451 +0.995085
6526.296142 +0.993693
6526.399834 +0.988930
6526.503525 +0.985920
6526.607216 +0.984188
6526.710908 +0.986480
6526.814599 +0.991448
6526.918291 +0.997865
6527.021982 +0.992718
6527.125674 +0.985121
6527.229365 +0.988807
6527.333056 +0.993658
6527.436748 +0.992803
6527.540439 +0.989914
6527.644131 +0.991242
6527.747822 +0.989552
6527.851513 +0.985779
6527.955205 +0.984916
6528.058896 +0.988787
6528.162588 +0.991606
6528.266279 +0.987045
6528.369971 +0.987526
6528.473662 +0.993971
6528.577353 +0.990974
6528.681045 +0.989159
6528.784736 +0.992085
6528.888428 +0.992502
6528.992119 +0.993425
6529.095810 +0.994173
6529.199502 +0.994353
6529.303193 +0.994033
6529.406885 +0.990030
6529.510576 +0.987343
6529.614267 +0.989370
6529.717959 +0.991838
6529.821650 +0.994254
6529.925342 +0.994040
6530.029033 +0.993869
6530.132725 +0.992348
6530.236416 +0.991492
6530.340107 +0.992701
6530.443799 +0.989303
6530.547490 +0.985868
6530.651182 +0.985100
6530.754873 +0.986222
6530.858564 +0.984527
6530.962256 +0.982911
6531.065947 +0.985932
6531.169639 +0.988854
6531.273330 +0.989592
6531.377022 +0.992997
6531.480713 +0.991281
6531.584404 +0.986167
6531.688096 +0.986130
6531.791787 +0.982980
6531.895479 +0.983017
6531.999170 +0.982327
6532.102861 +0.972198
6532.206553 +0.963487
6532.310244 +0.960628
6532.413936 +0.965064
6532.517627 +0.975767
6532.621319 +0.981723
6532.725010 +0.982337
6532.828701 +0.991510
6532.932393 +1.000682
6533.036084 +1.002387
6533.139776 +0.996967
6533.243467 +0.985969
6533.347158 +0.979828
6533.450850 +0.984288
6533.554541 +0.986155
6533.658233 +0.982804
6533.761924 +0.983262
6533.865615 +0.978638
6533.969307 +0.972790
6534.072998 +0.978576
6534.176690 +0.984154
6534.280381 +0.985004
6534.384073 +0.989925
6534.487764 +0.991067
6534.591455 +0.988903
6534.695147 +0.989456
6534.798838 +0.989284
6534.902530 +0.992498
6535.006221 +0.991907
6535.109912 +0.989497
6535.213604 +0.997124
6535.317295 +0.998484
6535.420987 +0.992591
6535.524678 +0.995653
6535.628370 +0.999017
6535.732061 +0.997385
6535.835752 +0.996378
6535.939444 +0.996184
6536.043135 +0.994774
6536.146827 +0.996410
6536.250518 +0.996762
6536.354209 +0.991645
6536.457901 +0.990016
6536.561592 +0.992061
6536.665284 +0.991484
6536.768975 +0.994054
6536.872666 +0.998132
6536.976358 +1.004912
6537.080049 +1.013250
6537.183741 +1.010919
6537.287432 +1.005565
6537.391124 +1.004865
6537.494815 +1.005419
6537.598506 +1.004802
6537.702198 +1.006355
6537.805889 +1.005230
6537.909581 +1.001860
6538.013272 +1.005686
6538.116963 +1.011745
6538.220655 +1.013218
6538.324346 +1.009835
6538.428038 +1.006831
6538.531729 +1.006780
6538.635421 +1.005477
6538.739112 +1.009069
6538.842803 +1.013120
6538.946495 +1.012233
6539.050186 +1.003915
6539.153878 +0.996642
6539.257569 +1.001159
6539.361260 +1.005980
6539.464952 +1.004712
6539.568643 +1.005265
6539.672335 +1.005181
6539.776026 +1.009907
6539.879717 +1.011939
6539.983409 +1.012830
6540.087100 +1.013136
6540.190792 +1.012595
6540.294483 +1.008712
6540.398175 +1.005303
6540.501866 +1.008057
6540.605557 +1.012589
6540.709249 +1.012213
6540.812940 +1.007214
6540.916632 +1.007699
6541.020323 +1.011932
6541.124014 +1.012406
6541.227706 +1.011459
6541.331397 +1.017345
6541.435089 +1.021577
6541.538780 +1.014605
6541.642472 +1.013859
6541.746163 +1.014517
6541.849854 +1.006649
6541.953546 +1.005696
6542.057237 +1.006831
6542.160929 +0.997349
6542.264620 +0.997891
6542.368311 +1.001442
6542.472003 +1.003056
6542.575694 +1.005324
6542.679386 +1.008282
6542.783077 +1.006515
6542.886768 +1.007965
6542.990460 +1.002866
6543.094151 +0.995553
6543.197843 +0.993640
6543.301534 +0.990142
6543.405226 +0.985330
6543.508917 +0.980751
6543.612608 +0.975401
6543.716300 +0.964694
6543.819991 +0.952074
6543.923683 +0.948132
6544.027374 +0.962088
6544.131065 +0.975778
6544.234757 +0.979750
6544.338448 +0.985357
6544.442140 +0.984540
6544.545831 +0.981999
6544.649523 +0.983248
6544.753214 +0.982627
6544.856905 +0.982698
6544.960597 +0.984810
6545.064288 +1.029748
6545.167980 +1.050890
6545.271671 +1.015191
6545.375362 +0.998685
6545.479054 +0.994955
6545.582745 +0.989763
6545.686437 +0.994871
6545.790128 +1.002296
6545.893819 +1.002957
6545.997511 +1.007031
6546.101202 +1.013056
6546.204894 +1.018808
6546.308585 +1.020616
6546.412277 +1.020622
6546.515968 +1.023679
6546.619659 +1.027277
6546.723351 +1.026218
6546.827042 +1.028415
6546.930734 +1.033220
6547.034425 +1.038235
6547.138116 +1.040416
6547.241808 +1.038357
6547.345499 +1.040430
6547.449191 +1.038902
6547.552882 +1.038258
6547.656574 +1.037574
6547.760265 +1.044434
6547.863956 +1.052424
6547.967648 +1.058366
6548.071339 +1.062836
6548.175031 +1.061258
6548.278722 +1.060148
6548.382413 +1.062254
6548.486105 +1.053550
6548.589796 +1.041707
6548.693488 +1.055486
6548.797179 +1.071563
6548.900871 +1.080693
6549.004562 +1.087267
6549.108253 +1.096045
6549.211945 +1.099719
6549.315636 +1.105583
6549.419328 +1.109607
6549.523019 +1.108848
6549.626710 +1.114424
6549.730402 +1.126262
6549.834093 +1.127169
6549.937785 +1.127759
6550.041476 +1.130835
6550.145167 +1.130927
6550.248859 +1.130918
6550.352550 +1.132883
6550.456242 +1.134400
6550.559933 +1.138398
6550.663625 +1.139979
6550.767316 +1.136669
6550.871007 +1.134188
6550.974699 +1.143573
6551.078390 +1.147473
6551.182082 +1.151060
6551.285773 +1.160974
6551.389464 +1.163286
6551.493156 +1.160955
6551.596847 +1.163465
6551.700539 +1.165326
6551.804230 +1.164695
6551.907922 +1.169856
6552.011613 +1.176101
6552.115304 +1.176577
6552.218996 +1.178693
6552.322687 +1.178473
6552.426379 +1.168523
6552.530070 +1.154233
6552.633761 +1.152528
6552.737453 +1.168888
6552.841144 +1.197026
6552.944836 +1.209398
6553.048527 +1.212997
6553.152218 +1.221746
6553.255910 +1.223586
6553.359601 +1.229962
6553.463293 +1.231744
6553.566984 +1.225377
6553.670676 +1.228327
6553.774367 +1.232209
6553.878058 +1.238713
6553.981750 +1.246968
6554.085441 +1.253938
6554.189133 +1.264937
6554.292824 +1.275060
6554.396515 +1.283913
6554.500207 +1.291147
6554.603898 +1.295544
6554.707590 +1.307359
6554.811281 +1.315061
6554.914973 +1.322042
6555.018664 +1.330936
6555.122355 +1.335320
6555.226047 +1.341849
6555.329738 +1.350923
6555.433430 +1.351477
6555.537121 +1.362891
6555.640812 +1.372517
6555.744504 +1.379282
6555.848195 +1.393121
6555.951887 +1.395162
6556.055578 +1.399347
6556.159269 +1.410626
6556.262961 +1.420190
6556.366652 +1.417600
6556.470344 +1.422782
6556.574035 +1.437102
6556.677727 +1.439308
6556.781418 +1.440861
6556.885109 +1.438146
6556.988801 +1.435890
6557.092492 +1.430375
6557.196184 +1.432019
6557.299875 +1.444487
6557.403566 +1.460354
6557.507258 +1.466484
6557.610949 +1.462530
6557.714641 +1.462247
6557.818332 +1.458309
6557.922024 +1.450229
6558.025715 +1.440318
6558.129406 +1.432072
6558.233098 +1.431949
6558.336789 +1.431866
6558.440481 +1.427440
6558.544172 +1.417137
6558.647863 +1.405177
6558.751555 +1.393157
6558.855246 +1.384639
6558.958938 +1.375872
6559.062629 +1.364322
6559.166320 +1.348702
6559.270012 +1.331832
6559.373703 +1.319046
6559.477395 +1.307305
6559.581086 +1.293062
6559.684778 +1.282508
6559.788469 +1.271723
6559.892160 +1.260818
6559.995852 +1.252934
6560.099543 +1.248727
6560.203235 +1.232026
6560.306926 +1.216915
6560.410617 +1.203580
6560.514309 +1.197144
6560.618000 +1.202796
6560.721692 +1.208163
6560.825383 +1.205322
6560.929075 +1.197256
6561.032766 +1.187484
6561.136457 +1.190314
6561.240149 +1.193607
6561.343840 +1.196379
6561.447532 +1.204484
6561.551223 +1.208563
6561.654914 +1.210525
6561.758606 +1.213629
6561.862297 +1.218159
6561.965989 +1.221017
6562.069680 +1.230424
6562.173371 +1.234794
6562.277063 +1.240247
6562.380754 +1.249737
6562.484446 +1.258320
6562.588137 +1.268077
6562.691829 +1.281897
6562.795520 +1.301567
6562.899211 +1.310754
6563.002903 +1.314661
6563.106594 +1.326483
6563.210286 +1.334354
6563.313977 +1.338234
6563.417668 +1.343531
6563.521360 +1.352418
6563.625051 +1.366830
6563.728743 +1.375878
6563.832434 +1.374915
6563.936126 +1.382180
6564.039817 +1.389504
6564.143508 +1.391990
6564.247200 +1.399725
6564.350891 +1.425711
6564.454583 +1.439383
6564.558274 +1.441071
6564.661965 +1.441242
6564.765657 +1.443733
6564.869348 +1.445584
6564.973040 +1.450974
6565.076731 +1.456333
6565.180422 +1.455680
6565.284114 +1.462417
6565.387805 +1.464610
6565.491497 +1.466534
6565.595188 +1.471124
6565.698880 +1.474328
6565.802571 +1.476911
6565.906262 +1.486308
6566.009954 +1.492285
6566.113645 +1.495603
6566.217337 +1.492273
6566.321028 +1.496561
6566.424719 +1.504400
6566.528411 +1.508508
6566.632102 +1.511592
6566.735794 +1.514722
6566.839485 +1.523458
6566.943177 +1.528421
6567.046868 +1.532791
6567.150559 +1.540333
6567.254251 +1.536764
6567.357942 +1.538173
6567.461634 +1.540599
6567.565325 +1.534756
6567.669016 +1.530385
6567.772708 +1.532163
6567.876399 +1.544974
6567.980091 +1.534313
6568.083782 +1.517102
6568.187474 +1.516468
6568.291165 +1.516335
6568.394856 +1.504633
6568.498548 +1.499322
6568.602239 +1.492410
6568.705931 +1.482601
6568.809622 +1.473967
6568.913313 +1.470788
6569.017005 +1.462321
6569.120696 +1.456373
6569.224388 +1.451283
6569.328079 +1.439108
6569.431770 +1.432617
6569.535462 +1.432776
6569.639153 +1.438998
6569.742845 +1.433879
6569.846536 +1.408916
6569.950228 +1.385729
6570.053919 +1.377043
6570.157610 +1.371997
6570.261302 +1.371699
6570.364993 +1.357477
6570.468685 +1.339192
6570.572376 +1.335027
6570.676067 +1.331965
6570.779759 +1.320544
6570.883450 +1.305588
6570.987142 +1.298474
6571.090833 +1.286968
6571.194525 +1.274121
6571.298216 +1.266106
6571.401907 +1.255883
6571.505599 +1.252614
6571.609290 +1.239274
6571.712982 +1.219452
6571.816673 +1.206024
6571.920364 +1.195631
6572.024056 +1.178094
6572.127747 +1.168043
6572.231439 +1.168557
6572.335130 +1.170970
6572.438821 +1.171238
6572.542513 +1.168361
6572.646204 +1.164355
6572.749896 +1.153591
6572.853587 +1.145002
6572.957279 +1.134447
6573.060970 +1.126710
6573.164661 +1.121641
6573.268353 +1.112365
6573.372044 +1.102391
6573.475736 +1.093399
6573.579427 +1.089896
6573.683118 +1.088453
6573.786810 +1.080764
6573.890501 +1.073290
6573.994193 +1.070470
6574.097884 +1.064436
6574.201576 +1.060302
6574.305267 +1.058057
6574.408958 +1.055705
6574.512650 +1.046756
6574.616341 +1.032863
6574.720033 +1.023832
6574.823724 +1.015364
6574.927415 +1.015061
6575.031107 +1.022883
6575.134798 +1.028115
6575.238490 +1.030772
6575.342181 +1.034352
6575.445872 +1.034090
6575.549564 +1.036708
6575.653255 +1.039968
6575.756947 +1.037494
6575.860638 +1.029057
6575.964330 +1.030422
6576.068021 +1.033148
6576.171712 +1.021824
6576.275404 +1.017950
6576.379095 +1.022786
6576.482787 +1.021106
6576.586478 +1.014840
6576.690169 +1.014909
6576.793861 +1.019530
6576.897552 +1.014403
6577.001244 +1.011712
6577.104935 +1.016111
6577.208627 +1.015847
6577.312318 +1.016733
6577.416009 +1.018890
6577.519701 +1.016407
6577.623392 +1.014228
6577.727084 +1.012392
6577.830775 +1.012443
6577.934466 +1.015893
6578.038158 +1.017022
6578.141849 +1.016338
6578.245541 +1.012388
6578.349232 +1.007656
6578.452923 +1.010696
6578.556615 +1.012265
6578.660306 +1.008799
6578.763998 +1.008492
6578.867689 +1.003041
6578.971381 +0.999081
6579.075072 +1.000048
6579.178763 +1.000397
6579.282455 +1.003231
6579.386146 +1.002757
6579.489838 +1.001406
6579.593529 +1.004327
6579.697220 +1.002965
6579.800912 +0.996273
6579.904603 +0.994076
6580.008295 +0.995555
6580.111986 +0.994073
6580.215678 +0.992963
6580.319369 +0.996086
6580.423060 +0.996887
6580.526752 +0.990950
6580.630443 +0.984830
6580.734135 +0.984583
6580.837826 +0.986853
6580.941517 +0.992563
6581.045209 +0.995653
6581.148900 +0.995460
6581.252592 +0.996809
6581.356283 +0.993077
6581.459974 +0.989292
6581.563666 +0.991671
6581.667357 +0.992387
6581.771049 +0.990315
6581.874740 +0.993638
6581.978432 +0.999329
6582.082123 +1.002167
6582.185814 +0.998380
6582.289506 +0.994364
6582.393197 +0.995881
6582.496889 +0.996326
6582.600580 +0.994583
6582.704271 +0.993609
6582.807963 +0.993402
6582.911654 +0.990552
6583.015346 +0.987310
6583.119037 +0.980584
6583.222729 +0.982193
6583.326420 +0.986259
6583.430111 +0.978824
6583.533803 +0.974061
6583.637494 +0.978773
6583.741186 +0.984970
6583.844877 +0.984798
6583.948568 +0.986895
6584.052260 +0.991847
6584.155951 +0.989879
6584.259643 +0.987003
6584.363334 +0.985636
6584.467026 +0.990105
6584.570717 +0.994125
6584.674408 +0.993626
6584.778100 +0.989895
6584.881791 +0.989032
6584.985483 +0.989955
6585.089174 +0.986833
6585.192865 +0.990799
6585.296557 +0.990628
6585.400248 +0.985915
6585.503940 +0.985642
6585.607631 +0.984661
6585.711322 +0.986478
6585.815014 +0.985050
6585.918705 +0.988774
6586.022397 +0.992655
6586.126088 +0.991278
6586.229780 +0.989439
6586.333471 +0.982894
6586.437162 +0.981182
6586.540854 +0.981352
6586.644545 +0.983179
6586.748237 +0.987387
6586.851928 +0.995295
6586.955619 +0.996572
6587.059311 +0.994960
6587.163002 +0.997726
6587.266694 +1.000873
6587.370385 +0.996331
6587.474077 +0.991903
6587.577768 +0.996045
6587.681459 +0.996772
6587.785151 +0.996571
6587.888842 +0.996060
6587.992534 +0.994827
6588.096225 +0.992443
6588.199916 +0.993939
6588.303608 +0.994908
6588.407299 +0.992190
6588.510991 +0.997014
6588.614682 +1.003186
6588.718373 +0.995571
6588.822065 +0.994483
6588.925756 +0.998504
6589.029448 +0.998277
6589.133139 +1.000724
6589.236831 +1.003567
6589.340522 +0.994947
6589.444213 +0.989824
6589.547905 +0.990618
6589.651596 +0.991314
6589.755288 +0.991721
6589.858979 +0.990874
6589.962670 +0.985012
6590.066362 +0.978729
6590.170053 +0.977142
6590.273745 +0.971534
6590.377436 +0.970547
6590.481128 +0.972946
6590.584819 +0.968425
6590.688510 +0.958063
6590.792202 +0.951116
6590.895893 +0.948454
6590.999585 +0.949267
6591.103276 +0.947368
6591.206967 +0.950902
6591.310659 +0.951216
6591.414350 +0.942083
6591.518042 +0.946557
6591.621733 +0.952341
6591.725424 +0.945576
6591.829116 +0.941219
6591.932807 +0.940695
6592.036499 +0.941097
6592.140190 +0.946341
6592.243882 +0.943158
6592.347573 +0.938322
6592.451264 +0.941002
6592.554956 +0.943945
6592.658647 +0.942583
6592.762339 +0.943391
6592.866030 +0.944751
6592.969721 +0.945392
6593.073413 +0.942587
6593.177104 +0.939603
6593.280796 +0.944801
6593.384487 +0.949046
6593.488179 +0.943176
6593.591870 +0.945572
6593.695561 +0.952946
6593.799253 +0.956568
6593.902944 +0.946372
6594.006636 +0.942430
6594.110327 +0.944465
6594.214018 +0.942856
6594.317710 +0.939276
6594.421401 +0.938550
6594.525093 +0.939724
6594.628784 +0.941344
6594.732475 +0.940643
6594.836167 +0.945555
6594.939858 +0.946035
6595.043550 +0.946343
6595.147241 +0.950862
6595.250933 +0.953374
6595.354624 +0.949073
6595.458315 +0.954760
6595.562007 +0.960086
6595.665698 +0.961032
6595.769390 +0.965522
6595.873081 +0.964252
6595.976772 +0.965432
6596.080464 +0.971495
6596.184155 +0.972454
6596.287847 +0.978179
6596.391538 +0.979868
6596.495230 +0.975180
6596.598921 +0.980194
6596.702612 +0.984099
6596.806304 +0.980591
6596.909995 +0.984200
6597.013687 +0.982689
6597.117378 +0.982879
6597.221069 +0.988544
6597.324761 +0.985834
6597.428452 +0.983777
6597.532144 +0.984856
6597.635835 +0.991744
6597.739526 +0.993615
6597.843218 +0.984252
6597.946909 +0.980493
6598.050601 +0.985598
6598.154292 +0.990256
6598.257984 +0.988443
6598.361675 +0.986930
6598.465366 +0.989476
6598.569058 +0.992848
6598.672749 +0.992062
6598.776441 +0.989273
6598.880132 +0.985075
6598.983823 +0.986178
6599.087515 +0.990107
6599.191206 +0.986994
6599.294898 +0.983369
6599.398589 +0.985765
6599.502281 +0.991070
6599.605972 +0.993293
6599.709663 +0.989938
6599.813355 +0.992026
6599.917046 +0.994981
6600.020738 +0.996439
6600.124429 +0.997013
6600.228120 +0.998187
6600.331812 +0.998873
6600.435503 +1.002224
6600.539195 +1.001643
6600.642886 +1.000372
6600.746578 +1.002630
6600.850269 +1.005648
6600.953960 +1.002385
6601.057652 +1.002637
6601.161343 +1.001486
6601.265035 +0.996996
6601.368726 +1.000130
6601.472417 +0.999116
6601.576109 +0.995080
6601.679800 +0.994491
6601.783492 +0.998243
6601.887183 +0.998200
6601.990874 +0.991670
6602.094566 +0.991418
6602.198257 +0.995536
6602.301949 +0.997987
6602.405640 +1.002613
6602.509332 +0.999090
6602.613023 +0.993889
6602.716714 +0.994932
6602.820406 +0.991796
6602.924097 +0.991605
6603.027789 +0.993898
6603.131480 +0.991313
6603.235171 +0.993361
6603.338863 +0.986871
6603.442554 +0.984537
6603.546246 +0.995114
6603.649937 +0.995199
6603.753629 +0.990989
6603.857320 +0.984914
6603.961011 +0.980106
6604.064703 +0.984836
6604.168394 +0.991631
6604.272086 +0.991499
6604.375777 +0.984595
6604.479468 +0.986314
6604.583160 +0.987441
6604.686851 +0.982451
6604.790543 +0.989777
6604.894234 +0.989777
6604.997925 +0.980466
6605.101617 +0.976169
6605.205308 +0.977017
6605.309000 +0.978081
6605.412691 +0.977601
6605.516383 +0.976748
6605.620074 +0.978739
6605.723765 +0.977496
6605.827457 +0.972515
6605.931148 +0.969988
6606.034840 +0.967708
6606.138531 +0.966820
6606.242222 +0.964586
6606.345914 +0.967637
6606.449605 +0.969855
6606.553297 +0.963633
6606.656988 +0.959558
6606.760680 +0.958465
6606.864371 +0.961865
6606.968062 +0.959604
6607.071754 +0.955091
6607.175445 +0.958167
6607.279137 +0.959731
6607.382828 +0.960134
6607.486519 +0.963824
6607.590211 +0.964957
6607.693902 +0.964455
6607.797594 +0.967062
6607.901285 +0.968345
6608.004976 +0.971268
6608.108668 +0.969916
6608.212359 +0.965534
6608.316051 +0.966714
6608.419742 +0.969676
6608.523434 +0.970148
6608.627125 +0.977704
6608.730816 +0.995334
6608.834508 +0.992741
6608.938199 +0.979490
6609.041891 +0.978591
6609.145582 +0.977512
6609.249273 +0.976861
6609.352965 +0.974895
6609.456656 +0.967992
6609.560348 +0.971190
6609.664039 +0.979218
6609.767731 +0.979684
6609.871422 +0.980293
6609.975113 +0.974881
6610.078805 +0.970396
6610.182496 +0.976461
6610.286188 +0.975335
6610.389879 +0.969932
6610.493570 +0.974070
6610.597262 +0.981558
6610.700953 +0.983254
6610.804645 +0.979018
6610.908336 +0.975046
6611.012027 +0.972477
6611.115719 +0.976213
6611.219410 +0.982800
6611.323102 +0.982932
6611.426793 +0.982040
6611.530485 +0.989167
6611.634176 +0.993066
6611.737867 +0.985220
6611.841559 +0.985086
6611.945250 +0.991818
6612.048942 +0.991649
6612.152633 +0.997099
6612.256324 +1.001399
6612.360016 +0.999861
6612.463707 +1.001834
6612.567399 +1.002474
6612.671090 +1.000432
6612.774782 +1.000986
6612.878473 +1.003059
6612.982164 +1.003453
6613.085856 +1.000825
6613.189547 +1.000077
6613.293239 +1.005613
6613.396930 +1.007318
6613.500621 +1.003266
6613.604313 +1.002908
6613.708004 +1.004981
6613.811696 +1.004459
6613.915387 +1.004742
6614.019078 +1.007431
6614.122770 +1.009153
6614.226461 +1.008328
6614.330153 +1.003539
6614.433844 +1.002871
6614.537536 +1.001909
6614.641227 +1.003151
6614.744918 +1.004146
6614.848610 +0.996448
6614.952301 +0.999611
6615.055993 +1.007248
6615.159684 +1.004609
6615.263375 +0.996304
6615.367067 +0.998454
6615.470758 +1.000334
6615.574450 +0.999338
6615.678141 +1.003871
6615.781833 +1.005274
6615.885524 +1.005431
6615.989215 +1.001888
6616.092907 +0.999219
6616.196598 +1.002372
6616.300290 +1.003827
6616.403981 +1.003465
6616.507672 +1.001772
6616.611364 +1.006000
6616.715055 +1.009027
6616.818747 +1.006433
6616.922438 +1.003054
6617.026129 +1.004977
6617.129821 +1.010870
6617.233512 +1.008607
6617.337204 +1.002772
6617.440895 +1.006881
6617.544587 +1.010458
6617.648278 +1.012188
6617.751969 +1.006431
6617.855661 +1.006550
6617.959352 +1.012854
6618.063044 +1.012214
6618.166735 +1.006956
6618.270426 +1.006302
6618.374118 +1.008785
6618.477809 +1.009569
6618.581501 +1.010240
6618.685192 +1.008988
6618.788884 +1.007316
6618.892575 +1.012060
6618.996266 +1.009329
6619.099958 +1.002002
6619.203649 +1.004615
6619.307341 +1.006626
6619.411032 +1.008999
6619.514723 +1.013020
6619.618415 +1.014843
6619.722106 +1.010477
6619.825798 +1.012196
6619.929489 +1.011734
6620.033181 +1.006280
6620.136872 +1.003981
6620.240563 +1.007460
6620.344255 +1.011554
6620.447946 +1.012398
6620.551638 +1.011847
6620.655329 +1.006247
6620.759020 +1.004050
6620.862712 +1.013566
6620.966403 +1.010750
6621.070095 +1.003602
6621.173786 +1.005504
6621.277477 +1.005526
6621.381169 +1.006148
6621.484860 +1.004708
6621.588552 +1.006816
6621.692243 +1.009930
6621.795935 +1.003684
6621.899626 +1.005512
6622.003317 +1.003488
6622.107009 +0.999470
6622.210700 +0.994427
6622.314392 +0.994530
6622.418083 +0.998043
6622.521774 +0.998966
6622.625466 +0.998659
6622.729157 +0.998122
6622.832849 +0.997309
6622.936540 +0.994601
6623.040232 +0.990583
6623.143923 +0.991909
6623.247614 +0.996036
6623.351306 +0.998334
6623.454997 +0.996284
6623.558689 +0.990542
6623.662380 +0.983733
6623.766071 +0.992493
6623.869763 +1.000566
6623.973454 +0.996567
6624.077146 +0.991285
6624.180837 +0.989074
6624.284528 +0.988077
6624.388220 +0.992729
6624.491911 +0.995263
6624.595603 +0.994211
6624.699294 +0.992852
6624.802986 +0.987281
6624.906677 +0.986301
6625.010368 +0.990998
6625.114060 +0.993305
6625.217751 +0.989987
6625.321443 +0.989715
6625.425134 +0.987544
6625.528825 +0.988401
6625.632517 +0.988540
6625.736208 +0.983805
6625.839900 +0.982379
6625.943591 +0.981103
6626.047283 +0.983773
6626.150974 +0.987697
6626.254665 +0.984243
6626.358357 +0.983742
6626.462048 +0.983939
6626.565740 +0.981020
6626.669431 +0.987949
6626.773122 +0.992940
6626.876814 +0.987272
6626.980505 +0.989793
6627.084197 +0.994209
6627.187888 +0.995867
6627.291579 +0.992077
6627.395271 +0.989017
6627.498962 +0.993167
6627.602654 +0.992650
6627.706345 +0.991235
6627.810037 +0.994122
6627.913728 +0.994682
6628.017419 +0.994264
6628.121111 +0.998123
6628.224802 +1.002178
6628.328494 +1.001340
6628.432185 +0.993770
6628.535876 +0.991599
6628.639568 +0.995786
6628.743259 +0.990090
6628.846951 +0.984021
6628.950642 +0.990029
6629.054334 +0.995000
6629.158025 +0.993656
6629.261716 +0.988954
6629.365408 +0.986254
6629.469099 +0.987506
6629.572791 +0.987951
6629.676482 +0.988618
6629.780173 +0.993338
6629.883865 +0.992239
6629.987556 +0.981000
6630.091248 +0.977676
6630.194939 +0.982192
6630.298630 +0.979934
6630.402322 +0.978630
6630.506013 +0.978612
6630.609705 +0.974057
6630.713396 +0.975206
6630.817088 +0.981635
6630.920779 +0.981245
6631.024470 +0.971841
6631.128162 +0.961831
6631.231853 +0.959858
6631.335545 +0.961723
6631.439236 +0.957260
6631.542927 +0.952027
6631.646619 +0.953696
6631.750310 +0.956846
6631.854002 +0.959178
6631.957693 +0.955055
6632.061385 +0.950213
6632.165076 +0.951404
6632.268767 +0.953423
6632.372459 +0.952271
6632.476150 +0.954391
6632.579842 +0.953354
6632.683533 +0.944837
6632.787224 +0.948438
6632.890916 +0.952525
6632.994607 +0.953466
6633.098299 +0.955256
6633.201990 +0.953811
6633.305681 +0.950820
6633.409373 +0.953515
6633.513064 +0.958622
6633.616756 +0.953424
6633.720447 +0.950325
6633.824139 +0.953782
6633.927830 +0.954042
6634.031521 +0.957100
6634.135213 +0.960341
6634.238904 +0.961267
6634.342596 +0.968117
6634.446287 +0.970016
6634.549978 +0.967544
6634.653670 +0.962844
6634.757361 +0.960227
6634.861053 +0.963656
6634.964744 +0.965424
6635.068436 +0.960534
6635.172127 +0.961448
6635.275818 +0.970231
6635.379510 +0.970108
6635.483201 +0.964422
6635.586893 +0.967687
6635.690584 +0.970186
6635.794275 +0.966386
6635.897967 +0.966912
6636.001658 +0.970381
6636.105350 +0.979171
6636.209041 +0.979982
6636.312733 +0.979406
6636.416424 +0.977726
6636.520115 +0.978596
6636.623807 +0.983143
6636.727498 +0.983825
6636.831190 +0.983430
6636.934881 +0.986660
6637.038572 +0.989895
6637.142264 +0.991841
6637.245955 +0.987253
6637.349647 +0.985031
6637.453338 +0.991730
6637.557029 +0.997455
6637.660721 +0.992650
6637.764412 +0.991658
6637.868104 +0.991650
6637.971795 +0.995907
6638.075487 +0.997852
6638.179178 +0.993495
6638.282869 +0.995807
6638.386561 +0.997282
6638.490252 +0.991545
6638.593944 +0.991771
6638.697635 +0.993598
6638.801326 +0.998559
6638.905018 +0.996527
6639.008709 +0.991912
6639.112401 +0.993879
6639.216092 +1.000795
6639.319784 +1.054392
6639.423475 +1.033168
6639.527166 +0.990190
6639.630858 +0.991897
6639.734549 +0.992498
6639.838241 +0.994557
6639.941932 +0.994230
6640.045623 +0.986974
6640.149315 +0.984563
6640.253006 +0.987074
6640.356698 +0.984809
6640.460389 +0.979567
6640.564080 +0.979509
6640.667772 +0.981540
6640.771463 +0.975914
6640.875155 +0.976108
6640.978846 +0.980466
6641.082538 +0.977050
6641.186229 +0.969503
6641.289920 +0.967403
6641.393612 +0.971044
6641.497303 +0.972000
6641.600995 +0.972766
6641.704686 +0.975283
6641.808377 +0.974830
6641.912069 +0.970958
6642.015760 +0.975097
6642.119452 +0.972554
6642.223143 +0.969290
6642.326835 +0.969672
6642.430526 +0.964745
6642.534217 +0.969657
6642.637909 +0.979189
6642.741600 +0.984182
6642.845292 +0.975298
6642.948983 +0.973689
6643.052674 +0.977007
6643.156366 +0.980614
6643.260057 +0.984758
6643.363749 +0.978395
6643.467440 +0.970399
6643.571131 +0.972680
6643.674823 +0.977526
6643.778514 +0.974482
6643.882206 +0.971484
6643.985897 +0.973592
6644.089589 +0.975443
6644.193280 +0.978689
6644.296971 +0.981650
6644.400663 +0.976062
6644.504354 +0.970415
6644.608046 +0.969781
6644.711737 +0.972223
6644.815428 +0.969318
6644.919120 +0.965798
6645.022811 +0.966894
6645.126503 +0.968425
6645.230194 +0.970563
6645.333886 +0.973816
6645.437577 +0.977438
6645.541268 +0.976600
6645.644960 +0.974159
6645.748651 +0.973405
6645.852343 +0.973449
6645.956034 +0.975073
6646.059725 +0.977484
6646.163417 +0.981376
6646.267108 +0.984969
6646.370800 +0.987158
6646.474491 +0.988697
6646.578182 +0.987185
6646.681874 +0.989024
6646.785565 +0.992350
6646.889257 +0.989005
6646.992948 +0.987313
6647.096640 +0.987426
6647.200331 +0.984888
6647.304022 +0.986762
6647.407714 +0.990192
6647.511405 +0.992388
6647.615097 +0.993432
6647.718788 +0.993559
6647.822479 +0.996723
6647.926171 +0.997089
6648.029862 +0.996064
6648.133554 +1.002833
6648.237245 +1.003433
6648.340937 +0.999078
6648.444628 +0.999984
6648.548319 +0.998759
6648.652011 +0.996239
6648.755702 +0.998495
6648.859394 +0.997881
6648.963085 +0.996321
6649.066776 +0.996677
6649.170468 +0.997765
6649.274159 +0.999843
6649.377851 +0.999882
6649.481542 +0.998719
6649.585233 +0.996893
6649.688925 +0.994904
6649.792616 +0.995212
6649.896308 +0.996706
6649.999999 +0.997381
