6400.000000 +0.938320
6400.103691 +0.935794
6400.207383 +0.938562
6400.311074 +0.938759
6400.414766 +0.934697
6400.518457 +0.934232
6400.622148 +0.937558
6400.725840 +0.945722
6400.829531 +0.946007
6400.933223 +0.942984
6401.036914 +0.941604
6401.140606 +0.939542
6401.244297 +0.938219
6401.347988 +0.947186
6401.451680 +0.952381
6401.555371 +0.950233
6401.659063 +0.946736
6401.762754 +0.950968
6401.866445 +0.953588
6401.970137 +0.954742
6402.073828 +0.958716
6402.177520 +0.958138
6402.281211 +0.957607
6402.384903 +0.960712
6402.488594 +0.968273
6402.592285 +0.976971
6402.695977 +0.980426
6402.799668 +0.981393
6402.903360 +0.983423
6403.007051 +0.986269
6403.110742 +0.990146
6403.214434 +0.993091
6403.318125 +0.993339
6403.421817 +0.993482
6403.525508 +0.993051
6403.629199 +0.990528
6403.732891 +0.990309
6403.836582 +0.989733
6403.940274 +0.987970
6404.043965 +0.986512
6404.147657 +0.981129
6404.251348 +0.981870
6404.355039 +0.987512
6404.458731 +0.983291
6404.562422 +0.978617
6404.666114 +0.973498
6404.769805 +0.970289
6404.873496 +0.969628
6404.977188 +0.965352
6405.080879 +0.959243
6405.184571 +0.957449
6405.288262 +0.959580
6405.391954 +0.961736
6405.495645 +0.958166
6405.599336 +0.958120
6405.703028 +0.961236
6405.806719 +0.959529
6405.910411 +0.956080
6406.014102 +0.953547
6406.117793 +0.956898
6406.221485 +0.960972
6406.325176 +0.960844
6406.428868 +0.957833
6406.532559 +0.958635
6406.636250 +0.954111
6406.739942 +0.950810
6406.843633 +0.954193
6406.947325 +0.955764
6407.051016 +0.955079
6407.154708 +0.957125
6407.258399 +0.955339
6407.362090 +0.952277
6407.465782 +0.953956
6407.569473 +0.959140
6407.673165 +0.956966
6407.776856 +0.949796
6407.880547 +0.945904
6407.984239 +0.947850
6408.087930 +0.953415
6408.191622 +0.949252
6408.295313 +0.943657
6408.399005 +0.942337
6408.502696 +0.939531
6408.606387 +0.934374
6408.710079 +0.935824
6408.813770 +0.936668
6408.917462 +0.934523
6409.021153 +0.930898
6409.124844 +0.930796
6409.228536 +0.935767
6409.332227 +0.932073
6409.435919 +0.929007
6409.539610 +0.931347
6409.643302 +0.937761
6409.746993 +0.940763
6409.850684 +0.935352
6409.954376 +0.937386
6410.058067 +0.940645
6410.161759 +0.944550
6410.265450 +0.948138
6410.369141 +0.950625
6410.472833 +0.943610
6410.576524 +0.946709
6410.680216 +0.957369
6410.783907 +0.957055
6410.887598 +0.957068
6410.991290 +0.957466
6411.094981 +0.957322
6411.198673 +0.959015
6411.302364 +0.956213
6411.406056 +0.959884
6411.509747 +0.959494
6411.613438 +0.955624
6411.717130 +0.950358
6411.820821 +0.950529
6411.924513 +0.949706
6412.028204 +0.950122
6412.131895 +0.952169
6412.235587 +0.952337
6412.339278 +0.954669
6412.442970 +0.950106
6412.546661 +0.950869
6412.650353 +0.952009
6412.754044 +0.949645
6412.857735 +0.948647
6412.961427 +0.951256
6413.065118 +0.951864
6413.168810 +0.952263
6413.272501 +0.951770
6413.376192 +0.952758
6413.479884 +0.950151
6413.583575 +0.947578
6413.687267 +0.948433
6413.790958 +0.951129
6413.894649 +0.950326
6413.998341 +0.951932
6414.102032 +0.960844
6414.205724 +0.960472
6414.309415 +0.959772
6414.413107 +0.960895
6414.516798 +0.966900
6414.620489 +0.971199
6414.724181 +0.968828
6414.827872 +0.964061
6414.931564 +0.965848
6415.035255 +0.973882
6415.138946 +0.974577
6415.242638 +0.970647
6415.346329 +0.968986
6415.450021 +0.967659
6415.553712 +0.965610
6415.657404 +0.962778
6415.761095 +0.937314
6415.864786 +0.898359
6415.968478 +0.909223
6416.072169 +0.940188
6416.175861 +0.954703
6416.279552 +0.959846
6416.383243 +0.963344
6416.486935 +0.962667
6416.590626 +0.953865
6416.694318 +0.948912
6416.798009 +0.950246
6416.901700 +0.950109
6417.005392 +0.948899
6417.109083 +0.952126
6417.212775 +0.952427
6417.316466 +0.949684
6417.420158 +0.949792
6417.523849 +0.953361
6417.627540 +0.957819
6417.731232 +0.955678
6417.834923 +0.947959
6417.938615 +0.944198
6418.042306 +0.943790
6418.145997 +0.939222
6418.249689 +0.937893
6418.353380 +0.936765
6418.457072 +0.932713
6418.560763 +0.929895
6418.664455 +0.926444
6418.768146 +0.928126
6418.871837 +0.926302
6418.975529 +0.927736
6419.079220 +0.932551
6419.182912 +0.930526
6419.286603 +0.928951
6419.390294 +0.933826
6419.493986 +0.940537
6419.597677 +0.940407
6419.701369 +0.939952
6419.805060 +0.940200
6419.908751 +0.943244
6420.012443 +0.943276
6420.116134 +0.940406
6420.219826 +0.936308
6420.323517 +0.935767
6420.427209 +0.939873
6420.530900 +0.943825
6420.634591 +0.946531
6420.738283 +0.942668
6420.841974 +0.940175
6420.945666 +0.943004
6421.049357 +0.941494
6421.153048 +0.936675
6421.256740 +0.936199
6421.360431 +0.939409
6421.464123 +0.944406
6421.567814 +0.942743
6421.671506 +0.940930
6421.775197 +0.945006
6421.878888 +0.947292
6421.982580 +0.950559
6422.086271 +0.955518
6422.189963 +0.955721
6422.293654 +0.955297
6422.397345 +0.956495
6422.501037 +0.956981
6422.604728 +0.959910
6422.708420 +0.964422
6422.812111 +0.965460
6422.915802 +0.966448
6423.019494 +0.970570
6423.123185 +0.968317
6423.226877 +0.966575
6423.330568 +0.971379
6423.434260 +0.973846
6423.537951 +0.974381
6423.641642 +0.974256
6423.745334 +0.976025
6423.849025 +0.982789
6423.952717 +0.988263
6424.056408 +0.986996
6424.160099 +0.989608
6424.263791 +0.995395
6424.367482 +0.992299
6424.471174 +0.990513
6424.574865 +0.992259
6424.678557 +0.987745
6424.782248 +0.988431
6424.885939 +0.994181
6424.989631 +0.996496
6425.093322 +1.002703
6425.197014 +1.004502
6425.300705 +0.999135
6425.404396 +0.999658
6425.508088 +1.000370
6425.611779 +0.995196
6425.715471 +0.994159
6425.819162 +0.996201
6425.922853 +0.992646
6426.026545 +0.992308
6426.130236 +0.998989
6426.233928 +0.999170
6426.337619 +0.994085
6426.441311 +0.992590
6426.545002 +0.991677
6426.648693 +0.990290
6426.752385 +0.989192
6426.856076 +0.987977
6426.959768 +0.990368
6427.063459 +0.990407
6427.167150 +0.986770
6427.270842 +0.984464
6427.374533 +0.982238
6427.478225 +0.980865
6427.581916 +0.977077
6427.685608 +0.971923
6427.789299 +0.971778
6427.892990 +0.972130
6427.996682 +0.969290
6428.100373 +0.967966
6428.204065 +0.969036
6428.307756 +0.970162
6428.411447 +0.966876
6428.515139 +0.963037
6428.618830 +0.957889
6428.722522 +0.957164
6428.826213 +0.958672
6428.929905 +0.954111
6429.033596 +0.956452
6429.137287 +0.961346
6429.240979 +0.956635
6429.344670 +0.950931
6429.448362 +0.949932
6429.552053 +0.947477
6429.655744 +0.946946
6429.759436 +0.947353
6429.863127 +0.945641
6429.966819 +0.943884
6430.070510 +0.944733
6430.174201 +0.945619
6430.277893 +0.943364
6430.381584 +0.940845
6430.485276 +0.939956
6430.588967 +0.938426
6430.692659 +0.940367
6430.796350 +0.942157
6430.900041 +0.941260
6431.003733 +0.942562
6431.107424 +0.948343
6431.211116 +0.947838
6431.314807 +0.947001
6431.418498 +0.947228
6431.522190 +0.946267
6431.625881 +0.947704
6431.729573 +0.946017
6431.833264 +0.945415
6431.936956 +0.944415
6432.040647 +0.944654
6432.144338 +0.946513
6432.248030 +0.948709
6432.351721 +0.947689
6432.455413 +0.944323
6432.559104 +0.947229
6432.662795 +0.945033
6432.766487 +0.943253
6432.870178 +0.946841
6432.973870 +0.949372
6433.077561 +0.955839
6433.181252 +0.959837
6433.284944 +0.958792
6433.388635 +0.960022
6433.492327 +0.962114
6433.596018 +0.968093
6433.699710 +0.972303
6433.803401 +0.973080
6433.907092 +0.974037
6434.010784 +0.976371
6434.114475 +0.974113
6434.218167 +0.974647
6434.321858 +0.973661
6434.425549 +0.977928
6434.529241 +0.989653
6434.632932 +0.983888
6434.736624 +0.983008
6434.840315 +0.981658
6434.944007 +0.978905
6435.047698 +0.980326
6435.151389 +0.983272
6435.255081 +0.983147
6435.358772 +0.979572
6435.462464 +0.981213
6435.566155 +0.981181
6435.669846 +0.974300
6435.773538 +0.966522
6435.877229 +0.960259
6435.980921 +0.958272
6436.084612 +0.958844
6436.188303 +0.956106
6436.291995 +0.953767
6436.395686 +0.949953
6436.499378 +0.951330
6436.603069 +0.952019
6436.706761 +0.953651
6436.810452 +0.951327
6436.914143 +0.945114
6437.017835 +0.944028
6437.121526 +0.944625
6437.225218 +0.946384
6437.328909 +0.947573
6437.432600 +0.948930
6437.536292 +0.945253
6437.639983 +0.946292
6437.743675 +0.943849
6437.847366 +0.943136
6437.951058 +0.944625
6438.054749 +0.945593
6438.158440 +0.949547
6438.262132 +0.950527
6438.365823 +0.947532
6438.469515 +0.944712
6438.573206 +0.942560
6438.676897 +0.938163
6438.780589 +0.940745
6438.884280 +0.947855
6438.987972 +0.950121
6439.091663 +0.948151
6439.195354 +0.943319
6439.299046 +0.942112
6439.402737 +0.946521
6439.506429 +0.944343
6439.610120 +0.948419
6439.713812 +0.950638
6439.817503 +0.942431
6439.921194 +0.940054
6440.024886 +0.944322
6440.128577 +0.948646
6440.232269 +0.952860
6440.335960 +0.956318
6440.439651 +0.952976
6440.543343 +0.952707
6440.647034 +0.954798
6440.750726 +0.958659
6440.854417 +0.958255
6440.958109 +0.954896
6441.061800 +0.957943
6441.165491 +0.964717
6441.269183 +0.967735
6441.372874 +0.967890
6441.476566 +0.970277
6441.580257 +0.979691
6441.683948 +0.984851
6441.787640 +0.984621
6441.891331 +0.989344
6441.995023 +0.993768
6442.098714 +0.993454
6442.202405 +0.996043
6442.306097 +0.994649
6442.409788 +0.996457
6442.513480 +0.995703
6442.617171 +0.997083
6442.720863 +1.000050
6442.824554 +0.994552
6442.928245 +0.997260
6443.031937 +0.998738
6443.135628 +0.992755
6443.239320 +0.990280
6443.343011 +0.988169
6443.446702 +0.991992
6443.550394 +0.993703
6443.654085 +0.995766
6443.757777 +0.999567
6443.861468 +0.999938
6443.965160 +0.996432
6444.068851 +0.997795
6444.172542 +0.997861
6444.276234 +0.997654
6444.379925 +1.000529
6444.483617 +0.999683
6444.587308 +0.999538
6444.690999 +0.997432
6444.794691 +0.996859
6444.898382 +0.995764
6445.002074 +0.994599
6445.105765 +0.995202
6445.209457 +0.999194
6445.313148 +1.000316
6445.416839 +0.995070
6445.520531 +0.995953
6445.624222 +0.998699
6445.727914 +0.995057
6445.831605 +0.988815
6445.935296 +0.988437
6446.038988 +0.990301
6446.142679 +0.985438
6446.246371 +0.984147
6446.350062 +0.981639
6446.453753 +0.980238
6446.557445 +0.973509
6446.661136 +0.968368
6446.764828 +0.965935
6446.868519 +0.959381
6446.972211 +0.950909
6447.075902 +0.945530
6447.179593 +0.942936
6447.283285 +0.944775
6447.386976 +0.943388
6447.490668 +0.941307
6447.594359 +0.940497
6447.698050 +0.938003
6447.801742 +0.935196
6447.905433 +0.936729
6448.009125 +0.936913
6448.112816 +0.938472
6448.216508 +0.937502
6448.320199 +0.933529
6448.423890 +0.930089
6448.527582 +0.933778
6448.631273 +0.934284
6448.734965 +0.932799
6448.838656 +0.931383
6448.942347 +0.931558
6449.046039 +0.926737
6449.149730 +0.926623
6449.253422 +0.929976
6449.357113 +0.929202
6449.460804 +0.926959
6449.564496 +0.926098
6449.668187 +0.926283
6449.771879 +0.921686
6449.875570 +0.920302
6449.979262 +0.926528
6450.082953 +0.932345
6450.186644 +0.930631
6450.290336 +0.934121
6450.394027 +0.931702
6450.497719 +0.929102
6450.601410 +0.932548
6450.705101 +0.933545
6450.808793 +0.931752
6450.912484 +0.932133
6451.016176 +0.932330
6451.119867 +0.936703
6451.223559 +0.938145
6451.327250 +0.939525
6451.430941 +0.936627
6451.534633 +0.934784
6451.638324 +0.936507
6451.742016 +0.942799
6451.845707 +0.947070
6451.949398 +0.945146
6452.053090 +0.941333
6452.156781 +0.944414
6452.260473 +0.950578
6452.364164 +0.952588
6452.467855 +0.951249
6452.571547 +0.951473
6452.675238 +0.955945
6452.778930 +0.958193
6452.882621 +0.955750
6452.986313 +0.954845
6453.090004 +0.954743
6453.193695 +0.957132
6453.297387 +0.955768
6453.401078 +0.952546
6453.504770 +0.951111
6453.608461 +0.947499
6453.712152 +0.948236
6453.815844 +0.947467
6453.919535 +0.941904
6454.023227 +0.944211
6454.126918 +0.942088
6454.230610 +0.938438
6454.334301 +0.939144
6454.437992 +0.941716
6454.541684 +0.941923
6454.645375 +0.942829
6454.749067 +0.945165
6454.852758 +0.945946
6454.956449 +0.947348
6455.060141 +0.947385
6455.163832 +0.948166
6455.267524 +0.952085
6455.371215 +0.952033
6455.474906 +0.947844
6455.578598 +0.944168
6455.682289 +0.945314
6455.785981 +0.945621
6455.889672 +0.949287
6455.993364 +0.950572
6456.097055 +0.949731
6456.200746 +0.951186
6456.304438 +0.951530
6456.408129 +0.950948
6456.511821 +0.949599
6456.615512 +0.950635
6456.719203 +0.950273
6456.822895 +0.948360
6456.926586 +0.947204
6457.030278 +0.949567
6457.133969 +0.957647
6457.237661 +0.956505
6457.341352 +0.953580
6457.445043 +0.954120
6457.548735 +0.955657
6457.652426 +0.958577
6457.756118 +0.960981
6457.859809 +0.962726
6457.963500 +0.959314
6458.067192 +0.964309
6458.170883 +0.969121
6458.274575 +0.967823
6458.378266 +0.971668
6458.481957 +0.977659
6458.585649 +0.978246
6458.689340 +0.969300
6458.793032 +0.969196
6458.896723 +0.981075
6459.000415 +0.982045
6459.104106 +0.978620
6459.207797 +0.971148
6459.311489 +0.965055
6459.415180 +0.964629
6459.518872 +0.960278
6459.622563 +0.957879
6459.726254 +0.956523
6459.829946 +0.950955
6459.933637 +0.948650
6460.037329 +0.952571
6460.141020 +0.953300
6460.244712 +0.953050
6460.348403 +0.951237
6460.452094 +0.943585
6460.555786 +0.941829
6460.659477 +0.945859
6460.763169 +0.945168
6460.866860 +0.947404
6460.970551 +0.950231
6461.074243 +0.949116
6461.177934 +0.948292
6461.281626 +0.943682
6461.385317 +0.939954
6461.489009 +0.938709
6461.592700 +0.935064
6461.696391 +0.934622
6461.800083 +0.936736
6461.903774 +0.932744
6462.007466 +0.934224
6462.111157 +0.934058
6462.214848 +0.932669
6462.318540 +0.932593
6462.422231 +0.933275
6462.525923 +0.935262
6462.629614 +0.937903
6462.733305 +0.934465
6462.836997 +0.936086
6462.940688 +0.937249
6463.044380 +0.937308
6463.148071 +0.937830
6463.251763 +0.933072
6463.355454 +0.934722
6463.459145 +0.938719
6463.562837 +0.936886
6463.666528 +0.936384
6463.770220 +0.941322
6463.873911 +0.944543
6463.977602 +0.941982
6464.081294 +0.937783
6464.184985 +0.933749
6464.288677 +0.933132
6464.392368 +0.936374
6464.496060 +0.944031
6464.599751 +0.949118
6464.703442 +0.951336
6464.807134 +0.954371
6464.910825 +0.954121
6465.014517 +0.959960
6465.118208 +0.969581
6465.221899 +0.970378
6465.325591 +0.970419
6465.429282 +0.976463
6465.532974 +0.979653
6465.636665 +0.981509
6465.740356 +0.983343
6465.844048 +0.979768
6465.947739 +0.971839
6466.051431 +0.970977
6466.155122 +0.975287
6466.258814 +0.977158
6466.362505 +0.980477
6466.466196 +0.981415
6466.569888 +0.977036
6466.673579 +0.979163
6466.777271 +0.981421
6466.880962 +0.978894
6466.984653 +0.975605
6467.088345 +0.979687
6467.192036 +0.980437
6467.295728 +0.976968
6467.399419 +0.979958
6467.503111 +0.982946
6467.606802 +0.978959
6467.710493 +0.973672
6467.814185 +0.974415
6467.917876 +0.981159
6468.021568 +0.981145
6468.125259 +0.973716
6468.228950 +0.970226
6468.332642 +0.968479
6468.436333 +0.966383
6468.540025 +0.964890
6468.643716 +0.963902
6468.747407 +0.961443
6468.851099 +0.956808
6468.954790 +0.953742
6469.058482 +0.952832
6469.162173 +0.949631
6469.265865 +0.947801
6469.369556 +0.946700
6469.473247 +0.948072
6469.576939 +0.953012
6469.680630 +0.954259
6469.784322 +0.952077
6469.888013 +0.951511
6469.991704 +0.953362
6470.095396 +0.955026
6470.199087 +0.952525
6470.302779 +0.954667
6470.406470 +0.955783
6470.510162 +0.952451
6470.613853 +0.953873
6470.717544 +0.956926
6470.821236 +0.955054
6470.924927 +0.953593
6471.028619 +0.957966
6471.132310 +0.957497
6471.236001 +0.954664
6471.339693 +0.959559
6471.443384 +0.960342
6471.547076 +0.960918
6471.650767 +0.964237
6471.754458 +0.963626
6471.858150 +0.962883
6471.961841 +0.963246
6472.065533 +0.961024
6472.169224 +0.957866
6472.272916 +0.955985
6472.376607 +0.954738
6472.480298 +0.955117
6472.583990 +0.956308
6472.687681 +0.955601
6472.791373 +0.949635
6472.895064 +0.945420
6472.998755 +0.940099
6473.102447 +0.941878
6473.206138 +0.950988
6473.309830 +0.952423
6473.413521 +0.955444
6473.517213 +0.956836
6473.620904 +0.955307
6473.724595 +0.958651
6473.828287 +0.962297
6473.931978 +0.966425
6474.035670 +0.969862
6474.139361 +0.968904
6474.243052 +0.966958
6474.346744 +0.969928
6474.450435 +0.973135
6474.554127 +0.972305
6474.657818 +0.969689
6474.761509 +0.960248
6474.865201 +0.945759
6474.968892 +0.939580
6475.072584 +0.947243
6475.176275 +0.960371
6475.279967 +0.967901
6475.383658 +0.968926
6475.487349 +0.962045
6475.591041 +0.948573
6475.694732 +0.947873
6475.798424 +0.961012
6475.902115 +0.974302
6476.005806 +0.980549
6476.109498 +0.978280
6476.213189 +0.973545
6476.316881 +0.971146
6476.420572 +0.974407
6476.524264 +0.978468
6476.627955 +0.976517
6476.731646 +0.974743
6476.835338 +0.972012
6476.939029 +0.971064
6477.042721 +0.972670
6477.146412 +0.971613
6477.250103 +0.972940
6477.353795 +0.976134
6477.457486 +0.979641
6477.561178 +0.983268
6477.664869 +0.986495
6477.768560 +0.984837
6477.872252 +0.983684
6477.975943 +0.988326
6478.079635 +0.990370
6478.183326 +0.985882
6478.287018 +0.984062
6478.390709 +0.985822
6478.494400 +0.985032
6478.598092 +0.984453
6478.701783 +0.981019
6478.805475 +0.977803
6478.909166 +0.972989
6479.012857 +0.967544
6479.116549 +0.966644
6479.220240 +0.964945
6479.323932 +0.962387
6479.427623 +0.961755
6479.531315 +0.963045
6479.635006 +0.958591
6479.738697 +0.949663
6479.842389 +0.944182
6479.946080 +0.943065
6480.049772 +0.949059
6480.153463 +0.960379
6480.257154 +0.963769
6480.360846 +0.963459
6480.464537 +0.962377
6480.568229 +0.956186
6480.671920 +0.954352
6480.775612 +0.957319
6480.879303 +0.959558
6480.982994 +0.962386
6481.086686 +0.961090
6481.190377 +0.954941
6481.294069 +0.954436
6481.397760 +0.954640
6481.501451 +0.955165
6481.605143 +0.956932
6481.708834 +0.956531
6481.812526 +0.959109
6481.916217 +0.958978
6482.019908 +0.955130
6482.123600 +0.956302
6482.227291 +0.957598
6482.330983 +0.957818
6482.434674 +0.957595
6482.538366 +0.957237
6482.642057 +0.957348
6482.745748 +0.954088
6482.849440 +0.949025
6482.953131 +0.940819
6483.056823 +0.933615
6483.160514 +0.934148
6483.264205 +0.939565
6483.367897 +0.943759
6483.471588 +0.942347
6483.575280 +0.936584
6483.678971 +0.936396
6483.782663 +0.939701
6483.886354 +0.944048
6483.990045 +0.953395
6484.093737 +0.961381
6484.197428 +0.963216
6484.301120 +0.962107
6484.404811 +0.961428
6484.508502 +0.961334
6484.612194 +0.964122
6484.715885 +0.970424
6484.819577 +0.974231
6484.923268 +0.977330
6485.026959 +0.980223
6485.130651 +0.976508
6485.234342 +0.975021
6485.338034 +0.982156
6485.441725 +0.987715
6485.545417 +0.988462
6485.649108 +0.992387
6485.752799 +0.995755
6485.856491 +0.994787
6485.960182 +0.990119
6486.063874 +0.987392
6486.167565 +0.992711
6486.271256 +0.993405
6486.374948 +0.988555
6486.478639 +0.984230
6486.582331 +0.975146
6486.686022 +0.974822
6486.789714 +0.984920
6486.893405 +0.991042
6486.997096 +0.990177
6487.100788 +0.990149
6487.204479 +0.990272
6487.308171 +0.988088
6487.411862 +0.988646
6487.515553 +0.989829
6487.619245 +0.989843
6487.722936 +0.987631
6487.826628 +0.985377
6487.930319 +0.984564
6488.034010 +0.985410
6488.137702 +0.983542
6488.241393 +0.980642
6488.345085 +0.984172
6488.448776 +0.984101
6488.552468 +0.981139
6488.656159 +0.978160
6488.759850 +0.972793
6488.863542 +0.966487
6488.967233 +0.965929
6489.070925 +0.970001
6489.174616 +0.975142
6489.278307 +0.977176
6489.381999 +0.974683
6489.485690 +0.974808
6489.589382 +0.978163
6489.693073 +0.977683
6489.796765 +0.976274
6489.900456 +0.974729
6490.004147 +0.972351
6490.107839 +0.972589
6490.211530 +0.967586
6490.315222 +0.958944
6490.418913 +0.950737
6490.522604 +0.934970
6490.626296 +0.924455
6490.729987 +0.927509
6490.833679 +0.936874
6490.937370 +0.941126
6491.041061 +0.936983
6491.144753 +0.937567
6491.248444 +0.936181
6491.352136 +0.927427
6491.455827 +0.921876
6491.559519 +0.920264
6491.663210 +0.917906
6491.766901 +0.911386
6491.870593 +0.909294
6491.974284 +0.912085
6492.077976 +0.909026
6492.181667 +0.903355
6492.285358 +0.899201
6492.389050 +0.896195
6492.492741 +0.884680
6492.596433 +0.873915
6492.700124 +0.870016
6492.803816 +0.866464
6492.907507 +0.869525
6493.011198 +0.872600
6493.114890 +0.868287
6493.218581 +0.866868
6493.322273 +0.866238
6493.425964 +0.860245
6493.529655 +0.854587
6493.633347 +0.853582
6493.737038 +0.850592
6493.840730 +0.846544
6493.944421 +0.841955
6494.048112 +0.840018
6494.151804 +0.839096
6494.255495 +0.834477
6494.359187 +0.830464
6494.462878 +0.833949
6494.566570 +0.840018
6494.670261 +0.840133
6494.773952 +0.838310
6494.877644 +0.838436
6494.981335 +0.841418
6495.085027 +0.839283
6495.188718 +0.837367
6495.292409 +0.839953
6495.396101 +0.836538
6495.499792 +0.828589
6495.603484 +0.817429
6495.707175 +0.811027
6495.810867 +0.812724
6495.914558 +0.822734
6496.018249 +0.832232
6496.121941 +0.835336
6496.225632 +0.836897
6496.329324 +0.835993
6496.433015 +0.834999
6496.536706 +0.836699
6496.640398 +0.839670
6496.744089 +0.844222
6496.847781 +0.847532
6496.951472 +0.849609
6497.055164 +0.847186
6497.158855 +0.847798
6497.262546 +0.857216
6497.366238 +0.859341
6497.469929 +0.858173
6497.573621 +0.862977
6497.677312 +0.869670
6497.781003 +0.876899
6497.884695 +0.878578
6497.988386 +0.878101
6498.092078 +0.882753
6498.195769 +0.887894
6498.299460 +0.888234
6498.403152 +0.889659
6498.506843 +0.887975
6498.610535 +0.884798
6498.714226 +0.890210
6498.817918 +0.896043
6498.921609 +0.896560
6499.025300 +0.900312
6499.128992 +0.907389
6499.232683 +0.908495
6499.336375 +0.909728
6499.440066 +0.917413
6499.543757 +0.920385
6499.647449 +0.924431
6499.751140 +0.928822
6499.854832 +0.930946
6499.958523 +0.933868
6500.062215 +0.939563
6500.165906 +0.942575
6500.269597 +0.944521
6500.373289 +0.942127
6500.476980 +0.941661
6500.580672 +0.943712
6500.684363 +0.942173
6500.788054 +0.942608
6500.891746 +0.938554
6500.995437 +0.929988
6501.099129 +0.929232
6501.202820 +0.940087
6501.306511 +0.947609
6501.410203 +0.947665
6501.513894 +0.950792
6501.617586 +0.959830
6501.721277 +0.961271
6501.824969 +0.961738
6501.928660 +0.967348
6502.032351 +0.967752
6502.136043 +0.970220
6502.239734 +0.973968
6502.343426 +0.976209
6502.447117 +0.977142
6502.550808 +0.974927
6502.654500 +0.978299
6502.758191 +0.980054
6502.861883 +0.976589
6502.965574 +0.977209
6503.069266 +0.978143
6503.172957 +0.979839
6503.276648 +0.979693
6503.380340 +0.974696
6503.484031 +0.974753
6503.587723 +0.979233
6503.691414 +0.981635
6503.795105 +0.983215
6503.898797 +0.983070
6504.002488 +0.980913
6504.106180 +0.978568
6504.209871 +0.985349
6504.313562 +0.985728
6504.417254 +0.984891
6504.520945 +0.987923
6504.624637 +0.986398
6504.728328 +0.987263
6504.832020 +0.989461
6504.935711 +0.993634
6505.039402 +1.003915
6505.143094 +1.008360
6505.246785 +1.010362
6505.350477 +1.010057
6505.454168 +1.005401
6505.557859 +0.998999
6505.661551 +0.993921
6505.765242 +0.994648
6505.868934 +0.996693
6505.972625 +0.996194
6506.076317 +0.991117
6506.180008 +0.987389
6506.283699 +0.989890
6506.387391 +0.989182
6506.491082 +0.986701
6506.594774 +0.988679
6506.698465 +0.988613
6506.802156 +0.987285
6506.905848 +0.986911
6507.009539 +0.989997
6507.113231 +0.989693
6507.216922 +0.986808
6507.320613 +0.988399
6507.424305 +0.983534
6507.527996 +0.981961
6507.631688 +0.980978
6507.735379 +0.980934
6507.839071 +0.985113
6507.942762 +0.987466
6508.046453 +0.988390
6508.150145 +0.984612
6508.253836 +0.984147
6508.357528 +0.981763
6508.461219 +0.978827
6508.564910 +0.981265
6508.668602 +0.986788
6508.772293 +0.989087
6508.875985 +0.987590
6508.979676 +0.986228
6509.083368 +0.986263
6509.187059 +0.990196
6509.290750 +0.992216
6509.394442 +0.987461
6509.498133 +0.984511
6509.601825 +0.988332
6509.705516 +0.993566
6509.809207 +0.993760
6509.912899 +0.990459
6510.016590 +0.989578
6510.120282 +0.987605
6510.223973 +0.988272
6510.327664 +0.988912
6510.431356 +0.989730
6510.535047 +0.996373
6510.638739 +0.995603
6510.742430 +0.990154
6510.846122 +0.990282
6510.949813 +0.991033
6511.053504 +0.990333
6511.157196 +0.991697
6511.260887 +0.992429
6511.364579 +0.991314
6511.468270 +0.992091
6511.571961 +0.990854
6511.675653 +0.987760
6511.779344 +0.987834
6511.883036 +0.984617
6511.986727 +0.988162
6512.090419 +0.991961
6512.194110 +0.988636
6512.297801 +0.988432
6512.401493 +0.992925
6512.505184 +0.995862
6512.608876 +0.994589
6512.712567 +0.990882
6512.816258 +0.988098
6512.919950 +0.991454
6513.023641 +0.990027
6513.127333 +0.986013
6513.231024 +0.983788
6513.334716 +0.982317
6513.438407 +0.982792
6513.542098 +0.981626
6513.645790 +0.982847
6513.749481 +0.983765
6513.853173 +0.983143
6513.956864 +0.981435
6514.060555 +0.978976
6514.164247 +0.982873
6514.267938 +0.985212
6514.371630 +0.979531
6514.475321 +0.968785
6514.579012 +0.955902
6514.682704 +0.955729
6514.786395 +0.967329
6514.890087 +0.975845
6514.993778 +0.976965
6515.097470 +0.972127
6515.201161 +0.968707
6515.304852 +0.966953
6515.408544 +0.966449
6515.512235 +0.963539
6515.615927 +0.956224
6515.719618 +0.953908
6515.823309 +0.953748
6515.927001 +0.952312
6516.030692 +0.950560
6516.134384 +0.945871
6516.238075 +0.934987
6516.341767 +0.918668
6516.445458 +0.913596
6516.549149 +0.924618
6516.652841 +0.942190
6516.756532 +0.952083
6516.860224 +0.950821
6516.963915 +0.949586
6517.067606 +0.951875
6517.171298 +0.956114
6517.274989 +0.957866
6517.378681 +0.961409
6517.482372 +0.963418
6517.586063 +0.960982
6517.689755 +0.957184
6517.793446 +0.953618
6517.897138 +0.953772
6518.000829 +0.956141
6518.104521 +0.963984
6518.208212 +0.966684
6518.311903 +0.962835
6518.415595 +0.963155
6518.519286 +0.967794
6518.622978 +0.972365
6518.726669 +0.969927
6518.830360 +0.965786
6518.934052 +0.968101
6519.037743 +0.971009
6519.141435 +0.967013
6519.245126 +0.957609
6519.348818 +0.952653
6519.452509 +0.957313
6519.556200 +0.965216
6519.659892 +0.968377
6519.763583 +0.972357
6519.867275 +0.975991
6519.970966 +0.974246
6520.074657 +0.970700
6520.178349 +0.970321
6520.282040 +0.972973
6520.385732 +0.974020
6520.489423 +0.977408
6520.593114 +0.979018
6520.696806 +0.976778
6520.800497 +0.981670
6520.904189 +0.986382
6521.007880 +0.984956
6521.111572 +0.986864
6521.215263 +0.991241
6521.318954 +0.992843
6521.422646 +0.992655
6521.526337 +0.990988
6521.630029 +0.987684
6521.733720 +0.989745
6521.837411 +0.989892
6521.941103 +0.990694
6522.044794 +0.990372
6522.148486 +0.990627
6522.252177 +0.997084
6522.355869 +0.998706
6522.459560 +0.994459
6522.563251 +0.992264
6522.666943 +0.992793
6522.770634 +0.992625
6522.874326 +0.990990
6522.978017 +0.987215
6523.081708 +0.983271
6523.185400 +0.985610
6523.289091 +0.987380
6523.392783 +0.983584
6523.496474 +0.978543
6523.600165 +0.972200
6523.703857 +0.966827
6523.807548 +0.968527
6523.911240 +0.977407
6524.014931 +0.985159
6524.118623 +0.984922
6524.222314 +0.981725
6524.326005 +0.983088
6524.429697 +0.986887
6524.533388 +0.986949
6524.637080 +0.982458
6524.740771 +0.980945
6524.844462 +0.977169
6524.948154 +0.976116
6525.051845 +0.978472
6525.155537 +0.979657
6525.259228 +0.980940
6525.362920 +0.980718
6525.466611 +0.979305
6525.570302 +0.976731
6525.673994 +0.976063
6525.777685 +0.980319
6525.881377 +0.983785
6525.985068 +0.980244
6526.088759 +0.977713
6526.192451 +0.981315
6526.296142 +0.978805
6526.399834 +0.975754
6526.503525 +0.981203
6526.607216 +0.984119
6526.710908 +0.982471
6526.814599 +0.979992
6526.918291 +0.977230
6527.021982 +0.976686
6527.125674 +0.977429
6527.229365 +0.979465
6527.333056 +0.980472
6527.436748 +0.977246
6527.540439 +0.977266
6527.644131 +0.978345
6527.747822 +0.977126
6527.851513 +0.979735
6527.955205 +0.977941
6528.058896 +0.979102
6528.162588 +0.982303
6528.266279 +0.980404
6528.369971 +0.979132
6528.473662 +0.975878
6528.577353 +0.976191
6528.681045 +0.975508
6528.784736 +0.974403
6528.888428 +0.980176
6528.992119 +0.979793
6529.095810 +0.979729
6529.199502 +0.982342
6529.303193 +0.982592
6529.406885 +0.983399
6529.510576 +0.983867
6529.614267 +0.987237
6529.717959 +0.985259
6529.821650 +0.984925
6529.925342 +0.987514
6530.029033 +0.986370
6530.132725 +0.984096
6530.236416 +0.975830
6530.340107 +0.972174
6530.443799 +0.976220
6530.547490 +0.979830
6530.651182 +0.980299
6530.754873 +0.978634
6530.858564 +0.978500
6530.962256 +0.978023
6531.065947 +0.978823
6531.169639 +0.977286
6531.273330 +0.974016
6531.377022 +0.975173
6531.480713 +0.976761
6531.584404 +0.974999
6531.688096 +0.977369
6531.791787 +0.980070
6531.895479 +0.977551
6531.999170 +0.973673
6532.102861 +0.965235
6532.206553 +0.955860
6532.310244 +0.960439
6532.413936 +0.974130
6532.517627 +0.977165
6532.621319 +0.975728
6532.725010 +0.977788
6532.828701 +0.978290
6532.932393 +0.976421
6533.036084 +0.976187
6533.139776 +0.973717
6533.243467 +0.965312
6533.347158 +0.964978
6533.450850 +0.973698
6533.554541 +0.976392
6533.658233 +0.977348
6533.761924 +0.988302
6533.865615 +1.003937
6533.969307 +1.001900
6534.072998 +0.984838
6534.176690 +0.976550
6534.280381 +0.979620
6534.384073 +0.981658
6534.487764 +0.979657
6534.591455 +0.978514
6534.695147 +0.981770
6534.798838 +0.983611
6534.902530 +0.979282
6535.006221 +0.980494
6535.109912 +0.985899
6535.213604 +0.985594
6535.317295 +0.983828
6535.420987 +0.985034
6535.524678 +0.986823
6535.628370 +0.987570
6535.732061 +0.986688
6535.835752 +0.987898
6535.939444 +0.991509
6536.043135 +0.993432
6536.146827 +0.993039
6536.250518 +0.991234
6536.354209 +0.986319
6536.457901 +0.983502
6536.561592 +0.985364
6536.665284 +0.987604
6536.768975 +0.990692
6536.872666 +0.992014
6536.976358 +0.992051
6537.080049 +0.992673
6537.183741 +0.993926
6537.287432 +0.996555
6537.391124 +0.995542
6537.494815 +0.994025
6537.598506 +0.995740
6537.702198 +0.997779
6537.805889 +1.000191
6537.909581 +1.000919
6538.013272 +0.997609
6538.116963 +0.996237
6538.220655 +0.997605
6538.324346 +0.996544
6538.428038 +0.993854
6538.531729 +0.998723
6538.635421 +1.002432
6538.739112 +1.000214
6538.842803 +0.997313
6538.946495 +0.993796
6539.050186 +0.996060
6539.153878 +0.998907
6539.257569 +0.995844
6539.361260 +0.994076
6539.464952 +0.995709
6539.568643 +0.996701
6539.672335 +0.996989
6539.776026 +0.997261
6539.879717 +0.998769
6539.983409 +0.996368
6540.087100 +0.998383
6540.190792 +0.999214
6540.294483 +0.999256
6540.398175 +1.001471
6540.501866 +0.998227
6540.605557 +0.997874
6540.709249 +0.999794
6540.812940 +1.004952
6540.916632 +1.003429
6541.020323 +0.998959
6541.124014 +1.001408
6541.227706 +1.003343
6541.331397 +1.000994
6541.435089 +1.002643
6541.538780 +1.003517
6541.642472 +1.002691
6541.746163 +0.999665
6541.849854 +0.997463
6541.953546 +0.992926
6542.057237 +0.990902
6542.160929 +0.992416
6542.264620 +0.994532
6542.368311 +0.993786
6542.472003 +0.993213
6542.575694 +0.997893
6542.679386 +0.997139
6542.783077 +0.992215
6542.886768 +0.988162
6542.990460 +0.988010
6543.094151 +0.988931
6543.197843 +0.984768
6543.301534 +0.981579
6543.405226 +0.980446
6543.508917 +0.973433
6543.612608 +0.958069
6543.716300 +0.950301
6543.819991 +0.955909
6543.923683 +0.966736
6544.027374 +0.975188
6544.131065 +0.980456
6544.234757 +0.984172
6544.338448 +0.983282
6544.442140 +0.983146
6544.545831 +0.986275
6544.649523 +0.990820
6544.753214 +0.989506
6544.856905 +0.984504
6544.960597 +0.986142
6545.064288 +0.989440
6545.167980 +0.988693
6545.271671 +0.991589
6545.375362 +0.994601
6545.479054 +0.992871
6545.582745 +0.990963
6545.686437 +0.989380
6545.790128 +0.995894
6545.893819 +1.004809
6545.997511 +1.002650
6546.101202 +1.003223
6546.204894 +1.009117
6546.308585 +1.007463
6546.412277 +1.011065
6546.515968 +1.017170
6546.619659 +1.017531
6546.723351 +1.019426
6546.827042 +1.020386
6546.930734 +1.022790
6547.034425 +1.023667
6547.138116 +1.025885
6547.241808 +1.029531
6547.345499 +1.029841
6547.449191 +1.028597
6547.552882 +1.030556
6547.656574 +1.038257
6547.760265 +1.045555
6547.863956 +1.047305
6547.967648 +1.051045
6548.071339 +1.056738
6548.175031 +1.054953
6548.278722 +1.054783
6548.382413 +1.055713
6548.486105 +1.059322
6548.589796 +1.074126
6548.693488 +1.091534
6548.797179 +1.105273
6548.900871 +1.112703
6549.004562 +1.126773
6549.108253 +1.138690
6549.211945 +1.148754
6549.315636 +1.158788
6549.419328 +1.161315
6549.523019 +1.164029
6549.626710 +1.175453
6549.730402 +1.182593
6549.834093 +1.189714
6549.937785 +1.198751
6550.041476 +1.207697
6550.145167 +1.216957
6550.248859 +1.222791
6550.352550 +1.230219
6550.456242 +1.237809
6550.559933 +1.246363
6550.663625 +1.253113
6550.767316 +1.260895
6550.871007 +1.270669
6550.974699 +1.276557
6551.078390 +1.281371
6551.182082 +1.289748
6551.285773 +1.298973
6551.389464 +1.302230
6551.493156 +1.307091
6551.596847 +1.319989
6551.700539 +1.324778
6551.804230 +1.316857
6551.907922 +1.315584
6552.011613 +1.322880
6552.115304 +1.326194
6552.218996 +1.323885
6552.322687 +1.315493
6552.426379 +1.308826
6552.530070 +1.309781
6552.633761 +1.324751
6552.737453 +1.338995
6552.841144 +1.348225
6552.944836 +1.359095
6553.048527 +1.367144
6553.152218 +1.370564
6553.255910 +1.377880
6553.359601 +1.389015
6553.463293 +1.386602
6553.566984 +1.384829
6553.670676 +1.392827
6553.774367 +1.401646
6553.878058 +1.414548
6553.981750 +1.424488
6554.085441 +1.433980
6554.189133 +1.442281
6554.292824 +1.458954
6554.396515 +1.463466
6554.500207 +1.472772
6554.603898 +1.478199
6554.707590 +1.484428
6554.811281 +1.498340
6554.914973 +1.503183
6555.018664 +1.508644
6555.122355 +1.520599
6555.226047 +1.529269
6555.329738 +1.537633
6555.433430 +1.549643
6555.537121 +1.557250
6555.640812 +1.564332
6555.744504 +1.573969
6555.848195 +1.581000
6555.951887 +1.584328
6556.055578 +1.589038
6556.159269 +1.597904
6556.262961 +1.596044
6556.366652 +1.593022
6556.470344 +1.598717
6556.574035 +1.606025
6556.677727 +1.611793
6556.781418 +1.600814
6556.885109 +1.588158
6556.988801 +1.587811
6557.092492 +1.592752
6557.196184 +1.598712
6557.299875 +1.602992
6557.403566 +1.608789
6557.507258 +1.606277
6557.610949 +1.599981
6557.714641 +1.592519
6557.818332 +1.586657
6557.922024 +1.585375
6558.025715 +1.582196
6558.129406 +1.583032
6558.233098 +1.584246
6558.336789 +1.584479
6558.440481 +1.585732
6558.544172 +1.579452
6558.647863 +1.578092
6558.751555 +1.578433
6558.855246 +1.571711
6558.958938 +1.573743
6559.062629 +1.572196
6559.166320 +1.566427
6559.270012 +1.562780
6559.373703 +1.559959
6559.477395 +1.560451
6559.581086 +1.556296
6559.684778 +1.548846
6559.788469 +1.549961
6559.892160 +1.547997
6559.995852 +1.539889
6560.099543 +1.526819
6560.203235 +1.513083
6560.306926 +1.506334
6560.410617 +1.506575
6560.514309 +1.504440
6560.618000 +1.493438
6560.721692 +1.477668
6560.825383 +1.478908
6560.929075 +1.476108
6561.032766 +1.467179
6561.136457 +1.468221
6561.240149 +1.471070
6561.343840 +1.468576
6561.447532 +1.458257
6561.551223 +1.446375
6561.654914 +1.446834
6561.758606 +1.450780
6561.862297 +1.453044
6561.965989 +1.446931
6562.069680 +1.433654
6562.173371 +1.424154
6562.277063 +1.429170
6562.380754 +1.438717
6562.484446 +1.442425
6562.588137 +1.450881
6562.691829 +1.450253
6562.795520 +1.446420
6562.899211 +1.443105
6563.002903 +1.438384
6563.106594 +1.432704
6563.210286 +1.433581
6563.313977 +1.431818
6563.417668 +1.426631
6563.521360 +1.425163
6563.625051 +1.424752
6563.728743 +1.424383
6563.832434 +1.418559
6563.936126 +1.413136
6564.039817 +1.412445
6564.143508 +1.420108
6564.247200 +1.427284
6564.350891 +1.436987
6564.454583 +1.445393
6564.558274 +1.451235
6564.661965 +1.453764
6564.765657 +1.460640
6564.869348 +1.473541
6564.973040 +1.483987
6565.076731 +1.503049
6565.180422 +1.513815
6565.284114 +1.519513
6565.387805 +1.532212
6565.491497 +1.538226
6565.595188 +1.544764
6565.698880 +1.553418
6565.802571 +1.562193
6565.906262 +1.568194
6566.009954 +1.572932
6566.113645 +1.583500
6566.217337 +1.590303
6566.321028 +1.597859
6566.424719 +1.611680
6566.528411 +1.623003
6566.632102 +1.626876
6566.735794 +1.636362
6566.839485 +1.649955
6566.943177 +1.657093
6567.046868 +1.661592
6567.150559 +1.659569
6567.254251 +1.658140
6567.357942 +1.660114
6567.461634 +1.669093
6567.565325 +1.667410
6567.669016 +1.657171
6567.772708 +1.652729
6567.876399 +1.644124
6567.980091 +1.638166
6568.083782 +1.633223
6568.187474 +1.624506
6568.291165 +1.621981
6568.394856 +1.619938
6568.498548 +1.604206
6568.602239 +1.590451
6568.705931 +1.586526
6568.809622 +1.587523
6568.913313 +1.579235
6569.017005 +1.569523
6569.120696 +1.565671
6569.224388 +1.558042
6569.328079 +1.553791
6569.431770 +1.546975
6569.535462 +1.534746
6569.639153 +1.529363
6569.742845 +1.526190
6569.846536 +1.516551
6569.950228 +1.502579
6570.053919 +1.492271
6570.157610 +1.482676
6570.261302 +1.475335
6570.364993 +1.462174
6570.468685 +1.448926
6570.572376 +1.443272
6570.676067 +1.439536
6570.779759 +1.430712
6570.883450 +1.420969
6570.987142 +1.417647
6571.090833 +1.413207
6571.194525 +1.411717
6571.298216 +1.404535
6571.401907 +1.394487
6571.505599 +1.392154
6571.609290 +1.384659
6571.712982 +1.370665
6571.816673 +1.355972
6571.920364 +1.345031
6572.024056 +1.346415
6572.127747 +1.356859
6572.231439 +1.360555
6572.335130 +1.353465
6572.438821 +1.357221
6572.542513 +1.359780
6572.646204 +1.350325
6572.749896 +1.340935
6572.853587 +1.340222
6572.957279 +1.340491
6573.060970 +1.336716
6573.164661 +1.329709
6573.268353 +1.321565
6573.372044 +1.314526
6573.475736 +1.311854
6573.579427 +1.304841
6573.683118 +1.288602
6573.786810 +1.284492
6573.890501 +1.282133
6573.994193 +1.278642
6574.097884 +1.271896
6574.201576 +1.256513
6574.305267 +1.248732
6574.408958 +1.239708
6574.512650 +1.217493
6574.616341 +1.201159
6574.720033 +1.188360
6574.823724 +1.180764
6574.927415 +1.185654
6575.031107 +1.186698
6575.134798 +1.179564
6575.238490 +1.170215
6575.342181 +1.157469
6575.445872 +1.148046
6575.549564 +1.144947
6575.653255 +1.134255
6575.756947 +1.124367
6575.860638 +1.118670
6575.964330 +1.111369
6576.068021 +1.101043
6576.171712 +1.091934
6576.275404 +1.090948
6576.379095 +1.087460
6576.482787 +1.076076
6576.586478 +1.067919
6576.690169 +1.069712
6576.793861 +1.069208
6576.897552 +1.064003
6577.001244 +1.059375
6577.104935 +1.051757
6577.208627 +1.049649
6577.312318 +1.054820
6577.416009 +1.056634
6577.519701 +1.053522
6577.623392 +1.047384
6577.727084 +1.044753
6577.830775 +1.042583
6577.934466 +1.035596
6578.038158 +1.031344
6578.141849 +1.031544
6578.245541 +1.035315
6578.349232 +1.031946
6578.452923 +1.018597
6578.556615 +1.013770
6578.660306 +1.018716
6578.763998 +1.021290
6578.867689 +1.018165
6578.971381 +1.013829
6579.075072 +1.010939
6579.178763 +1.008551
6579.282455 +1.006889
6579.386146 +1.009550
6579.489838 +1.010430
6579.593529 +1.008247
6579.697220 +1.007224
6579.800912 +1.001224
6579.904603 +0.995401
6580.008295 +0.994344
6580.111986 +0.994429
6580.215678 +0.992380
6580.319369 +0.992818
6580.423060 +0.995221
6580.526752 +0.992539
6580.630443 +0.989409
6580.734135 +0.988335
6580.837826 +0.988595
6580.941517 +0.988760
6581.045209 +0.991617
6581.148900 +0.991519
6581.252592 +0.990541
6581.356283 +0.989995
6581.459974 +0.990019
6581.563666 +0.990976
6581.667357 +0.989481
6581.771049 +0.988824
6581.874740 +0.991416
6581.978432 +0.991946
6582.082123 +0.987779
6582.185814 +0.984743
6582.289506 +0.984137
6582.393197 +0.984119
6582.496889 +0.985598
6582.600580 +0.988530
6582.704271 +0.985747
6582.807963 +0.979524
6582.911654 +0.979888
6583.015346 +0.978507
6583.119037 +0.973304
6583.222729 +0.971433
6583.326420 +0.971956
6583.430111 +0.975046
6583.533803 +0.978884
6583.637494 +0.982739
6583.741186 +0.987118
6583.844877 +0.984205
6583.948568 +0.981524
6584.052260 +0.981635
6584.155951 +0.984908
6584.259643 +0.987558
6584.363334 +0.985769
6584.467026 +0.986436
6584.570717 +0.983157
6584.674408 +0.980279
6584.778100 +0.986796
6584.881791 +0.987336
6584.985483 +0.982547
6585.089174 +0.987612
6585.192865 +0.990721
6585.296557 +0.986109
6585.400248 +0.982850
6585.503940 +0.982844
6585.607631 +0.983743
6585.711322 +0.986436
6585.815014 +0.985988
6585.918705 +0.983612
6586.022397 +0.982948
6586.126088 +0.984591
6586.229780 +0.981133
6586.333471 +0.975853
6586.437162 +0.975072
6586.540854 +0.977959
6586.644545 +0.981849
6586.748237 +0.984301
6586.851928 +0.985936
6586.955619 +0.989785
6587.059311 +0.989606
6587.163002 +0.987536
6587.266694 +0.990157
6587.370385 +0.989578
6587.474077 +0.987221
6587.577768 +0.987397
6587.681459 +0.993841
6587.785151 +0.991477
6587.888842 +0.984238
6587.992534 +0.986250
6588.096225 +0.993180
6588.199916 +0.992509
6588.303608 +0.990538
6588.407299 +0.989839
6588.510991 +0.988435
6588.614682 +0.997614
6588.718373 +0.999409
6588.822065 +0.993342
6588.925756 +0.992409
6589.029448 +0.993477
6589.133139 +0.991172
6589.236831 +0.988036
6589.340522 +0.983533
6589.444213 +0.982140
6589.547905 +0.981913
6589.651596 +0.979325
6589.755288 +0.975330
6589.858979 +0.974258
6589.962670 +0.972905
6590.066362 +0.967442
6590.170053 +0.962508
6590.273745 +0.955166
6590.377436 +0.957549
6590.481128 +0.959738
6590.584819 +0.954496
6590.688510 +0.953800
6590.792202 +0.953703
6590.895893 +0.948428
6590.999585 +0.945724
6591.103276 +0.944445
6591.206967 +0.941167
6591.310659 +0.937850
6591.414350 +0.941872
6591.518042 +0.943959
6591.621733 +0.932464
6591.725424 +0.922897
6591.829116 +0.929263
6591.932807 +0.942301
6592.036499 +0.946753
6592.140190 +0.938829
6592.243882 +0.937695
6592.347573 +0.941941
6592.451264 +0.941435
6592.554956 +0.936826
6592.658647 +0.937045
6592.762339 +0.937411
6592.866030 +0.936844
6592.969721 +0.937645
6593.073413 +0.935062
6593.177104 +0.933620
6593.280796 +0.933304
6593.384487 +0.933763
6593.488179 +0.931998
6593.591870 +0.937884
6593.695561 +0.940987
6593.799253 +0.936319
6593.902944 +0.936554
6594.006636 +0.935729
6594.110327 +0.932548
6594.214018 +0.927739
6594.317710 +0.928166
6594.421401 +0.934030
6594.525093 +0.932840
6594.628784 +0.933303
6594.732475 +0.933791
6594.836167 +0.929635
6594.939858 +0.929688
6595.043550 +0.934343
6595.147241 +0.940866
6595.250933 +0.942323
6595.354624 +0.940955
6595.458315 +0.942397
6595.562007 +0.947366
6595.665698 +0.951224
6595.769390 +0.955341
6595.873081 +0.955915
6595.976772 +0.954203
6596.080464 +0.959798
6596.184155 +0.966502
6596.287847 +0.967810
6596.391538 +0.969001
6596.495230 +0.969736
6596.598921 +0.967800
6596.702612 +0.971199
6596.806304 +0.971261
6596.909995 +0.970322
6597.013687 +0.974818
6597.117378 +0.977246
6597.221069 +0.975830
6597.324761 +0.975709
6597.428452 +0.975526
6597.532144 +0.976523
6597.635835 +0.979615
6597.739526 +0.980950
6597.843218 +0.980866
6597.946909 +0.979750
6598.050601 +0.983529
6598.154292 +0.983545
6598.257984 +0.975997
6598.361675 +0.976565
6598.465366 +0.983609
6598.569058 +0.980140
6598.672749 +0.978462
6598.776441 +0.981902
6598.880132 +0.979534
6598.983823 +0.977399
6599.087515 +0.977695
6599.191206 +0.978479
6599.294898 +0.980027
6599.398589 +0.979979
6599.502281 +0.980069
6599.605972 +0.981442
6599.709663 +0.984586
6599.813355 +0.988262
6599.917046 +0.987596
6600.020738 +0.982719
6600.124429 +0.982007
6600.228120 +0.986878
6600.331812 +0.991859
6600.435503 +0.992512
6600.539195 +0.993734
6600.642886 +0.995371
6600.746578 +0.993570
6600.850269 +0.995408
6600.953960 +0.995959
6601.057652 +0.991566
6601.161343 +0.987987
6601.265035 +0.992391
6601.368726 +0.996225
6601.472417 +0.992413
6601.576109 +0.988709
6601.679800 +0.990435
6601.783492 +0.990284
6601.887183 +0.985436
6601.990874 +0.986585
6602.094566 +0.990007
6602.198257 +0.989182
6602.301949 +0.984747
6602.405640 +0.981228
6602.509332 +0.983853
6602.613023 +0.985997
6602.716714 +0.988946
6602.820406 +0.992143
6602.924097 +0.986455
6603.027789 +0.980694
6603.131480 +0.984221
6603.235171 +0.989466
6603.338863 +0.989035
6603.442554 +0.984701
6603.546246 +0.987600
6603.649937 +0.986440
6603.753629 +0.983548
6603.857320 +0.982819
6603.961011 +0.977824
6604.064703 +0.978131
6604.168394 +0.978499
6604.272086 +0.975998
6604.375777 +0.975624
6604.479468 +0.975748
6604.583160 +0.974770
6604.686851 +0.973256
6604.790543 +0.974717
6604.894234 +0.972015
6604.997925 +0.970630
6605.101617 +0.968873
6605.205308 +0.966047
6605.309000 +0.967608
6605.412691 +0.966073
6605.516383 +0.962609
6605.620074 +0.962271
6605.723765 +0.965805
6605.827457 +0.966460
6605.931148 +0.960778
6606.034840 +0.955567
6606.138531 +0.956111
6606.242222 +0.953686
6606.345914 +0.952833
6606.449605 +0.952469
6606.553297 +0.951466
6606.656988 +0.951959
6606.760680 +0.947250
6606.864371 +0.946566
6606.968062 +0.951639
6607.071754 +0.950275
6607.175445 +0.948969
6607.279137 +0.952613
6607.382828 +0.957458
6607.486519 +0.960336
6607.590211 +0.959675
6607.693902 +0.956491
6607.797594 +0.953301
6607.901285 +0.954442
6608.004976 +0.956919
6608.108668 +0.957364
6608.212359 +0.956449
6608.316051 +0.960941
6608.419742 +0.963248
6608.523434 +0.960073
6608.627125 +0.958527
6608.730816 +0.958585
6608.834508 +0.957991
6608.938199 +0.961172
6609.041891 +0.965302
6609.145582 +0.962635
6609.249273 +0.958859
6609.352965 +0.958403
6609.456656 +0.960311
6609.560348 +0.964439
6609.664039 +0.964765
6609.767731 +0.964410
6609.871422 +0.966598
6609.975113 +0.966772
6610.078805 +0.962061
6610.182496 +0.956412
6610.286188 +0.960786
6610.389879 +0.966030
6610.493570 +0.966565
6610.597262 +0.966563
6610.700953 +0.966706
6610.804645 +0.968664
6610.908336 +0.971932
6611.012027 +0.971327
6611.115719 +0.968379
6611.219410 +0.971102
6611.323102 +0.977051
6611.426793 +0.980064
6611.530485 +0.979086
6611.634176 +0.976524
6611.737867 +0.976365
6611.841559 +0.984372
6611.945250 +0.989297
6612.048942 +0.986086
6612.152633 +0.990344
6612.256324 +0.992465
6612.360016 +0.990525
6612.463707 +0.994634
6612.567399 +0.996668
6612.671090 +0.991717
6612.774782 +0.993289
6612.878473 +0.994954
6612.982164 +0.992506
6613.085856 +0.996518
6613.189547 +0.998757
6613.293239 +0.995732
6613.396930 +0.989863
6613.500621 +0.986900
6613.604313 +0.991390
6613.708004 +0.988590
6613.811696 +0.987620
6613.915387 +0.992009
6614.019078 +0.989393
6614.122770 +0.990224
6614.226461 +0.996099
6614.330153 +0.997469
6614.433844 +0.997331
6614.537536 +0.991936
6614.641227 +0.988717
6614.744918 +0.995560
6614.848610 +0.998824
6614.952301 +0.994655
6615.055993 +0.989677
6615.159684 +0.991342
6615.263375 +0.995757
6615.367067 +0.996097
6615.470758 +0.989949
6615.574450 +0.991304
6615.678141 +0.995418
6615.781833 +0.998020
6615.885524 +0.997584
6615.989215 +0.999354
6616.092907 +1.003899
6616.196598 +1.000137
6616.300290 +0.995723
6616.403981 +0.999315
6616.507672 +1.001565
6616.611364 +1.002306
6616.715055 +1.000609
6616.818747 +0.998900
6616.922438 +1.001902
6617.026129 +1.004984
6617.129821 +1.001857
6617.233512 +0.999273
6617.337204 +1.000257
6617.440895 +0.996798
6617.544587 +0.998962
6617.648278 +0.996914
6617.751969 +0.999561
6617.855661 +0.999702
6617.959352 +0.997140
6618.063044 +1.001864
6618.166735 +1.004831
6618.270426 +1.001596
6618.374118 +0.994776
6618.477809 +0.999407
6618.581501 +1.001624
6618.685192 +0.997994
6618.788884 +0.997593
6618.892575 +0.997201
6618.996266 +1.002312
6619.099958 +1.001800
6619.203649 +0.999880
6619.307341 +0.999304
6619.411032 +0.998469
6619.514723 +1.003251
6619.618415 +1.003635
6619.722106 +0.996784
6619.825798 +0.995618
6619.929489 +0.998914
6620.033181 +1.001830
6620.136872 +0.999151
6620.240563 +1.001828
6620.344255 +1.004295
6620.447946 +1.002784
6620.551638 +0.999614
6620.655329 +0.997270
6620.759020 +0.996266
6620.862712 +0.999938
6620.966403 +1.004147
6621.070095 +1.003917
6621.173786 +0.998796
6621.277477 +0.995453
6621.381169 +0.994138
6621.484860 +0.994700
6621.588552 +0.995166
6621.692243 +0.992053
6621.795935 +0.992987
6621.899626 +0.990705
6622.003317 +0.988462
6622.107009 +0.988974
6622.210700 +0.991790
6622.314392 +0.990211
6622.418083 +0.987613
6622.521774 +0.988625
6622.625466 +0.985010
6622.729157 +0.984392
6622.832849 +0.987882
6622.936540 +0.988121
6623.040232 +0.983336
6623.143923 +0.985942
6623.247614 +0.990453
6623.351306 +0.988910
6623.454997 +0.987082
6623.558689 +0.984109
6623.662380 +0.983611
6623.766071 +0.987353
6623.869763 +0.985901
6623.973454 +0.982316
6624.077146 +0.986081
6624.180837 +0.983833
6624.284528 +0.981067
6624.388220 +0.984915
6624.491911 +0.984779
6624.595603 +0.980526
6624.699294 +0.984929
6624.802986 +0.988644
6624.906677 +0.982275
6625.010368 +0.981343
6625.114060 +0.979837
6625.217751 +0.978164
6625.321443 +0.980763
6625.425134 +0.983175
6625.528825 +0.980352
6625.632517 +0.980953
6625.736208 +0.986107
6625.839900 +0.984289
6625.943591 +0.979243
6626.047283 +0.978265
6626.150974 +0.979295
6626.254665 +0.978962
6626.358357 +0.976703
6626.462048 +0.977729
6626.565740 +0.978768
6626.669431 +0.980330
6626.773122 +0.979727
6626.876814 +0.982834
6626.980505 +0.984984
6627.084197 +0.982908
6627.187888 +0.983997
6627.291579 +0.985858
6627.395271 +0.985928
6627.498962 +0.983811
6627.602654 +0.984020
6627.706345 +0.988053
6627.810037 +0.988582
6627.913728 +0.987260
6628.017419 +0.988286
6628.121111 +0.986603
6628.224802 +0.985245
6628.328494 +0.985857
6628.432185 +0.984000
6628.535876 +0.984056
6628.639568 +0.983504
6628.743259 +0.982416
6628.846951 +0.984688
6628.950642 +0.985852
6629.054334 +0.985860
6629.158025 +0.985695
6629.261716 +0.987564
6629.365408 +0.997859
6629.469099 +0.998524
6629.572791 +0.986628
6629.676482 +0.982960
6629.780173 +0.982064
6629.883865 +0.977721
6629.987556 +0.977214
6630.091248 +0.979070
6630.194939 +0.978248
6630.298630 +0.976047
6630.402322 +0.972682
6630.506013 +0.971505
6630.609705 +0.972420
6630.713396 +0.974409
6630.817088 +0.975941
6630.920779 +0.970737
6631.024470 +0.961789
6631.128162 +0.955576
6631.231853 +0.955257
6631.335545 +0.957174
6631.439236 +0.958208
6631.542927 +0.955297
6631.646619 +0.953915
6631.750310 +0.956299
6631.854002 +0.955332
6631.957693 +0.953542
6632.061385 +0.950445
6632.165076 +0.951460
6632.268767 +0.954631
6632.372459 +0.954714
6632.476150 +0.949961
6632.579842 +0.947856
6632.683533 +0.952802
6632.787224 +0.957331
6632.890916 +0.958042
6632.994607 +0.953634
6633.098299 +0.952872
6633.201990 +0.957134
6633.305681 +0.958694
6633.409373 +0.951735
6633.513064 +0.948594
6633.616756 +0.951148
6633.720447 +0.953237
6633.824139 +0.952921
6633.927830 +0.952392
6634.031521 +0.952970
6634.135213 +0.952176
6634.238904 +0.954215
6634.342596 +0.953283
6634.446287 +0.957323
6634.549978 +0.959102
6634.653670 +0.956152
6634.757361 +0.956042
6634.861053 +0.956037
6634.964744 +0.954593
6635.068436 +0.952722
6635.172127 +0.954940
6635.275818 +0.960105
6635.379510 +0.965190
6635.483201 +0.961576
6635.586893 +0.956485
6635.690584 +0.961752
6635.794275 +0.967477
6635.897967 +0.961934
6636.001658 +0.960032
6636.105350 +0.966079
6636.209041 +0.968983
6636.312733 +0.972085
6636.416424 +0.976768
6636.520115 +0.975217
6636.623807 +0.976260
6636.727498 +0.982283
6636.831190 +0.982514
6636.934881 +0.977707
6637.038572 +0.982778
6637.142264 +0.985927
6637.245955 +0.987465
6637.349647 +0.984478
6637.453338 +0.979786
6637.557029 +0.981875
6637.660721 +0.985129
6637.764412 +0.988732
6637.868104 +0.989686
6637.971795 +0.990016
6638.075487 +0.991987
6638.179178 +0.996452
6638.282869 +0.993278
6638.386561 +0.991602
6638.490252 +0.994095
6638.593944 +0.992533
6638.697635 +0.993206
6638.801326 +0.990964
6638.905018 +0.991662
6639.008709 +0.991614
6639.112401 +0.991602
6639.216092 +1.020944
6639.319784 +1.010715
6639.423475 +0.991483
6639.527166 +0.994610
6639.630858 +0.991854
6639.734549 +0.989316
6639.838241 +0.989924
6639.941932 +0.990294
6640.045623 +0.982709
6640.149315 +0.980637
6640.253006 +0.982274
6640.356698 +0.976630
6640.460389 +0.973882
6640.564080 +0.973464
6640.667772 +0.971690
6640.771463 +0.972426
6640.875155 +0.970608
6640.978846 +0.970406
6641.082538 +0.973171
6641.186229 +0.973749
6641.289920 +0.974481
6641.393612 +0.974774
6641.497303 +0.969611
6641.600995 +0.967534
6641.704686 +0.970538
6641.808377 +0.967206
6641.912069 +0.970454
6642.015760 +0.970397
6642.119452 +0.966111
6642.223143 +0.966817
6642.326835 +0.971196
6642.430526 +0.973553
6642.534217 +0.973406
6642.637909 +0.973844
6642.741600 +0.968484
6642.845292 +0.966814
6642.948983 +0.972240
6643.052674 +0.971271
6643.156366 +0.971624
6643.260057 +0.976737
6643.363749 +0.978028
6643.467440 +0.974787
6643.571131 +0.972069
6643.674823 +0.968246
6643.778514 +0.966109
6643.882206 +0.971984
6643.985897 +0.973415
6644.089589 +0.968541
6644.193280 +0.966194
6644.296971 +0.971113
6644.400663 +0.974690
6644.504354 +0.970178
6644.608046 +0.964082
6644.711737 +0.967645
6644.815428 +0.969824
6644.919120 +0.966822
6645.022811 +0.967359
6645.126503 +0.966505
6645.230194 +0.967521
6645.333886 +0.967324
6645.437577 +0.965103
6645.541268 +0.965569
6645.644960 +0.972195
6645.748651 +0.976683
6645.852343 +0.977391
6645.956034 +0.978089
6646.059725 +0.978560
6646.163417 +0.979186
6646.267108 +0.984908
6646.370800 +0.990167
6646.474491 +0.987134
6646.578182 +0.987081
6646.681874 +0.992589
6646.785565 +0.996297
6646.889257 +0.993710
6646.992948 +0.990538
6647.096640 +0.994843
6647.200331 +0.997245
6647.304022 +0.993707
6647.407714 +0.992448
6647.511405 +0.994431
6647.615097 +0.995679
6647.718788 +0.998479
6647.822479 +1.005267
6647.926171 +1.006570
6648.029862 +0.999181
6648.133554 +0.995404
6648.237245 +0.998211
6648.340937 +0.997968
6648.444628 +0.993270
6648.548319 +0.996428
6648.652011 +0.997992
6648.755702 +0.994122
6648.859394 +0.993378
6648.963085 +0.994732
6649.066776 +0.995074
6649.170468 +0.996422
6649.274159 +0.995274
6649.377851 +0.993408
6649.481542 +0.998746
6649.585233 +1.000050
6649.688925 +0.997833
6649.792616 +1.001335
6649.896308 +1.003678
6649.999999 +1.000997
