6400.000000 +0.934249
6400.103691 +0.933437
6400.207383 +0.929217
6400.311074 +0.930586
6400.414766 +0.931276
6400.518457 +0.936285
6400.622148 +0.939898
6400.725840 +0.940063
6400.829531 +0.941714
6400.933223 +0.941796
6401.036914 +0.941439
6401.140606 +0.940240
6401.244297 +0.938457
6401.347988 +0.941219
6401.451680 +0.945657
6401.555371 +0.944486
6401.659063 +0.943649
6401.762754 +0.948042
6401.866445 +0.949800
6401.970137 +0.947719
6402.073828 +0.950155
6402.177520 +0.954774
6402.281211 +0.955014
6402.384903 +0.960308
6402.488594 +0.961507
6402.592285 +0.964968
6402.695977 +0.970953
6402.799668 +0.974336
6402.903360 +0.977847
6403.007051 +0.983532
6403.110742 +0.984136
6403.214434 +0.988272
6403.318125 +0.993308
6403.421817 +0.992769
6403.525508 +0.986633
6403.629199 +0.989097
6403.732891 +0.989196
6403.836582 +0.983588
6403.940274 +0.982632
6404.043965 +0.984104
6404.147657 +0.983796
6404.251348 +0.984224
6404.355039 +0.981823
6404.458731 +0.980392
6404.562422 +0.976682
6404.666114 +0.969416
6404.769805 +0.968627
6404.873496 +0.967519
6404.977188 +0.964628
6405.080879 +0.964927
6405.184571 +0.959578
6405.288262 +0.957654
6405.391954 +0.958074
6405.495645 +0.957719
6405.599336 +0.954880
6405.703028 +0.950738
6405.806719 +0.953996
6405.910411 +0.951852
6406.014102 +0.950910
6406.117793 +0.951094
6406.221485 +0.951178
6406.325176 +0.955206
6406.428868 +0.953872
6406.532559 +0.950816
6406.636250 +0.953388
6406.739942 +0.956400
6406.843633 +0.952020
6406.947325 +0.947767
6407.051016 +0.954151
6407.154708 +0.953064
6407.258399 +0.952095
6407.362090 +0.952039
6407.465782 +0.952270
6407.569473 +0.950279
6407.673165 +0.952908
6407.776856 +0.956915
6407.880547 +0.956721
6407.984239 +0.953792
6408.087930 +0.950785
6408.191622 +0.947570
6408.295313 +0.947231
6408.399005 +0.944118
6408.502696 +0.938256
6408.606387 +0.934081
6408.710079 +0.931843
6408.813770 +0.936872
6408.917462 +0.937188
6409.021153 +0.934195
6409.124844 +0.932266
6409.228536 +0.931688
6409.332227 +0.932235
6409.435919 +0.930319
6409.539610 +0.929855
6409.643302 +0.929406
6409.746993 +0.931094
6409.850684 +0.934597
6409.954376 +0.938465
6410.058067 +0.934402
6410.161759 +0.939661
6410.265450 +0.943339
6410.369141 +0.940808
6410.472833 +0.945078
6410.576524 +0.950558
6410.680216 +0.949061
6410.783907 +0.950592
6410.887598 +0.953852
6410.991290 +0.956976
6411.094981 +0.955449
6411.198673 +0.959465
6411.302364 +0.957324
6411.406056 +0.953206
6411.509747 +0.954883
6411.613438 +0.952034
6411.717130 +0.948829
6411.820821 +0.939240
6411.924513 +0.940197
6412.028204 +0.945330
6412.131895 +0.947026
6412.235587 +0.945622
6412.339278 +0.946354
6412.442970 +0.948808
6412.546661 +0.948368
6412.650353 +0.944765
6412.754044 +0.944528
6412.857735 +0.942102
6412.961427 +0.943313
6413.065118 +0.939270
6413.168810 +0.936731
6413.272501 +0.941747
6413.376192 +0.949767
6413.479884 +0.950707
6413.583575 +0.952815
6413.687267 +0.956462
6413.790958 +0.956569
6413.894649 +0.955883
6413.998341 +0.955944
6414.102032 +0.957134
6414.205724 +0.959480
6414.309415 +0.956637
6414.413107 +0.957606
6414.516798 +0.962898
6414.620489 +0.963886
6414.724181 +0.961613
6414.827872 +0.965711
6414.931564 +0.966202
6415.035255 +0.966099
6415.138946 +0.964626
6415.242638 +0.964166
6415.346329 +0.967562
6415.450021 +0.967542
6415.553712 +0.970840
6415.657404 +0.972782
6415.761095 +0.967831
6415.864786 +0.954364
6415.968478 +0.946276
6416.072169 +0.943801
6416.175861 +0.947528
6416.279552 +0.954215
6416.383243 +0.958279
6416.486935 +0.962552
6416.590626 +0.962521
6416.694318 +0.961557
6416.798009 +0.951229
6416.901700 +0.951667
6417.005392 +0.956063
6417.109083 +0.955869
6417.212775 +0.952223
6417.316466 +0.951771
6417.420158 +0.951149
6417.523849 +0.949354
6417.627540 +0.944274
6417.731232 +0.944206
6417.834923 +0.944682
6417.938615 +0.946165
6418.042306 +0.948694
6418.145997 +0.941645
6418.249689 +0.935196
6418.353380 +0.939466
6418.457072 +0.939970
6418.560763 +0.935333
6418.664455 +0.936559
6418.768146 +0.939007
6418.871837 +0.936606
6418.975529 +0.925563
6419.079220 +0.919129
6419.182912 +0.925257
6419.286603 +0.925216
6419.390294 +0.925059
6419.493986 +0.925244
6419.597677 +0.932338
6419.701369 +0.948194
6419.805060 +0.943248
6419.908751 +0.936367
6420.012443 +0.940900
6420.116134 +0.942999
6420.219826 +0.942244
6420.323517 +0.941558
6420.427209 +0.940686
6420.530900 +0.940724
6420.634591 +0.939832
6420.738283 +0.940576
6420.841974 +0.940231
6420.945666 +0.940173
6421.049357 +0.941986
6421.153048 +0.941029
6421.256740 +0.940020
6421.360431 +0.940199
6421.464123 +0.937950
6421.567814 +0.941047
6421.671506 +0.940078
6421.775197 +0.934949
6421.878888 +0.940985
6421.982580 +0.948303
6422.086271 +0.946492
6422.189963 +0.943904
6422.293654 +0.948459
6422.397345 +0.954282
6422.501037 +0.956492
6422.604728 +0.956852
6422.708420 +0.959593
6422.812111 +0.964537
6422.915802 +0.966858
6423.019494 +0.966061
6423.123185 +0.965689
6423.226877 +0.969298
6423.330568 +0.970832
6423.434260 +0.973648
6423.537951 +0.975675
6423.641642 +0.974510
6423.745334 +0.976986
6423.849025 +0.981599
6423.952717 +0.983358
6424.056408 +0.985383
6424.160099 +0.990850
6424.263791 +0.995843
6424.367482 +0.995161
6424.471174 +0.993345
6424.574865 +0.993659
6424.678557 +0.995596
6424.782248 +0.996601
6424.885939 +0.999087
6424.989631 +1.001237
6425.093322 +0.996704
6425.197014 +0.999569
6425.300705 +1.012331
6425.404396 +1.007132
6425.508088 +0.990173
6425.611779 +0.990698
6425.715471 +0.993010
6425.819162 +0.993682
6425.922853 +0.995933
6426.026545 +0.992353
6426.130236 +0.994139
6426.233928 +0.998537
6426.337619 +0.995355
6426.441311 +0.989317
6426.545002 +0.991481
6426.648693 +0.995729
6426.752385 +0.996458
6426.856076 +0.997604
6426.959768 +0.997342
6427.063459 +0.992703
6427.167150 +0.986105
6427.270842 +0.986151
6427.374533 +0.985491
6427.478225 +0.982768
6427.581916 +0.983599
6427.685608 +0.978420
6427.789299 +0.973694
6427.892990 +0.970122
6427.996682 +0.964131
6428.100373 +0.964833
6428.204065 +0.964350
6428.307756 +0.962938
6428.411447 +0.963837
6428.515139 +0.963388
6428.618830 +0.962874
6428.722522 +0.959946
6428.826213 +0.955675
6428.929905 +0.948957
6429.033596 +0.953030
6429.137287 +0.956299
6429.240979 +0.956815
6429.344670 +0.957823
6429.448362 +0.958080
6429.552053 +0.957138
6429.655744 +0.957022
6429.759436 +0.955174
6429.863127 +0.953354
6429.966819 +0.948676
6430.070510 +0.944377
6430.174201 +0.941186
6430.277893 +0.942736
6430.381584 +0.945543
6430.485276 +0.939628
6430.588967 +0.937047
6430.692659 +0.940686
6430.796350 +0.944028
6430.900041 +0.944542
6431.003733 +0.944972
6431.107424 +0.942458
6431.211116 +0.941670
6431.314807 +0.940143
6431.418498 +0.938400
6431.522190 +0.939028
6431.625881 +0.946761
6431.729573 +0.947605
6431.833264 +0.945350
6431.936956 +0.945457
6432.040647 +0.945414
6432.144338 +0.947826
6432.248030 +0.947056
6432.351721 +0.947201
6432.455413 +0.949812
6432.559104 +0.948083
6432.662795 +0.946060
6432.766487 +0.946960
6432.870178 +0.944413
6432.973870 +0.943300
6433.077561 +0.949799
6433.181252 +0.957899
6433.284944 +0.962217
6433.388635 +0.962106
6433.492327 +0.963115
6433.596018 +0.964755
6433.699710 +0.967968
6433.803401 +0.971874
6433.907092 +0.976358
6434.010784 +0.977446
6434.114475 +0.980005
6434.218167 +0.979593
6434.321858 +0.978495
6434.425549 +0.983097
6434.529241 +0.984025
6434.632932 +0.984281
6434.736624 +0.978654
6434.840315 +0.980084
6434.944007 +0.978560
6435.047698 +0.981309
6435.151389 +0.985325
6435.255081 +0.982864
6435.358772 +0.982973
6435.462464 +0.980933
6435.566155 +0.978906
6435.669846 +0.980538
6435.773538 +0.979334
6435.877229 +0.973729
6435.980921 +0.968043
6436.084612 +0.961606
6436.188303 +0.957817
6436.291995 +0.956919
6436.395686 +0.955369
6436.499378 +0.952932
6436.603069 +0.952844
6436.706761 +0.954101
6436.810452 +0.948738
6436.914143 +0.946401
6437.017835 +0.945987
6437.121526 +0.945034
6437.225218 +0.943514
6437.328909 +0.943950
6437.432600 +0.945028
6437.536292 +0.943987
6437.639983 +0.948986
6437.743675 +0.953052
6437.847366 +0.952874
6437.951058 +0.950063
6438.054749 +0.947856
6438.158440 +0.947856
6438.262132 +0.950502
6438.365823 +0.946875
6438.469515 +0.949066
6438.573206 +0.947236
6438.676897 +0.945995
6438.780589 +0.946787
6438.884280 +0.943311
6438.987972 +0.948250
6439.091663 +0.945763
6439.195354 +0.943634
6439.299046 +0.946983
6439.402737 +0.952592
6439.506429 +0.953213
6439.610120 +0.953319
6439.713812 +0.952320
6439.817503 +0.952001
6439.921194 +0.959533
6440.024886 +0.969953
6440.128577 +0.962582
6440.232269 +0.957587
6440.335960 +0.956864
6440.439651 +0.956765
6440.543343 +0.953304
6440.647034 +0.952531
6440.750726 +0.958426
6440.854417 +0.962197
6440.958109 +0.964487
6441.061800 +0.967157
6441.165491 +0.969455
6441.269183 +0.971275
6441.372874 +0.971041
6441.476566 +0.972404
6441.580257 +0.979903
6441.683948 +0.982654
6441.787640 +0.985359
6441.891331 +0.988186
6441.995023 +0.993328
6442.098714 +0.997447
6442.202405 +1.000144
6442.306097 +0.998729
6442.409788 +1.000700
6442.513480 +1.001647
6442.617171 +0.997749
6442.720863 +0.998072
6442.824554 +0.995772
6442.928245 +0.997467
6443.031937 +0.994567
6443.135628 +0.992201
6443.239320 +0.998856
6443.343011 +1.002142
6443.446702 +0.999467
6443.550394 +1.000519
6443.654085 +0.996315
6443.757777 +0.996431
6443.861468 +1.000370
6443.965160 +1.001931
6444.068851 +1.005839
6444.172542 +1.001902
6444.276234 +0.994994
6444.379925 +0.997758
6444.483617 +0.999575
6444.587308 +1.000064
6444.690999 +1.002910
6444.794691 +1.001606
6444.898382 +1.001698
6445.002074 +0.998747
6445.105765 +0.996101
6445.209457 +0.995259
6445.313148 +1.001630
6445.416839 +1.003612
6445.520531 +0.999294
6445.624222 +0.999199
6445.727914 +0.997264
6445.831605 +0.998162
6445.935296 +0.996645
6446.038988 +0.993462
6446.142679 +0.994350
6446.246371 +0.991370
6446.350062 +0.989398
6446.453753 +0.985708
6446.557445 +0.978121
6446.661136 +0.975808
6446.764828 +0.967317
6446.868519 +0.963309
6446.972211 +0.958462
6447.075902 +0.959279
6447.179593 +0.958503
6447.283285 +0.949384
6447.386976 +0.948523
6447.490668 +0.945480
6447.594359 +0.943016
6447.698050 +0.941381
6447.801742 +0.939680
6447.905433 +0.938018
6448.009125 +0.941350
6448.112816 +0.941833
6448.216508 +0.938419
6448.320199 +0.937479
6448.423890 +0.939384
6448.527582 +0.937225
6448.631273 +0.937500
6448.734965 +0.935450
6448.838656 +0.938175
6448.942347 +0.938694
6449.046039 +0.936447
6449.149730 +0.935714
6449.253422 +0.936125
6449.357113 +0.934625
6449.460804 +0.932024
6449.564496 +0.934574
6449.668187 +0.935451
6449.771879 +0.933114
6449.875570 +0.931477
6449.979262 +0.928502
6450.082953 +0.935816
6450.186644 +0.933074
6450.290336 +0.932623
6450.394027 +0.939052
6450.497719 +0.935937
6450.601410 +0.933521
6450.705101 +0.938164
6450.808793 +0.939411
6450.912484 +0.937383
6451.016176 +0.937891
6451.119867 +0.941309
6451.223559 +0.938979
6451.327250 +0.938261
6451.430941 +0.942106
6451.534633 +0.943603
6451.638324 +0.948150
6451.742016 +0.951543
6451.845707 +0.951325
6451.949398 +0.954902
6452.053090 +0.958597
6452.156781 +0.961797
6452.260473 +0.962100
6452.364164 +0.957986
6452.467855 +0.957309
6452.571547 +0.960155
6452.675238 +0.961596
6452.778930 +0.963432
6452.882621 +0.967405
6452.986313 +0.966013
6453.090004 +0.963620
6453.193695 +0.962531
6453.297387 +0.961850
6453.401078 +0.959692
6453.504770 +0.957779
6453.608461 +0.955735
6453.712152 +0.955241
6453.815844 +0.953656
6453.919535 +0.951274
6454.023227 +0.948131
6454.126918 +0.947969
6454.230610 +0.949318
6454.334301 +0.948785
6454.437992 +0.947840
6454.541684 +0.950119
6454.645375 +0.951778
6454.749067 +0.948591
6454.852758 +0.951238
6454.956449 +0.952933
6455.060141 +0.951867
6455.163832 +0.951124
6455.267524 +0.958258
6455.371215 +0.959972
6455.474906 +0.961322
6455.578598 +0.955358
6455.682289 +0.952984
6455.785981 +0.951536
6455.889672 +0.957195
6455.993364 +0.961596
6456.097055 +0.955653
6456.200746 +0.948890
6456.304438 +0.949408
6456.408129 +0.950578
6456.511821 +0.954745
6456.615512 +0.954957
6456.719203 +0.950631
6456.822895 +0.953703
6456.926586 +0.958834
6457.030278 +0.957194
6457.133969 +0.957419
6457.237661 +0.962473
6457.341352 +0.963691
6457.445043 +0.962595
6457.548735 +0.965298
6457.652426 +0.968815
6457.756118 +0.965015
6457.859809 +0.965455
6457.963500 +0.968307
6458.067192 +0.971739
6458.170883 +0.974848
6458.274575 +0.979168
6458.378266 +0.976041
6458.481957 +0.974712
6458.585649 +0.975704
6458.689340 +0.976183
6458.793032 +0.972896
6458.896723 +0.976679
6459.000415 +0.983546
6459.104106 +0.983326
6459.207797 +0.982024
6459.311489 +0.983285
6459.415180 +0.977916
6459.518872 +0.972902
6459.622563 +0.970479
6459.726254 +0.967141
6459.829946 +0.962455
6459.933637 +0.957333
6460.037329 +0.955067
6460.141020 +0.955399
6460.244712 +0.957996
6460.348403 +0.955595
6460.452094 +0.952987
6460.555786 +0.948060
6460.659477 +0.945864
6460.763169 +0.945445
6460.866860 +0.941586
6460.970551 +0.944914
6461.074243 +0.947379
6461.177934 +0.951901
6461.281626 +0.954546
6461.385317 +0.948961
6461.489009 +0.948873
6461.592700 +0.948607
6461.696391 +0.943372
6461.800083 +0.938848
6461.903774 +0.941742
6462.007466 +0.943537
6462.111157 +0.944893
6462.214848 +0.945847
6462.318540 +0.943665
6462.422231 +0.942541
6462.525923 +0.942922
6462.629614 +0.943521
6462.733305 +0.940531
6462.836997 +0.940576
6462.940688 +0.941382
6463.044380 +0.942325
6463.148071 +0.941787
6463.251763 +0.940099
6463.355454 +0.941919
6463.459145 +0.943360
6463.562837 +0.944906
6463.666528 +0.945046
6463.770220 +0.945967
6463.873911 +0.947157
6463.977602 +0.944737
6464.081294 +0.944817
6464.184985 +0.943017
6464.288677 +0.939929
6464.392368 +0.942524
6464.496060 +0.948607
6464.599751 +0.957120
6464.703442 +0.962497
6464.807134 +0.965892
6464.910825 +0.967999
6465.014517 +0.967857
6465.118208 +0.970019
6465.221899 +0.974430
6465.325591 +0.979741
6465.429282 +0.984919
6465.532974 +0.985706
6465.636665 +0.986152
6465.740356 +0.987101
6465.844048 +0.989085
6465.947739 +0.988138
6466.051431 +0.985456
6466.155122 +0.985209
6466.258814 +0.985228
6466.362505 +0.984224
6466.466196 +0.982061
6466.569888 +0.984691
6466.673579 +0.985791
6466.777271 +0.984043
6466.880962 +0.984203
6466.984653 +0.986824
6467.088345 +0.986881
6467.192036 +0.986434
6467.295728 +0.989172
6467.399419 +0.987037
6467.503111 +0.980162
6467.606802 +0.979797
6467.710493 +0.979269
6467.814185 +0.976910
6467.917876 +0.981115
6468.021568 +0.986765
6468.125259 +0.984678
6468.228950 +0.981975
6468.332642 +0.980541
6468.436333 +0.977328
6468.540025 +0.972259
6468.643716 +0.968260
6468.747407 +0.968385
6468.851099 +0.969526
6468.954790 +0.970119
6469.058482 +0.967139
6469.162173 +0.964009
6469.265865 +0.954726
6469.369556 +0.951395
6469.473247 +0.953870
6469.576939 +0.953802
6469.680630 +0.954643
6469.784322 +0.955458
6469.888013 +0.952908
6469.991704 +0.953293
6470.095396 +0.959920
6470.199087 +0.966870
6470.302779 +0.969676
6470.406470 +0.966077
6470.510162 +0.962753
6470.613853 +0.963180
6470.717544 +0.963822
6470.821236 +0.962473
6470.924927 +0.964038
6471.028619 +0.965701
6471.132310 +0.966185
6471.236001 +0.966631
6471.339693 +0.967854
6471.443384 +0.967326
6471.547076 +0.963615
6471.650767 +0.967478
6471.754458 +0.974121
6471.858150 +0.972311
6471.961841 +0.970504
6472.065533 +0.971916
6472.169224 +0.968956
6472.272916 +0.960436
6472.376607 +0.951044
6472.480298 +0.955274
6472.583990 +0.965303
6472.687681 +0.968247
6472.791373 +0.962891
6472.895064 +0.958197
6472.998755 +0.955795
6473.102447 +0.952626
6473.206138 +0.953080
6473.309830 +0.957568
6473.413521 +0.962260
6473.517213 +0.961826
6473.620904 +0.961982
6473.724595 +0.963782
6473.828287 +0.966085
6473.931978 +0.966993
6474.035670 +0.968034
6474.139361 +0.975670
6474.243052 +0.981670
6474.346744 +0.979542
6474.450435 +0.979817
6474.554127 +0.982619
6474.657818 +0.981608
6474.761509 +0.975653
6474.865201 +0.968062
6474.968892 +0.960429
6475.072584 +0.959170
6475.176275 +0.962823
6475.279967 +0.970042
6475.383658 +0.973989
6475.487349 +0.969132
6475.591041 +0.962864
6475.694732 +0.958471
6475.798424 +0.956465
6475.902115 +0.963788
6476.005806 +0.979434
6476.109498 +0.984995
6476.213189 +0.985553
6476.316881 +0.983406
6476.420572 +0.978510
6476.524264 +0.979285
6476.627955 +0.985569
6476.731646 +0.986429
6476.835338 +0.981380
6476.939029 +0.982958
6477.042721 +0.987949
6477.146412 +0.986759
6477.250103 +0.986086
6477.353795 +0.986668
6477.457486 +0.987842
6477.561178 +0.990199
6477.664869 +0.992691
6477.768560 +0.993043
6477.872252 +0.995108
6477.975943 +0.996884
6478.079635 +0.994017
6478.183326 +0.995563
6478.287018 +0.993360
6478.390709 +0.993907
6478.494400 +0.997197
6478.598092 +0.998956
6478.701783 +0.995517
6478.805475 +0.990580
6478.909166 +0.987453
6479.012857 +0.977820
6479.116549 +0.972933
6479.220240 +0.973758
6479.323932 +0.974923
6479.427623 +0.972498
6479.531315 +0.974467
6479.635006 +0.974894
6479.738697 +0.964147
6479.842389 +0.955015
6479.946080 +0.946478
6480.049772 +0.940744
6480.153463 +0.950276
6480.257154 +0.962178
6480.360846 +0.966540
6480.464537 +0.967228
6480.568229 +0.965555
6480.671920 +0.966055
6480.775612 +0.967026
6480.879303 +0.963709
6480.982994 +0.965700
6481.086686 +0.967600
6481.190377 +0.961544
6481.294069 +0.961511
6481.397760 +0.965512
6481.501451 +0.965080
6481.605143 +0.962156
6481.708834 +0.965320
6481.812526 +0.965164
6481.916217 +0.960759
6482.019908 +0.965144
6482.123600 +0.969454
6482.227291 +0.966941
6482.330983 +0.966277
6482.434674 +0.965312
6482.538366 +0.963297
6482.642057 +0.968169
6482.745748 +0.965103
6482.849440 +0.957701
6482.953131 +0.955741
6483.056823 +0.945511
6483.160514 +0.938197
6483.264205 +0.944476
6483.367897 +0.954837
6483.471588 +0.955912
6483.575280 +0.951001
6483.678971 +0.947608
6483.782663 +0.946419
6483.886354 +0.948810
6483.990045 +0.957113
6484.093737 +0.968288
6484.197428 +0.973316
6484.301120 +0.972363
6484.404811 +0.971237
6484.508502 +0.973443
6484.612194 +0.976618
6484.715885 +0.977197
6484.819577 +0.979908
6484.923268 +0.987328
6485.026959 +0.989692
6485.130651 +0.987762
6485.234342 +0.985075
6485.338034 +0.982339
6485.441725 +0.985765
6485.545417 +0.991009
6485.649108 +0.993699
6485.752799 +0.995335
6485.856491 +0.995098
6485.960182 +0.993378
6486.063874 +0.996543
6486.167565 +0.999060
6486.271256 +0.997825
6486.374948 +0.993857
6486.478639 +0.989857
6486.582331 +0.989712
6486.686022 +0.989976
6486.789714 +0.990273
6486.893405 +0.994991
6486.997096 +1.001172
6487.100788 +1.000319
6487.204479 +0.996303
6487.308171 +0.994161
6487.411862 +0.995259
6487.515553 +0.997223
6487.619245 +0.997041
6487.722936 +0.997670
6487.826628 +0.997390
6487.930319 +0.994259
6488.034010 +0.990385
6488.137702 +0.991383
6488.241393 +0.990313
6488.345085 +0.993913
6488.448776 +0.997416
6488.552468 +0.993625
6488.656159 +0.988414
6488.759850 +0.984391
6488.863542 +0.981644
6488.967233 +0.980665
6489.070925 +0.981961
6489.174616 +0.979025
6489.278307 +0.977190
6489.381999 +0.983610
6489.485690 +0.986806
6489.589382 +0.983717
6489.693073 +0.983626
6489.796765 +0.986057
6489.900456 +0.989334
6490.004147 +0.987045
6490.107839 +0.976605
6490.211530 +0.975797
6490.315222 +0.973829
6490.418913 +0.961771
6490.522604 +0.951472
6490.626296 +0.943044
6490.729987 +0.934674
6490.833679 +0.936553
6490.937370 +0.943480
6491.041061 +0.943063
6491.144753 +0.945888
6491.248444 +0.945102
6491.352136 +0.940399
6491.455827 +0.938651
6491.559519 +0.934485
6491.663210 +0.927508
6491.766901 +0.924948
6491.870593 +0.925033
6491.974284 +0.921038
6492.077976 +0.912100
6492.181667 +0.907298
6492.285358 +0.905692
6492.389050 +0.899849
6492.492741 +0.898518
6492.596433 +0.896694
6492.700124 +0.885538
6492.803816 +0.875208
6492.907507 +0.870529
6493.011198 +0.872359
6493.114890 +0.875555
6493.218581 +0.873966
6493.322273 +0.871318
6493.425964 +0.869447
6493.529655 +0.868568
6493.633347 +0.865399
6493.737038 +0.863923
6493.840730 +0.859855
6493.944421 +0.854273
6494.048112 +0.851323
6494.151804 +0.844061
6494.255495 +0.842084
6494.359187 +0.840735
6494.462878 +0.838610
6494.566570 +0.841705
6494.670261 +0.842556
6494.773952 +0.837583
6494.877644 +0.839839
6494.981335 +0.846955
6495.085027 +0.844658
6495.188718 +0.844064
6495.292409 +0.847595
6495.396101 +0.848941
6495.499792 +0.839993
6495.603484 +0.828942
6495.707175 +0.823854
6495.810867 +0.821646
6495.914558 +0.825537
6496.018249 +0.837279
6496.121941 +0.840707
6496.225632 +0.841994
6496.329324 +0.847612
6496.433015 +0.847166
6496.536706 +0.843755
6496.640398 +0.846453
6496.744089 +0.854039
6496.847781 +0.854853
6496.951472 +0.851536
6497.055164 +0.853198
6497.158855 +0.855382
6497.262546 +0.856830
6497.366238 +0.854889
6497.469929 +0.856364
6497.573621 +0.867525
6497.677312 +0.874444
6497.781003 +0.878716
6497.884695 +0.885763
6497.988386 +0.887710
6498.092078 +0.889819
6498.195769 +0.892958
6498.299460 +0.895956
6498.403152 +0.901128
6498.506843 +0.902146
6498.610535 +0.901956
6498.714226 +0.899528
6498.817918 +0.901977
6498.921609 +0.905429
6499.025300 +0.904881
6499.128992 +0.908777
6499.232683 +0.910385
6499.336375 +0.912917
6499.440066 +0.917723
6499.543757 +0.923044
6499.647449 +0.926952
6499.751140 +0.934617
6499.854832 +0.938836
6499.958523 +0.941104
6500.062215 +0.945128
6500.165906 +0.947127
6500.269597 +0.949338
6500.373289 +0.947588
6500.476980 +0.948460
6500.580672 +0.947007
6500.684363 +0.946234
6500.788054 +0.948752
6500.891746 +0.949436
6500.995437 +0.947362
6501.099129 +0.937211
6501.202820 +0.930458
6501.306511 +0.936356
6501.410203 +0.946480
6501.513894 +0.951191
6501.617586 +0.956370
6501.721277 +0.963913
6501.824969 +0.968569
6501.928660 +0.973645
6502.032351 +0.975308
6502.136043 +0.972705
6502.239734 +0.969510
6502.343426 +0.975618
6502.447117 +0.979469
6502.550808 +0.979486
6502.654500 +0.983196
6502.758191 +0.984270
6502.861883 +0.984785
6502.965574 +0.989580
6503.069266 +0.987109
6503.172957 +0.982478
6503.276648 +0.986921
6503.380340 +0.990031
6503.484031 +0.986868
6503.587723 +0.986174
6503.691414 +0.988803
6503.795105 +0.986252
6503.898797 +0.982807
6504.002488 +0.985500
6504.106180 +0.986610
6504.209871 +0.990284
6504.313562 +0.993220
6504.417254 +0.991896
6504.520945 +0.989481
6504.624637 +0.990852
6504.728328 +0.989581
6504.832020 +0.988419
6504.935711 +0.990222
6505.039402 +0.992176
6505.143094 +0.995795
6505.246785 +0.989799
6505.350477 +0.990174
6505.454168 +0.999316
6505.557859 +0.998008
6505.661551 +0.988668
6505.765242 +0.991604
6505.868934 +0.994958
6505.972625 +0.990582
6506.076317 +0.993495
6506.180008 +0.998496
6506.283699 +0.994459
6506.387391 +0.993494
6506.491082 +0.994485
6506.594774 +0.990803
6506.698465 +0.988861
6506.802156 +0.989048
6506.905848 +0.989052
6507.009539 +0.990236
6507.113231 +0.994787
6507.216922 +0.991825
6507.320613 +0.991649
6507.424305 +0.993942
6507.527996 +0.991153
6507.631688 +0.990900
6507.735379 +0.990895
6507.839071 +0.990430
6507.942762 +0.993816
6508.046453 +0.991582
6508.150145 +0.988650
6508.253836 +0.990879
6508.357528 +0.987834
6508.461219 +0.983531
6508.564910 +0.980334
6508.668602 +0.982308
6508.772293 +0.987765
6508.875985 +0.989703
6508.979676 +0.994371
6509.083368 +0.995775
6509.187059 +0.990181
6509.290750 +0.991612
6509.394442 +0.989144
6509.498133 +0.992187
6509.601825 +0.996116
6509.705516 +0.995291
6509.809207 +0.995179
6509.912899 +0.991141
6510.016590 +0.992540
6510.120282 +0.999519
6510.223973 +1.000874
6510.327664 +0.992267
6510.431356 +0.992311
6510.535047 +1.000585
6510.638739 +1.004632
6510.742430 +1.001949
6510.846122 +0.998851
6510.949813 +0.997892
6511.053504 +0.996602
6511.157196 +0.997379
6511.260887 +0.998282
6511.364579 +0.995525
6511.468270 +0.996638
6511.571961 +0.997849
6511.675653 +0.994575
6511.779344 +0.994073
6511.883036 +0.995702
6511.986727 +0.995074
6512.090419 +0.992918
6512.194110 +0.992513
6512.297801 +0.990735
6512.401493 +0.991972
6512.505184 +0.994395
6512.608876 +0.996437
6512.712567 +0.997892
6512.816258 +0.998469
6512.919950 +0.993993
6513.023641 +0.989669
6513.127333 +0.995163
6513.231024 +0.994011
6513.334716 +0.989989
6513.438407 +0.987387
6513.542098 +0.985567
6513.645790 +0.989590
6513.749481 +0.989054
6513.853173 +0.983662
6513.956864 +0.980146
6514.060555 +0.977777
6514.164247 +0.977988
6514.267938 +0.980163
6514.371630 +0.977269
6514.475321 +0.966615
6514.579012 +0.958073
6514.682704 +0.953449
6514.786395 +0.959040
6514.890087 +0.968860
6514.993778 +0.980377
6515.097470 +0.982633
6515.201161 +0.977308
6515.304852 +0.974408
6515.408544 +0.969224
6515.512235 +0.964416
6515.615927 +0.965774
6515.719618 +0.960723
6515.823309 +0.956154
6515.927001 +0.954266
6516.030692 +0.953691
6516.134384 +0.948611
6516.238075 +0.940478
6516.341767 +0.929350
6516.445458 +0.919929
6516.549149 +0.922100
6516.652841 +0.929827
6516.756532 +0.938183
6516.860224 +0.946116
6516.963915 +0.949182
6517.067606 +0.953422
6517.171298 +0.959229
6517.274989 +0.961484
6517.378681 +0.961677
6517.482372 +0.963018
6517.586063 +0.963257
6517.689755 +0.961857
6517.793446 +0.958507
6517.897138 +0.955284
6518.000829 +0.957188
6518.104521 +0.962314
6518.208212 +0.964770
6518.311903 +0.966406
6518.415595 +0.971338
6518.519286 +0.973238
6518.622978 +0.970394
6518.726669 +0.971982
6518.830360 +0.973791
6518.934052 +0.968787
6519.037743 +0.965093
6519.141435 +0.965847
6519.245126 +0.964527
6519.348818 +0.963532
6519.452509 +0.959625
6519.556200 +0.961924
6519.659892 +0.969618
6519.763583 +0.973629
6519.867275 +0.976195
6519.970966 +0.975469
6520.074657 +0.975576
6520.178349 +0.979255
6520.282040 +0.982406
6520.385732 +0.981207
6520.489423 +0.981679
6520.593114 +0.983089
6520.696806 +0.984524
6520.800497 +0.986314
6520.904189 +0.988490
6521.007880 +0.987119
6521.111572 +0.985163
6521.215263 +0.987841
6521.318954 +0.988953
6521.422646 +0.993028
6521.526337 +0.995483
6521.630029 +0.993885
6521.733720 +0.995195
6521.837411 +0.997132
6521.941103 +0.993666
6522.044794 +0.995199
6522.148486 +1.000325
6522.252177 +1.000754
6522.355869 +0.997025
6522.459560 +0.994797
6522.563251 +0.997929
6522.666943 +1.000043
6522.770634 +1.001022
6522.874326 +0.998429
6522.978017 +0.996161
6523.081708 +0.997933
6523.185400 +0.995104
6523.289091 +0.991193
6523.392783 +0.990318
6523.496474 +0.982609
6523.600165 +0.976669
6523.703857 +0.975080
6523.807548 +0.973199
6523.911240 +0.976788
6524.014931 +0.985043
6524.118623 +0.986612
6524.222314 +0.984039
6524.326005 +0.984918
6524.429697 +0.986129
6524.533388 +0.986661
6524.637080 +0.983062
6524.740771 +0.980366
6524.844462 +0.980813
6524.948154 +0.984211
6525.051845 +0.987590
6525.155537 +0.984077
6525.259228 +0.977296
6525.362920 +0.977954
6525.466611 +0.980137
6525.570302 +0.975706
6525.673994 +0.976706
6525.777685 +0.982477
6525.881377 +0.982498
6525.985068 +0.981380
6526.088759 +0.984125
6526.192451 +0.981297
6526.296142 +0.982521
6526.399834 +0.983642
6526.503525 +0.977742
6526.607216 +0.980057
6526.710908 +0.986019
6526.814599 +0.983388
6526.918291 +0.981160
6527.021982 +0.981467
6527.125674 +0.979492
6527.229365 +0.980619
6527.333056 +0.983593
6527.436748 +0.978911
6527.540439 +0.977758
6527.644131 +0.982999
6527.747822 +0.982376
6527.851513 +0.978536
6527.955205 +0.979868
6528.058896 +0.982264
6528.162588 +0.981513
6528.266279 +0.979225
6528.369971 +0.980546
6528.473662 +0.982533
6528.577353 +0.981612
6528.681045 +0.982766
6528.784736 +0.980439
6528.888428 +0.980785
6528.992119 +0.983243
6529.095810 +0.982916
6529.199502 +0.984689
6529.303193 +0.983301
6529.406885 +0.983851
6529.510576 +0.984607
6529.614267 +0.982385
6529.717959 +0.984336
6529.821650 +0.985129
6529.925342 +0.985868
6530.029033 +0.986078
6530.132725 +0.985351
6530.236416 +0.982830
6530.340107 +0.980142
6530.443799 +0.979827
6530.547490 +0.979539
6530.651182 +0.976413
6530.754873 +0.977274
6530.858564 +0.983942
6530.962256 +0.985381
6531.065947 +0.985149
6531.169639 +0.983037
6531.273330 +0.980258
6531.377022 +0.979729
6531.480713 +0.978644
6531.584404 +0.978118
6531.688096 +0.978619
6531.791787 +0.980698
6531.895479 +0.976571
6531.999170 +0.966640
6532.102861 +0.962663
6532.206553 +0.961471
6532.310244 +0.960272
6532.413936 +0.967219
6532.517627 +0.972077
6532.621319 +0.974938
6532.725010 +0.980584
6532.828701 +0.984228
6532.932393 +0.987038
6533.036084 +0.984658
6533.139776 +0.979926
6533.243467 +0.981269
6533.347158 +0.983465
6533.450850 +0.975224
6533.554541 +0.974356
6533.658233 +0.977629
6533.761924 +0.973975
6533.865615 +0.973324
6533.969307 +0.971684
6534.072998 +0.970817
6534.176690 +0.978493
6534.280381 +0.982366
6534.384073 +0.978775
6534.487764 +0.980853
6534.591455 +0.985924
6534.695147 +0.982067
6534.798838 +0.978922
6534.902530 +0.980619
6535.006221 +0.981765
6535.109912 +0.985851
6535.213604 +0.988050
6535.317295 +0.985447
6535.420987 +0.982917
6535.524678 +0.987495
6535.628370 +0.990939
6535.732061 +0.985607
6535.835752 +0.987152
6535.939444 +0.993196
6536.043135 +0.996806
6536.146827 +0.996472
6536.250518 +0.995980
6536.354209 +0.991290
6536.457901 +0.986036
6536.561592 +0.988045
6536.665284 +0.985979
6536.768975 +0.983662
6536.872666 +0.989906
6536.976358 +0.995072
6537.080049 +0.994290
6537.183741 +0.994940
6537.287432 +0.996711
6537.391124 +0.998209
6537.494815 +0.998408
6537.598506 +0.995992
6537.702198 +0.997612
6537.805889 +1.003362
6537.909581 +1.014873
6538.013272 +1.008996
6538.116963 +0.999655
6538.220655 +1.000980
6538.324346 +0.998505
6538.428038 +0.996336
6538.531729 +0.995839
6538.635421 +0.999473
6538.739112 +0.998883
6538.842803 +0.994259
6538.946495 +0.992108
6539.050186 +0.995195
6539.153878 +0.996084
6539.257569 +0.996496
6539.361260 +1.000051
6539.464952 +0.995725
6539.568643 +0.996078
6539.672335 +0.998016
6539.776026 +0.999671
6539.879717 +1.001842
6539.983409 +0.997612
6540.087100 +0.997035
6540.190792 +1.003131
6540.294483 +1.002413
6540.398175 +0.999576
6540.501866 +1.000569
6540.605557 +1.000202
6540.709249 +1.000879
6540.812940 +1.002967
6540.916632 +1.002752
6541.020323 +1.001592
6541.124014 +1.002043
6541.227706 +1.006089
6541.331397 +1.007903
6541.435089 +1.006076
6541.538780 +1.003247
6541.642472 +1.001626
6541.746163 +1.004988
6541.849854 +1.002218
6541.953546 +0.998664
6542.057237 +0.999616
6542.160929 +0.997994
6542.264620 +0.995762
6542.368311 +0.997034
6542.472003 +1.001079
6542.575694 +0.998028
6542.679386 +0.996214
6542.783077 +0.995661
6542.886768 +0.992391
6542.990460 +0.991017
6543.094151 +0.988219
6543.197843 +0.985911
6543.301534 +0.981288
6543.405226 +0.974856
6543.508917 +0.969044
6543.612608 +0.962622
6543.716300 +0.960664
6543.819991 +0.952234
6543.923683 +0.952423
6544.027374 +0.965866
6544.131065 +0.972185
6544.234757 +0.978516
6544.338448 +0.979616
6544.442140 +0.976083
6544.545831 +0.976322
6544.649523 +0.976718
6544.753214 +0.978264
6544.856905 +0.982930
6544.960597 +0.987356
6545.064288 +0.984519
6545.167980 +0.984116
6545.271671 +0.984770
6545.375362 +0.986293
6545.479054 +0.987540
6545.582745 +0.983918
6545.686437 +0.983191
6545.790128 +0.984864
6545.893819 +0.987916
6545.997511 +0.992622
6546.101202 +0.987978
6546.204894 +0.992834
6546.308585 +0.995094
6546.412277 +0.992641
6546.515968 +0.990957
6546.619659 +0.996950
6546.723351 +1.005048
6546.827042 +1.004908
6546.930734 +0.999636
6547.034425 +1.000668
6547.138116 +1.009309
6547.241808 +1.020600
6547.345499 +1.020758
6547.449191 +1.012126
6547.552882 +1.011128
6547.656574 +1.015852
6547.760265 +1.020911
6547.863956 +1.023854
6547.967648 +1.030472
6548.071339 +1.034757
6548.175031 +1.035543
6548.278722 +1.033924
6548.382413 +1.036486
6548.486105 +1.038236
6548.589796 +1.040382
6548.693488 +1.056459
6548.797179 +1.068377
6548.900871 +1.072729
6549.004562 +1.085328
6549.108253 +1.099675
6549.211945 +1.106815
6549.315636 +1.110587
6549.419328 +1.120226
6549.523019 +1.126356
6549.626710 +1.131046
6549.730402 +1.135087
6549.834093 +1.145614
6549.937785 +1.146431
6550.041476 +1.148762
6550.145167 +1.155358
6550.248859 +1.162188
6550.352550 +1.163436
6550.456242 +1.168738
6550.559933 +1.177982
6550.663625 +1.179889
6550.767316 +1.183991
6550.871007 +1.189127
6550.974699 +1.187187
6551.078390 +1.190379
6551.182082 +1.195727
6551.285773 +1.199270
6551.389464 +1.200408
6551.493156 +1.201606
6551.596847 +1.202267
6551.700539 +1.206671
6551.804230 +1.210270
6551.907922 +1.209948
6552.011613 +1.210451
6552.115304 +1.211083
6552.218996 +1.215131
6552.322687 +1.207893
6552.426379 +1.202345
6552.530070 +1.199427
6552.633761 +1.196821
6552.737453 +1.210894
6552.841144 +1.223542
6552.944836 +1.230433
6553.048527 +1.236003
6553.152218 +1.240649
6553.255910 +1.249607
6553.359601 +1.248675
6553.463293 +1.244864
6553.566984 +1.245448
6553.670676 +1.248368
6553.774367 +1.247588
6553.878058 +1.251402
6553.981750 +1.257736
6554.085441 +1.268576
6554.189133 +1.273797
6554.292824 +1.276224
6554.396515 +1.277831
6554.500207 +1.278058
6554.603898 +1.279362
6554.707590 +1.289185
6554.811281 +1.289747
6554.914973 +1.285331
6555.018664 +1.288025
6555.122355 +1.286045
6555.226047 +1.289694
6555.329738 +1.296042
6555.433430 +1.298784
6555.537121 +1.301269
6555.640812 +1.303286
6555.744504 +1.310234
6555.848195 +1.318220
6555.951887 +1.319951
6556.055578 +1.317642
6556.159269 +1.322521
6556.262961 +1.328094
6556.366652 +1.332616
6556.470344 +1.334533
6556.574035 +1.332790
6556.677727 +1.334097
6556.781418 +1.336884
6556.885109 +1.328933
6556.988801 +1.327339
6557.092492 +1.330641
6557.196184 +1.331948
6557.299875 +1.334562
6557.403566 +1.336600
6557.507258 +1.345859
6557.610949 +1.339037
6557.714641 +1.331922
6557.818332 +1.320806
6557.922024 +1.310848
6558.025715 +1.303630
6558.129406 +1.287080
6558.233098 +1.278234
6558.336789 +1.279789
6558.440481 +1.274625
6558.544172 +1.258726
6558.647863 +1.249213
6558.751555 +1.241135
6558.855246 +1.228694
6558.958938 +1.225138
6559.062629 +1.218242
6559.166320 +1.213428
6559.270012 +1.205987
6559.373703 +1.199553
6559.477395 +1.191623
6559.581086 +1.187477
6559.684778 +1.186059
6559.788469 +1.177460
6559.892160 +1.172263
6559.995852 +1.164074
6560.099543 +1.160153
6560.203235 +1.156166
6560.306926 +1.149948
6560.410617 +1.141194
6560.514309 +1.136636
6560.618000 +1.129614
6560.721692 +1.121973
6560.825383 +1.114339
6560.929075 +1.106675
6561.032766 +1.101833
6561.136457 +1.098692
6561.240149 +1.095071
6561.343840 +1.094420
6561.447532 +1.093454
6561.551223 +1.084917
6561.654914 +1.081554
6561.758606 +1.081561
6561.862297 +1.086604
6561.965989 +1.082806
6562.069680 +1.079481
6562.173371 +1.073239
6562.277063 +1.069917
6562.380754 +1.064045
6562.484446 +1.076153
6562.588137 +1.085420
6562.691829 +1.092625
6562.795520 +1.099892
6562.899211 +1.108804
6563.002903 +1.119098
6563.106594 +1.124218
6563.210286 +1.129341
6563.313977 +1.138033
6563.417668 +1.149702
6563.521360 +1.164823
6563.625051 +1.178100
6563.728743 +1.181284
6563.832434 +1.195956
6563.936126 +1.201455
6564.039817 +1.202105
6564.143508 +1.210616
6564.247200 +1.223054
6564.350891 +1.240751
6564.454583 +1.253721
6564.558274 +1.262449
6564.661965 +1.270512
6564.765657 +1.278364
6564.869348 +1.286086
6564.973040 +1.292244
6565.076731 +1.297059
6565.180422 +1.308209
6565.284114 +1.327159
6565.387805 +1.334806
6565.491497 +1.345060
6565.595188 +1.354790
6565.698880 +1.366414
6565.802571 +1.378919
6565.906262 +1.387322
6566.009954 +1.400961
6566.113645 +1.407935
6566.217337 +1.419331
6566.321028 +1.426735
6566.424719 +1.430448
6566.528411 +1.440153
6566.632102 +1.448143
6566.735794 +1.459624
6566.839485 +1.465653
6566.943177 +1.472641
6567.046868 +1.474839
6567.150559 +1.477960
6567.254251 +1.487241
6567.357942 +1.488925
6567.461634 +1.489772
6567.565325 +1.488975
6567.669016 +1.489668
6567.772708 +1.492386
6567.876399 +1.494350
6567.980091 +1.488675
6568.083782 +1.482017
6568.187474 +1.481632
6568.291165 +1.476602
6568.394856 +1.473741
6568.498548 +1.464842
6568.602239 +1.460394
6568.705931 +1.455014
6568.809622 +1.456443
6568.913313 +1.453094
6569.017005 +1.449859
6569.120696 +1.446593
6569.224388 +1.437900
6569.328079 +1.431180
6569.431770 +1.430966
6569.535462 +1.433000
6569.639153 +1.427868
6569.742845 +1.424466
6569.846536 +1.419796
6569.950228 +1.416979
6570.053919 +1.417055
6570.157610 +1.408957
6570.261302 +1.403798
6570.364993 +1.398874
6570.468685 +1.395074
6570.572376 +1.393231
6570.676067 +1.386101
6570.779759 +1.375595
6570.883450 +1.372090
6570.987142 +1.365825
6571.090833 +1.359023
6571.194525 +1.353810
6571.298216 +1.347917
6571.401907 +1.338985
6571.505599 +1.331280
6571.609290 +1.324594
6571.712982 +1.316135
6571.816673 +1.303152
6571.920364 +1.292018
6572.024056 +1.294752
6572.127747 +1.301613
6572.231439 +1.303912
6572.335130 +1.309480
6572.438821 +1.315128
6572.542513 +1.315328
6572.646204 +1.311557
6572.749896 +1.311022
6572.853587 +1.311761
6572.957279 +1.305516
6573.060970 +1.302593
6573.164661 +1.302102
6573.268353 +1.293195
6573.372044 +1.287586
6573.475736 +1.280330
6573.579427 +1.273217
6573.683118 +1.268144
6573.786810 +1.260548
6573.890501 +1.248726
6573.994193 +1.239020
6574.097884 +1.231125
6574.201576 +1.221274
6574.305267 +1.216797
6574.408958 +1.203838
6574.512650 +1.185089
6574.616341 +1.169564
6574.720033 +1.157936
6574.823724 +1.148514
6574.927415 +1.148781
6575.031107 +1.154449
6575.134798 +1.151503
6575.238490 +1.148076
6575.342181 +1.144004
6575.445872 +1.138970
6575.549564 +1.133677
6575.653255 +1.135853
6575.756947 +1.132326
6575.860638 +1.122572
6575.964330 +1.116158
6576.068021 +1.106994
6576.171712 +1.104008
6576.275404 +1.103863
6576.379095 +1.100586
6576.482787 +1.097096
6576.586478 +1.096124
6576.690169 +1.094405
6576.793861 +1.090097
6576.897552 +1.084093
6577.001244 +1.081006
6577.104935 +1.077016
6577.208627 +1.076967
6577.312318 +1.081125
6577.416009 +1.078854
6577.519701 +1.074843
6577.623392 +1.067304
6577.727084 +1.062889
6577.830775 +1.060937
6577.934466 +1.057517
6578.038158 +1.054081
6578.141849 +1.052586
6578.245541 +1.051006
6578.349232 +1.048023
6578.452923 +1.042605
6578.556615 +1.040113
6578.660306 +1.039768
6578.763998 +1.034748
6578.867689 +1.026417
6578.971381 +1.021902
6579.075072 +1.020090
6579.178763 +1.019358
6579.282455 +1.020906
6579.386146 +1.020268
6579.489838 +1.014894
6579.593529 +1.017030
6579.697220 +1.018756
6579.800912 +1.014312
6579.904603 +1.010200
6580.008295 +1.015232
6580.111986 +1.015774
6580.215678 +1.006945
6580.319369 +1.006905
6580.423060 +1.004889
6580.526752 +1.004418
6580.630443 +1.003311
6580.734135 +0.996186
6580.837826 +0.995040
6580.941517 +0.998216
6581.045209 +0.999713
6581.148900 +0.998571
6581.252592 +1.000188
6581.356283 +0.998244
6581.459974 +0.996597
6581.563666 +0.996541
6581.667357 +0.997049
6581.771049 +0.994852
6581.874740 +0.992569
6581.978432 +0.990073
6582.082123 +0.987392
6582.185814 +0.989368
6582.289506 +0.992126
6582.393197 +0.993326
6582.496889 +0.991748
6582.600580 +0.987663
6582.704271 +0.984713
6582.807963 +0.983303
6582.911654 +0.982756
6583.015346 +0.987046
6583.119037 +0.980337
6583.222729 +0.974204
6583.326420 +0.980154
6583.430111 +0.977249
6583.533803 +0.974082
6583.637494 +0.979320
6583.741186 +0.987664
6583.844877 +0.987147
6583.948568 +0.982907
6584.052260 +0.984711
6584.155951 +0.985400
6584.259643 +0.983279
6584.363334 +0.979399
6584.467026 +0.976914
6584.570717 +0.980019
6584.674408 +0.984434
6584.778100 +0.984162
6584.881791 +0.985500
6584.985483 +0.983208
6585.089174 +0.984021
6585.192865 +0.982233
6585.296557 +0.979542
6585.400248 +0.979160
6585.503940 +0.975460
6585.607631 +0.976365
6585.711322 +0.984102
6585.815014 +0.988057
6585.918705 +0.983779
6586.022397 +0.979238
6586.126088 +0.979783
6586.229780 +0.975769
6586.333471 +0.973047
6586.437162 +0.972872
6586.540854 +0.972436
6586.644545 +0.976604
6586.748237 +0.980477
6586.851928 +0.981283
6586.955619 +0.979073
6587.059311 +0.985926
6587.163002 +0.995307
6587.266694 +0.990827
6587.370385 +0.985853
6587.474077 +0.983317
6587.577768 +0.980443
6587.681459 +0.981460
6587.785151 +0.984740
6587.888842 +0.990656
6587.992534 +0.991194
6588.096225 +0.992193
6588.199916 +0.990290
6588.303608 +0.991373
6588.407299 +0.990687
6588.510991 +0.989475
6588.614682 +0.988524
6588.718373 +0.988569
6588.822065 +0.990755
6588.925756 +0.989069
6589.029448 +0.990034
6589.133139 +0.988610
6589.236831 +0.986255
6589.340522 +0.987976
6589.444213 +0.982813
6589.547905 +0.980216
6589.651596 +0.980614
6589.755288 +0.980352
6589.858979 +0.976833
6589.962670 +0.971152
6590.066362 +0.964704
6590.170053 +0.964303
6590.273745 +0.964349
6590.377436 +0.961583
6590.481128 +0.956937
6590.584819 +0.948678
6590.688510 +0.943478
6590.792202 +0.944363
6590.895893 +0.945242
6590.999585 +0.945115
6591.103276 +0.941182
6591.206967 +0.937747
6591.310659 +0.937877
6591.414350 +0.936951
6591.518042 +0.933372
6591.621733 +0.930508
6591.725424 +0.928897
6591.829116 +0.921500
6591.932807 +0.909684
6592.036499 +0.920520
6592.140190 +0.925950
6592.243882 +0.929934
6592.347573 +0.937312
6592.451264 +0.936467
6592.554956 +0.931340
6592.658647 +0.930452
6592.762339 +0.936031
6592.866030 +0.938948
6592.969721 +0.937266
6593.073413 +0.939531
6593.177104 +0.933314
6593.280796 +0.929807
6593.384487 +0.935319
6593.488179 +0.934860
6593.591870 +0.933832
6593.695561 +0.938472
6593.799253 +0.932719
6593.902944 +0.928579
6594.006636 +0.928659
6594.110327 +0.925011
6594.214018 +0.926668
6594.317710 +0.928335
6594.421401 +0.932340
6594.525093 +0.929959
6594.628784 +0.933232
6594.732475 +0.937211
6594.836167 +0.937890
6594.939858 +0.932501
6595.043550 +0.932709
6595.147241 +0.937421
6595.250933 +0.939397
6595.354624 +0.936648
6595.458315 +0.939693
6595.562007 +0.944062
6595.665698 +0.951447
6595.769390 +0.953006
6595.873081 +0.955669
6595.976772 +0.961184
6596.080464 +0.959289
6596.184155 +0.959390
6596.287847 +0.963381
6596.391538 +0.967470
6596.495230 +0.967013
6596.598921 +0.970733
6596.702612 +0.967993
6596.806304 +0.968413
6596.909995 +0.974717
6597.013687 +0.978712
6597.117378 +0.980073
6597.221069 +0.978338
6597.324761 +0.978130
6597.428452 +0.976599
6597.532144 +0.977002
6597.635835 +0.973569
6597.739526 +0.975850
6597.843218 +0.980079
6597.946909 +0.985362
6598.050601 +0.979746
6598.154292 +0.977739
6598.257984 +0.972662
6598.361675 +0.972595
6598.465366 +0.975834
6598.569058 +0.979612
6598.672749 +0.979217
6598.776441 +0.978635
6598.880132 +0.980034
6598.983823 +0.976618
6599.087515 +0.974978
6599.191206 +0.979395
6599.294898 +0.977424
6599.398589 +0.976331
6599.502281 +0.974398
6599.605972 +0.979041
6599.709663 +0.984455
6599.813355 +0.982800
6599.917046 +0.982786
6600.020738 +0.986317
6600.124429 +0.983241
6600.228120 +0.987055
6600.331812 +0.989092
6600.435503 +0.981742
6600.539195 +0.985592
6600.642886 +0.990723
6600.746578 +0.995501
6600.850269 +0.996715
6600.953960 +0.993390
6601.057652 +0.988539
6601.161343 +0.984795
6601.265035 +0.985793
6601.368726 +0.988405
6601.472417 +0.988732
6601.576109 +0.985696
6601.679800 +0.987351
6601.783492 +0.989388
6601.887183 +0.984019
6601.990874 +0.980483
6602.094566 +0.984358
6602.198257 +0.981704
6602.301949 +0.986819
6602.405640 +0.987623
6602.509332 +0.985891
6602.613023 +0.987399
6602.716714 +0.990382
6602.820406 +0.988452
6602.924097 +0.985029
6603.027789 +0.981963
6603.131480 +0.983964
6603.235171 +0.986959
6603.338863 +0.987681
6603.442554 +0.984874
6603.546246 +0.985078
6603.649937 +0.986644
6603.753629 +0.986828
6603.857320 +0.984463
6603.961011 +0.979744
6604.064703 +0.975487
6604.168394 +0.973791
6604.272086 +0.971532
6604.375777 +0.972990
6604.479468 +0.977098
6604.583160 +0.976116
6604.686851 +0.974443
6604.790543 +0.974800
6604.894234 +0.973745
6604.997925 +0.975568
6605.101617 +0.974951
6605.205308 +0.968846
6605.309000 +0.966263
6605.412691 +0.966441
6605.516383 +0.961776
6605.620074 +0.961495
6605.723765 +0.959328
6605.827457 +0.958476
6605.931148 +0.961808
6606.034840 +0.960834
6606.138531 +0.954022
6606.242222 +0.951892
6606.345914 +0.950474
6606.449605 +0.952341
6606.553297 +0.947674
6606.656988 +0.942438
6606.760680 +0.943252
6606.864371 +0.946979
6606.968062 +0.947215
6607.071754 +0.946965
6607.175445 +0.951261
6607.279137 +0.951519
6607.382828 +0.951014
6607.486519 +0.954596
6607.590211 +0.955140
6607.693902 +0.955406
6607.797594 +0.957898
6607.901285 +0.959232
6608.004976 +0.958523
6608.108668 +0.956550
6608.212359 +0.956849
6608.316051 +0.962921
6608.419742 +0.962623
6608.523434 +0.959683
6608.627125 +0.959651
6608.730816 +0.962058
6608.834508 +0.964082
6608.938199 +0.961480
6609.041891 +0.962362
6609.145582 +0.963342
6609.249273 +0.963741
6609.352965 +0.963087
6609.456656 +0.960600
6609.560348 +0.959542
6609.664039 +0.960878
6609.767731 +0.965237
6609.871422 +0.966660
6609.975113 +0.967272
6610.078805 +0.964746
6610.182496 +0.964418
6610.286188 +0.968584
6610.389879 +0.966710
6610.493570 +0.965107
6610.597262 +0.969244
6610.700953 +0.967218
6610.804645 +0.969392
6610.908336 +0.971909
6611.012027 +0.968310
6611.115719 +0.973290
6611.219410 +0.990579
6611.323102 +0.986075
6611.426793 +0.979289
6611.530485 +0.978040
6611.634176 +0.974018
6611.737867 +0.978913
6611.841559 +0.980316
6611.945250 +0.981949
6612.048942 +0.986266
6612.152633 +0.985244
6612.256324 +0.987772
6612.360016 +0.992778
6612.463707 +0.988986
6612.567399 +0.990266
6612.671090 +0.992045
6612.774782 +0.996293
6612.878473 +0.997058
6612.982164 +0.992835
6613.085856 +0.990785
6613.189547 +0.990927
6613.293239 +0.991188
6613.396930 +0.990582
6613.500621 +0.992359
6613.604313 +0.994567
6613.708004 +0.994044
6613.811696 +0.990432
6613.915387 +0.991983
6614.019078 +0.994429
6614.122770 +0.997734
6614.226461 +0.997055
6614.330153 +0.992427
6614.433844 +0.989432
6614.537536 +0.990784
6614.641227 +0.992656
6614.744918 +0.988144
6614.848610 +0.986937
6614.952301 +0.990765
6615.055993 +0.995165
6615.159684 +0.989575
6615.263375 +0.987539
6615.367067 +0.986433
6615.470758 +0.987720
6615.574450 +0.985087
6615.678141 +0.986523
6615.781833 +0.989238
6615.885524 +0.990930
6615.989215 +0.990522
6616.092907 +0.994002
6616.196598 +0.995481
6616.300290 +0.999480
6616.403981 +0.998862
6616.507672 +0.998926
6616.611364 +0.996851
6616.715055 +0.994426
6616.818747 +0.992745
6616.922438 +0.998971
6617.026129 +1.001112
6617.129821 +0.998521
6617.233512 +0.997679
6617.337204 +0.998641
6617.440895 +1.001130
6617.544587 +0.997273
6617.648278 +0.996398
6617.751969 +0.992794
6617.855661 +0.997789
6617.959352 +0.999748
6618.063044 +0.996274
6618.166735 +0.999773
6618.270426 +1.002423
6618.374118 +1.000213
6618.477809 +1.000499
6618.581501 +1.000589
6618.685192 +0.998767
6618.788884 +0.998101
6618.892575 +0.998338
6618.996266 +0.998157
6619.099958 +0.996654
6619.203649 +0.996795
6619.307341 +0.999402
6619.411032 +0.999665
6619.514723 +0.997602
6619.618415 +0.997389
6619.722106 +0.997337
6619.825798 +0.999901
6619.929489 +1.002659
6620.033181 +0.999387
6620.136872 +1.002695
6620.240563 +1.002123
6620.344255 +1.004692
6620.447946 +1.001799
6620.551638 +0.996864
6620.655329 +1.002066
6620.759020 +1.002218
6620.862712 +1.002781
6620.966403 +1.000266
6621.070095 +0.997645
6621.173786 +0.992525
6621.277477 +0.993854
6621.381169 +0.993640
6621.484860 +0.991634
6621.588552 +0.992220
6621.692243 +0.993452
6621.795935 +0.992418
6621.899626 +0.988633
6622.003317 +0.989006
6622.107009 +0.987829
6622.210700 +0.991499
6622.314392 +0.990080
6622.418083 +0.984640
6622.521774 +0.987540
6622.625466 +0.984880
6622.729157 +0.985585
6622.832849 +0.987635
6622.936540 +0.987243
6623.040232 +0.986915
6623.143923 +0.984738
6623.247614 +0.987457
6623.351306 +0.985933
6623.454997 +0.985155
6623.558689 +0.983772
6623.662380 +0.986353
6623.766071 +0.990770
6623.869763 +0.989195
6623.973454 +0.981861
6624.077146 +0.980477
6624.180837 +0.983705
6624.284528 +0.985020
6624.388220 +0.979686
6624.491911 +0.979264
6624.595603 +0.980354
6624.699294 +0.978363
6624.802986 +0.978683
6624.906677 +0.976426
6625.010368 +0.975509
6625.114060 +0.972508
6625.217751 +0.975375
6625.321443 +0.979572
6625.425134 +0.981177
6625.528825 +0.977322
6625.632517 +0.980664
6625.736208 +0.980105
6625.839900 +0.974599
6625.943591 +0.976532
6626.047283 +0.978869
6626.150974 +0.977855
6626.254665 +0.977177
6626.358357 +0.983450
6626.462048 +0.984236
6626.565740 +0.980503
6626.669431 +0.978430
6626.773122 +0.976346
6626.876814 +0.977875
6626.980505 +0.979959
6627.084197 +0.980464
6627.187888 +0.983668
6627.291579 +0.982265
6627.395271 +0.981956
6627.498962 +0.986076
6627.602654 +0.985608
6627.706345 +0.984466
6627.810037 +0.985885
6627.913728 +0.987576
6628.017419 +0.982762
6628.121111 +0.979008
6628.224802 +0.981765
6628.328494 +0.983055
6628.432185 +0.983290
6628.535876 +0.983660
6628.639568 +0.982268
6628.743259 +0.981343
6628.846951 +0.984305
6628.950642 +0.988307
6629.054334 +0.984054
6629.158025 +0.977226
6629.261716 +0.978373
6629.365408 +0.979439
6629.469099 +0.977260
6629.572791 +0.975929
6629.676482 +0.974836
6629.780173 +0.976112
6629.883865 +0.978862
6629.987556 +0.973841
6630.091248 +0.972933
6630.194939 +0.974389
6630.298630 +0.974252
6630.402322 +0.972106
6630.506013 +0.970435
6630.609705 +0.969031
6630.713396 +0.971182
6630.817088 +0.981819
6630.920779 +0.986062
6631.024470 +0.978801
6631.128162 +0.969570
6631.231853 +0.963195
6631.335545 +0.958661
6631.439236 +0.953080
6631.542927 +0.952001
6631.646619 +0.951583
6631.750310 +0.949776
6631.854002 +0.946146
6631.957693 +0.941641
6632.061385 +0.943344
6632.165076 +0.949466
6632.268767 +0.951888
6632.372459 +0.949457
6632.476150 +0.948951
6632.579842 +0.947749
6632.683533 +0.950331
6632.787224 +0.954648
6632.890916 +0.954522
6632.994607 +0.949354
6633.098299 +0.951134
6633.201990 +0.953981
6633.305681 +0.951845
6633.409373 +0.950856
6633.513064 +0.951033
6633.616756 +0.946849
6633.720447 +0.947508
6633.824139 +0.952814
6633.927830 +0.952015
6634.031521 +0.953258
6634.135213 +0.951976
6634.238904 +0.952277
6634.342596 +0.955752
6634.446287 +0.956194
6634.549978 +0.954772
6634.653670 +0.953372
6634.757361 +0.956363
6634.861053 +0.956614
6634.964744 +0.958336
6635.068436 +0.960264
6635.172127 +0.956376
6635.275818 +0.955243
6635.379510 +0.958878
6635.483201 +0.961881
6635.586893 +0.963161
6635.690584 +0.961870
6635.794275 +0.962465
6635.897967 +0.963130
6636.001658 +0.963795
6636.105350 +0.970685
6636.209041 +0.967899
6636.312733 +0.963054
6636.416424 +0.971614
6636.520115 +0.973800
6636.623807 +0.972414
6636.727498 +0.977304
6636.831190 +0.981176
6636.934881 +0.980680
6637.038572 +0.978766
6637.142264 +0.984353
6637.245955 +0.983390
6637.349647 +0.980317
6637.453338 +0.979116
6637.557029 +0.981637
6637.660721 +0.984851
6637.764412 +0.988496
6637.868104 +0.993718
6637.971795 +0.989423
6638.075487 +0.985665
6638.179178 +0.990114
6638.282869 +0.992675
6638.386561 +0.990536
6638.490252 +0.986971
6638.593944 +0.992169
6638.697635 +0.987309
6638.801326 +0.990527
6638.905018 +0.992030
6639.008709 +0.988209
6639.112401 +0.990792
6639.216092 +0.988603
6639.319784 +1.000130
6639.423475 +1.025907
6639.527166 +0.999064
6639.630858 +0.987284
6639.734549 +0.985049
6639.838241 +0.983420
6639.941932 +0.986350
6640.045623 +0.984603
6640.149315 +0.980319
6640.253006 +0.980484
6640.356698 +0.980462
6640.460389 +0.978013
6640.564080 +0.972086
6640.667772 +0.968973
6640.771463 +0.974383
6640.875155 +0.974374
6640.978846 +0.968775
6641.082538 +0.966015
6641.186229 +0.967619
6641.289920 +0.969470
6641.393612 +0.966546
6641.497303 +0.967418
6641.600995 +0.966895
6641.704686 +0.963275
6641.808377 +0.961904
6641.912069 +0.963151
6642.015760 +0.962537
6642.119452 +0.966613
6642.223143 +0.973301
6642.326835 +0.975371
6642.430526 +0.975753
6642.534217 +0.973091
6642.637909 +0.969230
6642.741600 +0.967446
6642.845292 +0.968423
6642.948983 +0.968296
6643.052674 +0.970425
6643.156366 +0.970984
6643.260057 +0.972390
6643.363749 +0.970325
6643.467440 +0.968290
6643.571131 +0.969001
6643.674823 +0.966387
6643.778514 +0.961638
6643.882206 +0.964569
6643.985897 +0.967959
6644.089589 +0.970622
6644.193280 +0.971945
6644.296971 +0.968157
6644.400663 +0.965229
6644.504354 +0.964155
6644.608046 +0.969724
6644.711737 +0.968101
6644.815428 +0.965868
6644.919120 +0.964884
6645.022811 +0.964416
6645.126503 +0.967149
6645.230194 +0.970554
6645.333886 +0.971363
6645.437577 +0.970143
6645.541268 +0.972970
6645.644960 +0.975764
6645.748651 +0.973457
6645.852343 +0.971908
6645.956034 +0.969757
6646.059725 +0.973390
6646.163417 +0.981286
6646.267108 +0.982646
6646.370800 +0.981216
6646.474491 +0.981350
6646.578182 +0.985066
6646.681874 +0.991992
6646.785565 +0.993133
6646.889257 +0.993650
6646.992948 +0.996247
6647.096640 +0.994913
6647.200331 +0.993086
6647.304022 +0.990754
6647.407714 +0.991142
6647.511405 +0.993511
6647.615097 +0.998693
6647.718788 +0.995944
6647.822479 +0.994036
6647.926171 +0.999910
6648.029862 +1.002482
6648.133554 +0.999476
6648.237245 +0.993248
6648.340937 +0.993378
6648.444628 +0.995004
6648.548319 +0.995063
6648.652011 +0.996747
6648.755702 +0.991660
6648.859394 +0.986781
6648.963085 +0.993479
6649.066776 +0.998090
6649.170468 +0.995917
6649.274159 +0.993663
6649.377851 +0.996024
6649.481542 +0.994161
6649.585233 +0.997005
6649.688925 +0.999467
6649.792616 +1.001171
6649.896308 +1.002393
6649.999999 +0.998987