6400.000000 +0.938747
6400.103734 +0.942810
6400.207469 +0.940203
6400.311203 +0.938519
6400.414938 +0.938466
6400.518672 +0.936935
6400.622407 +0.938654
6400.726141 +0.942139
6400.829876 +0.946214
6400.933610 +0.948136
6401.037344 +0.945320
6401.141079 +0.942771
6401.244813 +0.944451
6401.348548 +0.950355
6401.452282 +0.949715
6401.556017 +0.950318
6401.659751 +0.952918
6401.763485 +0.957469
6401.867220 +0.960892
6401.970954 +0.961787
6402.074689 +0.963735
6402.178423 +0.968388
6402.282158 +0.972281
6402.385892 +0.973783
6402.489627 +0.976497
6402.593361 +0.984457
6402.697095 +0.991274
6402.800830 +0.991339
6402.904564 +0.992408
6403.008299 +0.994493
6403.112033 +0.995404
6403.215768 +0.996979
6403.319502 +0.998982
6403.423237 +0.999098
6403.526971 +0.995230
6403.630705 +0.998746
6403.734440 +0.998263
6403.838174 +0.994121
6403.941909 +0.993756
6404.045643 +0.996020
6404.149378 +0.994817
6404.253112 +0.990472
6404.356847 +0.987057
6404.460581 +0.982306
6404.564315 +0.980110
6404.668050 +0.978302
6404.771784 +0.973839
6404.875519 +0.972845
6404.979253 +0.970342
6405.082988 +0.967607
6405.186722 +0.968692
6405.290456 +0.969422
6405.394191 +0.969517
6405.497925 +0.969215
6405.601660 +0.966169
6405.705394 +0.964178
6405.809129 +0.960982
6405.912863 +0.962609
6406.016598 +0.961981
6406.120332 +0.960897
6406.224066 +0.963325
6406.327801 +0.959130
6406.431535 +0.955269
6406.535270 +0.955439
6406.639004 +0.958514
6406.742739 +0.957465
6406.846473 +0.952698
6406.950208 +0.951627
6407.053942 +0.953701
6407.157676 +0.953095
6407.261411 +0.956931
6407.365145 +0.957408
6407.468880 +0.956857
6407.572614 +0.956376
6407.676349 +0.956049
6407.780083 +0.955199
6407.883818 +0.951008
6407.987552 +0.952009
6408.091286 +0.952893
6408.195021 +0.947683
6408.298755 +0.944065
6408.402490 +0.943647
6408.506224 +0.943586
6408.609959 +0.938200
6408.713693 +0.940913
6408.817427 +0.942498
6408.921162 +0.937782
6409.024896 +0.936458
6409.128631 +0.937199
6409.232365 +0.938579
6409.336100 +0.938970
6409.439834 +0.943071
6409.543569 +0.946296
6409.647303 +0.942199
6409.751037 +0.943824
6409.854772 +0.946044
6409.958506 +0.948019
6410.062241 +0.948904
6410.165975 +0.949484
6410.269710 +0.951895
6410.373444 +0.950653
6410.477179 +0.955956
6410.580913 +0.958577
6410.684647 +0.954403
6410.788382 +0.956400
6410.892116 +0.953389
6410.995851 +0.957332
6411.099585 +0.961390
6411.203320 +0.959875
6411.307054 +0.959224
6411.410789 +0.954218
6411.514523 +0.950747
6411.618257 +0.951473
6411.721992 +0.955587
6411.825726 +0.957168
6411.929461 +0.956603
6412.033195 +0.959695
6412.136930 +0.957394
6412.240664 +0.954389
6412.344398 +0.955253
6412.448133 +0.957887
6412.551867 +0.957402
6412.655602 +0.953990
6412.759336 +0.953455
6412.863071 +0.953763
6412.966805 +0.954523
6413.070540 +0.957574
6413.174274 +0.962496
6413.278008 +0.959395
6413.381743 +0.960015
6413.485477 +0.962870
6413.589212 +0.961578
6413.692946 +0.960537
6413.796681 +0.964322
6413.900415 +0.964588
6414.004150 +0.964752
6414.107884 +0.964435
6414.211618 +0.964347
6414.315353 +0.967656
6414.419087 +0.971881
6414.522822 +0.975211
6414.626556 +0.973797
6414.730291 +0.973503
6414.834025 +0.970466
6414.937760 +0.973688
6415.041494 +0.976886
6415.145228 +0.975398
6415.248963 +0.972797
6415.352697 +0.974794
6415.456432 +0.974737
6415.560166 +0.970444
6415.663901 +0.965227
6415.767635 +0.943389
6415.871369 +0.904060
6415.975104 +0.903557
6416.078838 +0.937259
6416.182573 +0.958761
6416.286307 +0.964344
6416.390042 +0.962557
6416.493776 +0.962985
6416.597511 +0.961890
6416.701245 +0.960039
6416.804979 +0.957091
6416.908714 +0.954921
6417.012448 +0.960448
6417.116183 +0.963133
6417.219917 +0.959494
6417.323652 +0.960459
6417.427386 +0.962460
6417.531121 +0.960697
6417.634855 +0.958151
6417.738589 +0.957487
6417.842324 +0.956974
6417.946058 +0.952679
6418.049793 +0.952083
6418.153527 +0.949955
6418.257262 +0.947697
6418.360996 +0.945540
6418.464731 +0.943339
6418.568465 +0.940942
6418.672199 +0.938172
6418.775934 +0.941724
6418.879668 +0.941177
6418.983403 +0.939771
6419.087137 +0.938663
6419.190872 +0.936651
6419.294606 +0.936621
6419.398340 +0.937743
6419.502075 +0.937552
6419.605809 +0.941113
6419.709544 +0.941094
6419.813278 +0.940878
6419.917013 +0.944892
6420.020747 +0.947008
6420.124482 +0.944958
6420.228216 +0.942975
6420.331950 +0.940848
6420.435685 +0.939439
6420.539419 +0.941234
6420.643154 +0.943225
6420.746888 +0.943282
6420.850623 +0.945302
6420.954357 +0.945435
6421.058092 +0.944084
6421.161826 +0.941068
6421.265560 +0.942151
6421.369295 +0.947306
6421.473029 +0.949389
6421.576764 +0.947973
6421.680498 +0.948812
6421.784233 +0.949204
6421.887967 +0.948105
6421.991702 +0.948177
6422.095436 +0.950984
6422.199170 +0.956547
6422.302905 +0.959204
6422.406639 +0.962092
6422.510374 +0.962406
6422.614108 +0.963638
6422.717843 +0.964938
6422.821577 +0.967992
6422.925311 +0.972658
6423.029046 +0.975517
6423.132780 +0.974197
6423.236515 +0.972529
6423.340249 +0.978255
6423.443984 +0.982246
6423.547718 +0.984220
6423.651453 +0.984595
6423.755187 +0.987611
6423.858921 +0.993282
6423.962656 +0.994313
6424.066390 +0.996823
6424.170125 +1.000511
6424.273859 +1.002983
6424.377594 +1.002128
6424.481328 +0.998996
6424.585063 +0.995104
6424.688797 +0.993973
6424.792531 +0.995274
6424.896266 +0.996281
6425.000000 +1.002670
6425.103735 +1.013874
6425.207469 +1.014156
6425.311204 +1.003707
6425.414938 +0.996273
6425.518673 +0.995277
6425.622407 +0.998997
6425.726141 +0.997474
6425.829876 +0.996826
6425.933610 +0.999655
6426.037345 +0.997355
6426.141079 +0.996081
6426.244814 +0.998055
6426.348548 +0.999275
6426.452282 +0.997363
6426.556017 +0.994071
6426.659751 +0.997224
6426.763486 +1.000059
6426.867220 +0.999503
6426.970955 +0.998211
6427.074689 +0.994026
6427.178424 +0.991920
6427.282158 +0.989623
6427.385892 +0.984904
6427.489627 +0.983590
6427.593361 +0.981432
6427.697096 +0.976738
6427.800830 +0.975998
6427.904565 +0.975989
6428.008299 +0.975474
6428.112034 +0.977785
6428.215768 +0.981607
6428.319502 +0.981284
6428.423237 +0.975658
6428.526971 +0.970769
6428.630706 +0.966918
6428.734440 +0.963084
6428.838175 +0.962633
6428.941909 +0.963310
6429.045644 +0.966969
6429.149378 +0.968605
6429.253112 +0.961837
6429.356847 +0.958323
6429.460581 +0.959893
6429.564316 +0.960606
6429.668050 +0.955387
6429.771785 +0.950166
6429.875519 +0.951066
6429.979253 +0.949738
6430.082988 +0.949648
6430.186722 +0.949202
6430.290457 +0.945190
6430.394191 +0.944604
6430.497926 +0.944468
6430.601660 +0.945600
6430.705395 +0.945117
6430.809129 +0.946968
6430.912863 +0.950300
6431.016598 +0.948977
6431.120332 +0.949548
6431.224067 +0.948931
6431.327801 +0.950009
6431.431536 +0.949755
6431.535270 +0.950385
6431.639005 +0.953122
6431.742739 +0.952749
6431.846473 +0.947102
6431.950208 +0.944398
6432.053942 +0.945412
6432.157677 +0.945225
6432.261411 +0.947989
6432.365146 +0.951640
6432.468880 +0.954793
6432.572615 +0.957005
6432.676349 +0.954723
6432.780083 +0.953392
6432.883818 +0.958515
6432.987552 +0.958557
6433.091287 +0.962559
6433.195021 +0.967731
6433.298756 +0.967526
6433.402490 +0.972774
6433.506224 +0.978504
6433.609959 +0.976456
6433.713693 +0.974799
6433.817428 +0.977376
6433.921162 +0.983614
6434.024897 +0.984706
6434.128631 +0.980539
6434.232366 +0.978550
6434.336100 +0.981110
6434.439834 +0.981187
6434.543569 +0.984726
6434.647303 +0.991214
6434.751038 +0.992735
6434.854772 +0.989678
6434.958507 +0.988572
6435.062241 +0.984120
6435.165976 +0.987224
6435.269710 +0.983811
6435.373444 +0.980962
6435.477179 +0.982034
6435.580913 +0.983549
6435.684648 +0.976303
6435.788382 +0.969097
6435.892117 +0.971333
6435.995851 +0.971373
6436.099586 +0.966488
6436.203320 +0.963930
6436.307054 +0.968385
6436.410789 +0.962623
6436.514523 +0.958002
6436.618258 +0.958468
6436.721992 +0.960219
6436.825727 +0.960296
6436.929461 +0.956420
6437.033195 +0.953128
6437.136930 +0.957082
6437.240664 +0.959276
6437.344399 +0.955314
6437.448133 +0.953475
6437.551868 +0.954862
6437.655602 +0.951030
6437.759337 +0.950821
6437.863071 +0.950944
6437.966805 +0.946874
6438.070540 +0.945150
6438.174274 +0.947665
6438.278009 +0.947266
6438.381743 +0.945267
6438.485478 +0.945566
6438.589212 +0.951096
6438.692947 +0.948959
6438.796681 +0.949309
6438.900415 +0.948804
6439.004150 +0.950621
6439.107884 +0.948408
6439.211619 +0.949564
6439.315353 +0.947051
6439.419088 +0.945820
6439.522822 +0.949670
6439.626557 +0.954477
6439.730291 +0.950448
6439.834025 +0.949776
6439.937760 +0.954273
6440.041494 +0.954737
6440.145229 +0.959172
6440.248963 +0.959739
6440.352698 +0.958325
6440.456432 +0.961831
6440.560166 +0.966472
6440.663901 +0.963724
6440.767635 +0.963560
6440.871370 +0.967319
6440.975104 +0.972052
6441.078839 +0.973661
6441.182573 +0.970581
6441.286308 +0.976875
6441.390042 +0.980599
6441.493776 +0.986492
6441.597511 +0.993670
6441.701245 +0.994198
6441.804980 +0.996393
6441.908714 +0.999976
6442.012449 +1.000474
6442.116183 +0.999212
6442.219918 +1.001871
6442.323652 +1.005943
6442.427386 +1.009094
6442.531121 +1.005999
6442.634855 +1.004383
6442.738590 +1.000891
6442.842324 +0.999969
6442.946059 +1.000374
6443.049793 +1.004962
6443.153527 +1.002755
6443.257262 +0.997941
6443.360996 +1.000602
6443.464731 +1.001878
6443.568465 +1.004425
6443.672200 +1.004713
6443.775934 +1.003434
6443.879669 +1.009367
6443.983403 +1.009174
6444.087137 +1.003738
6444.190872 +1.006209
6444.294606 +1.008523
6444.398341 +1.008391
6444.502075 +1.006683
6444.605810 +1.004520
6444.709544 +1.002351
6444.813279 +1.004897
6444.917013 +1.005650
6445.020747 +1.007202
6445.124482 +1.003553
6445.228216 +1.004356
6445.331951 +1.008793
6445.435685 +1.008413
6445.539420 +1.006903
6445.643154 +1.006535
6445.746889 +1.002762
6445.850623 +1.001588
6445.954357 +1.001184
6446.058092 +0.995075
6446.161826 +0.992409
6446.265561 +0.988125
6446.369295 +0.984835
6446.473030 +0.986330
6446.576764 +0.983584
6446.680498 +0.979894
6446.784233 +0.973579
6446.887967 +0.967653
6446.991702 +0.973534
6447.095436 +0.971772
6447.199171 +0.968518
6447.302905 +0.963403
6447.406640 +0.959413
6447.510374 +0.968441
6447.614108 +0.976672
6447.717843 +0.971757
6447.821577 +0.956697
6447.925312 +0.950184
6448.029046 +0.949347
6448.132781 +0.948446
6448.236515 +0.947066
6448.340250 +0.950943
6448.443984 +0.943820
6448.547718 +0.940204
6448.651453 +0.940262
6448.755187 +0.939907
6448.858922 +0.939778
6448.962656 +0.939450
6449.066391 +0.935215
6449.170125 +0.934362
6449.273860 +0.937965
6449.377594 +0.938489
6449.481328 +0.937253
6449.585063 +0.934517
6449.688797 +0.940533
6449.792532 +0.939315
6449.896266 +0.939179
6450.000001 +0.937733
6450.103735 +0.937630
6450.207469 +0.941247
6450.311204 +0.940783
6450.414938 +0.941225
6450.518673 +0.942337
6450.622407 +0.943715
6450.726142 +0.947372
6450.829876 +0.944558
6450.933611 +0.944077
6451.037345 +0.947935
6451.141079 +0.948310
6451.244814 +0.950196
6451.348548 +0.947778
6451.452283 +0.949687
6451.556017 +0.955761
6451.659752 +0.956980
6451.763486 +0.957453
6451.867221 +0.962203
6451.970955 +0.962746
6452.074689 +0.964818
6452.178424 +0.963588
6452.282158 +0.965635
6452.385893 +0.967746
6452.489627 +0.969516
6452.593362 +0.972407
6452.697096 +0.971272
6452.800831 +0.974544
6452.904565 +0.974627
6453.008299 +0.971597
6453.112034 +0.973017
6453.215768 +0.968653
6453.319503 +0.963888
6453.423237 +0.965304
6453.526972 +0.967927
6453.630706 +0.966504
6453.734440 +0.963187
6453.838175 +0.964316
6453.941909 +0.962937
6454.045644 +0.959263
6454.149378 +0.957078
6454.253113 +0.955272
6454.356847 +0.953651
6454.460582 +0.950397
6454.564316 +0.953408
6454.668050 +0.951643
6454.771785 +0.952719
6454.875519 +0.953318
6454.979254 +0.953210
6455.082988 +0.954831
6455.186723 +0.955619
6455.290457 +0.959185
6455.394192 +0.962522
6455.497926 +0.958836
6455.601660 +0.957364
6455.705395 +0.957002
6455.809129 +0.953407
6455.912864 +0.949881
6456.016598 +0.951239
6456.120333 +0.951074
6456.224067 +0.954632
6456.327802 +0.953005
6456.431536 +0.953530
6456.535270 +0.956716
6456.639005 +0.956719
6456.742739 +0.959179
6456.846474 +0.958697
6456.950208 +0.958205
6457.053943 +0.960800
6457.157677 +0.963928
6457.261411 +0.963514
6457.365146 +0.965455
6457.468880 +0.966982
6457.572615 +0.966161
6457.676349 +0.968286
6457.780084 +0.973160
6457.883818 +0.974778
6457.987553 +0.976526
6458.091287 +0.976611
6458.195021 +0.978381
6458.298756 +0.983360
6458.402490 +0.986816
6458.506225 +0.987786
6458.609959 +0.989740
6458.713694 +0.986077
6458.817428 +0.982491
6458.921163 +0.990014
6459.024897 +0.988732
6459.128631 +0.989602
6459.232366 +0.986533
6459.336100 +0.979597
6459.439835 +0.977884
6459.543569 +0.973384
6459.647304 +0.971583
6459.751038 +0.971220
6459.854773 +0.971944
6459.958507 +0.971562
6460.062241 +0.998471
6460.165976 +0.991582
6460.269710 +0.971200
6460.373445 +0.965028
6460.477179 +0.962150
6460.580914 +0.961527
6460.684648 +0.960656
6460.788382 +0.960073
6460.892117 +0.958484
6460.995851 +0.957158
6461.099586 +0.952443
6461.203320 +0.950650
6461.307055 +0.947734
6461.410789 +0.946261
6461.514524 +0.944454
6461.618258 +0.942411
6461.721992 +0.943955
6461.825727 +0.939608
6461.929461 +0.939038
6462.033196 +0.939605
6462.136930 +0.943083
6462.240665 +0.941171
6462.344399 +0.940952
6462.448134 +0.945344
6462.551868 +0.946076
6462.655602 +0.945229
6462.759337 +0.944595
6462.863071 +0.946397
6462.966806 +0.947094
6463.070540 +0.947398
6463.174275 +0.943734
6463.278009 +0.945266
6463.381744 +0.948168
6463.485478 +0.949505
6463.589212 +0.949300
6463.692947 +0.948413
6463.796681 +0.947703
6463.900416 +0.947841
6464.004150 +0.944980
6464.107885 +0.949031
6464.211619 +0.950793
6464.315353 +0.950395
6464.419088 +0.958353
6464.522822 +0.961965
6464.626557 +0.963386
6464.730291 +0.970070
6464.834026 +0.969363
6464.937760 +0.971698
6465.041495 +0.977144
6465.145229 +0.981808
6465.248963 +0.986757
6465.352698 +0.992151
6465.456432 +0.992018
6465.560167 +0.992674
6465.663901 +1.000036
6465.767636 +0.999423
6465.871370 +0.993257
6465.975105 +0.989645
6466.078839 +0.988340
6466.182573 +0.987790
6466.286308 +0.986046
6466.390042 +0.987900
6466.493777 +0.995356
6466.597511 +0.997477
6466.701246 +0.998327
6466.804980 +0.995849
6466.908715 +0.997429
6467.012449 +1.000013
6467.116183 +1.002780
6467.219918 +0.998074
6467.323652 +0.993711
6467.427387 +0.989082
6467.531121 +0.986722
6467.634856 +0.992555
6467.738590 +0.988891
6467.842324 +0.985936
6467.946059 +0.986928
6468.049793 +0.986969
6468.153528 +0.983239
6468.257262 +0.981517
6468.360997 +0.982645
6468.464731 +0.976352
6468.568466 +0.975775
6468.672200 +0.975284
6468.775934 +0.972577
6468.879669 +0.973947
6468.983403 +0.972361
6469.087138 +0.967709
6469.190872 +0.967048
6469.294607 +0.969116
6469.398341 +0.968847
6469.502076 +0.966569
6469.605810 +0.966061
6469.709544 +0.965383
6469.813279 +0.965339
6469.917013 +0.968123
6470.020748 +0.969803
6470.124482 +0.969172
6470.228217 +0.968014
6470.331951 +0.967732
6470.435686 +0.966732
6470.539420 +0.969792
6470.643154 +0.973042
6470.746889 +0.970609
6470.850623 +0.964786
6470.954358 +0.963565
6471.058092 +0.963623
6471.161827 +0.964347
6471.265561 +0.966367
6471.369295 +0.967886
6471.473030 +0.967224
6471.576764 +0.971080
6471.680499 +0.974584
6471.784233 +0.976018
6471.887968 +0.975099
6471.991702 +0.973912
6472.095437 +0.973235
6472.199171 +0.967236
6472.302905 +0.960011
6472.406640 +0.962759
6472.510374 +0.971019
6472.614109 +0.972376
6472.717843 +0.968270
6472.821578 +0.964828
6472.925312 +0.961424
6473.029047 +0.961534
6473.132781 +0.966506
6473.236515 +0.969331
6473.340250 +0.973286
6473.443984 +0.978109
6473.547719 +0.979748
6473.651453 +0.978278
6473.755188 +0.975173
6473.858922 +0.978157
6473.962657 +0.982409
6474.066391 +0.984514
6474.170125 +0.987072
6474.273860 +0.986991
6474.377594 +0.988641
6474.481329 +0.988881
6474.585063 +0.980940
6474.688798 +0.974914
6474.792532 +0.968765
6474.896266 +0.962181
6475.000001 +0.965399
6475.103735 +0.971993
6475.207470 +0.981334
6475.311204 +0.982972
6475.414939 +0.974328
6475.518673 +0.972156
6475.622408 +0.971536
6475.726142 +0.972039
6475.829876 +0.981635
6475.933611 +0.989946
6476.037345 +0.994798
6476.141080 +0.995320
6476.244814 +0.989707
6476.348549 +0.984366
6476.452283 +0.987723
6476.556018 +0.990757
6476.659752 +0.987429
6476.763486 +0.985045
6476.867221 +0.983666
6476.970955 +0.987316
6477.074690 +0.990302
6477.178424 +0.991770
6477.282159 +0.993140
6477.385893 +0.992435
6477.489628 +0.995844
6477.593362 +0.998432
6477.697096 +0.996721
6477.800831 +0.995092
6477.904565 +0.998417
6478.008300 +1.004377
6478.112034 +1.005490
6478.215769 +1.005445
6478.319503 +1.004011
6478.423237 +1.002072
6478.526972 +0.998699
6478.630706 +0.995563
6478.734441 +0.995703
6478.838175 +0.991152
6478.941910 +0.985797
6479.045644 +0.982929
6479.149379 +0.981001
6479.253113 +0.980412
6479.356847 +0.979471
6479.460582 +0.978691
6479.564316 +0.976607
6479.668051 +0.970139
6479.771785 +0.964876
6479.875520 +0.963192
6479.979254 +0.966681
6480.082989 +0.972100
6480.186723 +0.972642
6480.290457 +0.975345
6480.394192 +0.982164
6480.497926 +0.982236
6480.601661 +0.976094
6480.705395 +0.970980
6480.809130 +0.967674
6480.912864 +0.968774
6481.016599 +0.974220
6481.120333 +0.974262
6481.224067 +0.968994
6481.327802 +0.969027
6481.431536 +0.965550
6481.535271 +0.964577
6481.639005 +0.967490
6481.742740 +0.967273
6481.846474 +0.972347
6481.950208 +0.972734
6482.053943 +0.970178
6482.157677 +0.973387
6482.261412 +0.970901
6482.365146 +0.966012
6482.468881 +0.967932
6482.572615 +0.969019
6482.676350 +0.967215
6482.780084 +0.961831
6482.883818 +0.955021
6482.987553 +0.950105
6483.091287 +0.950555
6483.195022 +0.956840
6483.298756 +0.961920
6483.402491 +0.965199
6483.506225 +0.959582
6483.609960 +0.952058
6483.713694 +0.953736
6483.817428 +0.962500
6483.921163 +0.974051
6484.024897 +0.979955
6484.128632 +0.980259
6484.232366 +0.980742
6484.336101 +0.982921
6484.439835 +0.984910
6484.543569 +0.983938
6484.647304 +0.984100
6484.751038 +0.990178
6484.854773 +0.993280
6484.958507 +0.991418
6485.062242 +0.990665
6485.165976 +0.991152
6485.269711 +0.993661
6485.373445 +1.000301
6485.477179 +1.002778
6485.580914 +1.001077
6485.684648 +1.002124
6485.788383 +1.004738
6485.892117 +1.003643
6485.995852 +0.999432
6486.099586 +0.997981
6486.203321 +1.003641
6486.307055 +1.006207
6486.410789 +1.000735
6486.514524 +0.995277
6486.618258 +0.993848
6486.721993 +0.994853
6486.825727 +1.000545
6486.929462 +1.005125
6487.033196 +1.006383
6487.136931 +1.006666
6487.240665 +1.003827
6487.344399 +1.001004
6487.448134 +1.002821
6487.551868 +1.003829
6487.655603 +0.999697
6487.759337 +0.994134
6487.863072 +0.990935
6487.966806 +0.994282
6488.070540 +1.000064
6488.174275 +0.996482
6488.278009 +0.990835
6488.381744 +0.995866
6488.485478 +0.996583
6488.589213 +0.996311
6488.692947 +0.997656
6488.796682 +0.994357
6488.900416 +0.988786
6489.004150 +0.986990
6489.107885 +0.989980
6489.211619 +0.991238
6489.315354 +0.994691
6489.419088 +0.992259
6489.522823 +0.990325
6489.626557 +0.990513
6489.730292 +0.986035
6489.834026 +0.987923
6489.937760 +0.990198
6490.041495 +0.981304
6490.145229 +0.973835
6490.248964 +0.970292
6490.352698 +0.959344
6490.456433 +0.949663
6490.560167 +0.942278
6490.663902 +0.937334
6490.767636 +0.946998
6490.871370 +0.954960
6490.975105 +0.951667
6491.078839 +0.950801
6491.182574 +0.947448
6491.286308 +0.941841
6491.390043 +0.942668
6491.493777 +0.939841
6491.597511 +0.931926
6491.701246 +0.930160
6491.804980 +0.926956
6491.908715 +0.920929
6492.012449 +0.925320
6492.116184 +0.923935
6492.219918 +0.919752
6492.323653 +0.915513
6492.427387 +0.903997
6492.531121 +0.894044
6492.634856 +0.884368
6492.738590 +0.878254
6492.842325 +0.882721
6492.946059 +0.886373
6493.049794 +0.886995
6493.153528 +0.886349
6493.257263 +0.878735
6493.360997 +0.870998
6493.464731 +0.870134
6493.568466 +0.866730
6493.672200 +0.864809
6493.775935 +0.861008
6493.879669 +0.857792
6493.983404 +0.858413
6494.087138 +0.855981
6494.190873 +0.853687
6494.294607 +0.848989
6494.398341 +0.846837
6494.502076 +0.847763
6494.605810 +0.842710
6494.709545 +0.843532
6494.813279 +0.846326
6494.917014 +0.847015
6495.020748 +0.847698
6495.124482 +0.849062
6495.228217 +0.847434
6495.331951 +0.841232
6495.435686 +0.834643
6495.539420 +0.826952
6495.643155 +0.823585
6495.746889 +0.825208
6495.850624 +0.831018
6495.954358 +0.840556
6496.058092 +0.843340
6496.161827 +0.844307
6496.265561 +0.847319
6496.369296 +0.852045
6496.473030 +0.855919
6496.576765 +0.853306
6496.680499 +0.856741
6496.784234 +0.860330
6496.887968 +0.861794
6496.991702 +0.864676
6497.095437 +0.868891
6497.199171 +0.871821
6497.302906 +0.866988
6497.406640 +0.867452
6497.510375 +0.875744
6497.614109 +0.883452
6497.717844 +0.886754
6497.821578 +0.888840
6497.925312 +0.888235
6498.029047 +0.890134
6498.132781 +0.892747
6498.236516 +0.895869
6498.340250 +0.899504
6498.443985 +0.898505
6498.547719 +0.900906
6498.651453 +0.904312
6498.755188 +0.904247
6498.858922 +0.905931
6498.962657 +0.912613
6499.066391 +0.918952
6499.170126 +0.920682
6499.273860 +0.922348
6499.377595 +0.923768
6499.481329 +0.929332
6499.585063 +0.939492
6499.688798 +0.944911
6499.792532 +0.947869
6499.896267 +0.948295
6500.000001 +0.949856
6500.103736 +0.951282
6500.207470 +0.951346
6500.311205 +0.951958
6500.414939 +0.955377
6500.518673 +0.954614
6500.622408 +0.952438
6500.726142 +0.948901
6500.829877 +0.947992
6500.933611 +0.945736
6501.037346 +0.940510
6501.141080 +0.942033
6501.244815 +0.954477
6501.348549 +0.963386
6501.452283 +0.966296
6501.556018 +0.967453
6501.659752 +0.971123
6501.763487 +0.976730
6501.867221 +0.980316
6501.970956 +0.981296
6502.074690 +0.982119
6502.178424 +0.983271
6502.282159 +0.979078
6502.385893 +0.981116
6502.489628 +0.986077
6502.593362 +0.984586
6502.697097 +0.986200
6502.800831 +0.991104
6502.904566 +0.990886
6503.008300 +0.987900
6503.112034 +0.986932
6503.215769 +0.989967
6503.319503 +0.988503
6503.423238 +0.988966
6503.526972 +0.987872
6503.630707 +0.988400
6503.734441 +0.991483
6503.838176 +0.992044
6503.941910 +0.986348
6504.045644 +0.987330
6504.149379 +0.995000
6504.253113 +0.997745
6504.356848 +0.998800
6504.460582 +0.999144
6504.564317 +1.000888
6504.668051 +1.001291
6504.771786 +0.999263
6504.875520 +1.000487
6504.979254 +1.002168
6505.082989 +1.002104
6505.186723 +0.997447
6505.290458 +0.996488
6505.394192 +1.001268
6505.497927 +1.001502
6505.601661 +0.997583
6505.705395 +0.998329
6505.809130 +0.996401
6505.912864 +0.997432
6506.016599 +1.001429
6506.120333 +1.000157
6506.224068 +0.999842
6506.327802 +0.999853
6506.431537 +0.999644
6506.535271 +0.999962
6506.639005 +1.000296
6506.742740 +0.998430
6506.846474 +0.996500
6506.950209 +1.000427
6507.053943 +0.999643
6507.157678 +0.995705
6507.261412 +0.995182
6507.365147 +0.994184
6507.468881 +0.994604
6507.572615 +0.996948
6507.676350 +0.996305
6507.780084 +0.995719
6507.883819 +0.996124
6507.987553 +0.995919
6508.091288 +0.995123
6508.195022 +0.992190
6508.298757 +0.990156
6508.402491 +0.989863
6508.506225 +0.989555
6508.609960 +0.993218
6508.713694 +0.995726
6508.817429 +0.997438
6508.921163 +0.992705
6509.024898 +0.989243
6509.128632 +0.994278
6509.232366 +0.998689
6509.336101 +0.997873
6509.439835 +1.001317
6509.543570 +1.006491
6509.647304 +0.999758
6509.751039 +0.998851
6509.854773 +0.999704
6509.958508 +1.001005
6510.062242 +1.002476
6510.165976 +1.001172
6510.269711 +0.998389
6510.373445 +1.000729
6510.477180 +1.006397
6510.580914 +1.010112
6510.684649 +1.004430
6510.788383 +0.998077
6510.892118 +0.997622
6510.995852 +0.996569
6511.099586 +0.999728
6511.203321 +1.000075
6511.307055 +1.001944
6511.410790 +1.003250
6511.514524 +1.003025
6511.618259 +1.003709
6511.721993 +0.997823
6511.825728 +0.992855
6511.929462 +0.998067
6512.033196 +1.001420
6512.136931 +1.001650
6512.240665 +1.002705
6512.344400 +1.002204
6512.448134 +1.002172
6512.551869 +1.001975
6512.655603 +0.998073
6512.759337 +0.997510
6512.863072 +0.998749
6512.966806 +0.997556
6513.070541 +0.997259
6513.174275 +0.993775
6513.278010 +0.989382
6513.381744 +0.992215
6513.485479 +0.992753
6513.589213 +0.990156
6513.692947 +0.991536
6513.796682 +0.990519
6513.900416 +0.987872
6514.004151 +0.982621
6514.107885 +0.981270
6514.211620 +0.977179
6514.315354 +0.970943
6514.419089 +0.968649
6514.522823 +0.965588
6514.626557 +0.965430
6514.730292 +0.968616
6514.834026 +0.974373
6514.937761 +0.976490
6515.041495 +0.973077
6515.145230 +0.974529
6515.248964 +0.975823
6515.352699 +0.967149
6515.456433 +0.962102
6515.560167 +0.961049
6515.663902 +0.960795
6515.767636 +0.960210
6515.871371 +0.955523
6515.975105 +0.953785
6516.078840 +0.948650
6516.182574 +0.935516
6516.286308 +0.928297
6516.390043 +0.928581
6516.493777 +0.934838
6516.597512 +0.948679
6516.701246 +0.954312
6516.804981 +0.950542
6516.908715 +0.953474
6517.012450 +0.961372
6517.116184 +0.965724
6517.219918 +0.961625
6517.323653 +0.963049
6517.427387 +0.963124
6517.531122 +0.960486
6517.634856 +0.957789
6517.738591 +0.957700
6517.842325 +0.955592
6517.946060 +0.957836
6518.049794 +0.961248
6518.153528 +0.964448
6518.257263 +0.964903
6518.360997 +0.966850
6518.464732 +0.975898
6518.568466 +0.979231
6518.672201 +0.974661
6518.775935 +0.972172
6518.879670 +0.974263
6518.983404 +0.973834
6519.087138 +0.968646
6519.190873 +0.966220
6519.294607 +0.964826
6519.398342 +0.967591
6519.502076 +0.974263
6519.605811 +0.979090
6519.709545 +0.981883
6519.813279 +0.981564
6519.917014 +0.977473
6520.020748 +0.977906
6520.124483 +0.979924
6520.228217 +0.980247
6520.331952 +0.985900
6520.435686 +0.985542
6520.539421 +0.984825
6520.643155 +0.988167
6520.746889 +0.989160
6520.850624 +0.989220
6520.954358 +0.987609
6521.058093 +0.989411
6521.161827 +0.995466
6521.265562 +0.994969
6521.369296 +0.992651
6521.473031 +1.000060
6521.576765 +1.003350
6521.680499 +0.994780
6521.784234 +0.991908
6521.887968 +0.995370
6521.991703 +0.995669
6522.095437 +0.999987
6522.199172 +1.003481
6522.302906 +0.997756
6522.406640 +0.996907
6522.510375 +0.994598
6522.614109 +0.993563
6522.717844 +1.000098
6522.821578 +1.000423
6522.925313 +0.996669
6523.029047 +0.993938
6523.132782 +0.994234
6523.236516 +0.990099
6523.340250 +0.983829
6523.443985 +0.980753
6523.547719 +0.978704
6523.651454 +0.974470
6523.755188 +0.978495
6523.858923 +0.986956
6523.962657 +0.988483
6524.066392 +0.991759
6524.170126 +0.992001
6524.273860 +0.988762
6524.377595 +0.986939
6524.481329 +0.986295
6524.585064 +0.986250
6524.688798 +0.987841
6524.792533 +0.989353
6524.896267 +0.991572
6525.000002 +0.988088
6525.103736 +0.981975
6525.207470 +0.981764
6525.311205 +0.982867
6525.414939 +0.984950
6525.518674 +0.983378
6525.622408 +0.982973
6525.726143 +0.982707
6525.829877 +0.983585
6525.933611 +0.983263
6526.037346 +0.982017
6526.141080 +0.983079
6526.244815 +0.979809
6526.348549 +0.981339
6526.452284 +0.983265
6526.556018 +0.982060
6526.659753 +0.978759
6526.763487 +0.979445
6526.867221 +0.984948
6526.970956 +0.982426
6527.074690 +0.982059
6527.178425 +0.982871
6527.282159 +0.983637
6527.385894 +0.982636
6527.489628 +0.976819
6527.593363 +0.978603
6527.697097 +0.981993
6527.800831 +0.980916
6527.904566 +0.980463
6528.008300 +0.982616
6528.112035 +0.985693
6528.215769 +0.986211
6528.319504 +0.984301
6528.423238 +0.982622
6528.526973 +0.982211
6528.630707 +0.983205
6528.734441 +0.982480
6528.838176 +0.980600
6528.941910 +0.981047
6529.045645 +0.986830
6529.149379 +0.990698
6529.253114 +0.988467
6529.356848 +0.987390
6529.460582 +0.988638
6529.564317 +0.991068
6529.668051 +0.989745
6529.771786 +0.986120
6529.875520 +0.985510
6529.979255 +0.987779
6530.082989 +0.985783
6530.186724 +0.981038
6530.290458 +0.985194
6530.394192 +0.987413
6530.497927 +0.985089
6530.601661 +0.983681
6530.705396 +0.981311
6530.809130 +0.982022
6530.912865 +0.983165
6531.016599 +0.983351
6531.120334 +0.983221
6531.224068 +0.982964
6531.327802 +0.984163
6531.431537 +0.985337
6531.535271 +0.985018
6531.639006 +0.984976
6531.742740 +0.983408
6531.846475 +0.978123
6531.950209 +0.972372
6532.053944 +0.968025
6532.157678 +0.966836
6532.261412 +0.969627
6532.365147 +0.973511
6532.468881 +0.980745
6532.572616 +0.987965
6532.676350 +0.985544
6532.780085 +0.979745
6532.883819 +0.980000
6532.987553 +0.980300
6533.091288 +0.977972
6533.195022 +0.971529
6533.298757 +0.961516
6533.402491 +0.965024
6533.506226 +0.973897
6533.609960 +0.974667
6533.713695 +0.973183
6533.817429 +0.976157
6533.921163 +0.979556
6534.024898 +0.977757
6534.128632 +0.980174
6534.232367 +0.982139
6534.336101 +0.979358
6534.439836 +0.978916
6534.543570 +0.980834
6534.647305 +0.981581
6534.751039 +0.981580
6534.854773 +0.978978
6534.958508 +0.979547
6535.062242 +0.988340
6535.165977 +0.989549
6535.269711 +0.983160
6535.373446 +0.982371
6535.477180 +0.985981
6535.580915 +0.991775
6535.684649 +0.992944
6535.788383 +0.988320
6535.892118 +0.988178
6535.995852 +0.994352
6536.099587 +0.997381
6536.203321 +0.992997
6536.307056 +0.988296
6536.410790 +0.990775
6536.514524 +0.992025
6536.618259 +0.987814
6536.721993 +0.989335
6536.825728 +0.992265
6536.929462 +0.995125
6537.033197 +1.001411
6537.136931 +1.001803
6537.240666 +0.998784
6537.344400 +0.997347
6537.448134 +0.996752
6537.551869 +1.000598
6537.655603 +1.001451
6537.759338 +0.999970
6537.863072 +1.003471
6537.966807 +1.002240
6538.070541 +0.996680
6538.174276 +0.999076
6538.278010 +1.004010
6538.381744 +1.001855
6538.485479 +0.997342
6538.589213 +0.996337
6538.692948 +1.002084
6538.796682 +0.999824
6538.900417 +0.997165
6539.004151 +1.001076
6539.107886 +0.999470
6539.211620 +0.997136
6539.315354 +0.999111
6539.419089 +0.999552
6539.522823 +1.002984
6539.626558 +1.001435
6539.730292 +0.997176
6539.834027 +0.999215
6539.937761 +1.001465
6540.041495 +1.001638
6540.145230 +1.003555
6540.248964 +1.006717
6540.352699 +1.001573
6540.456433 +0.996906
6540.560168 +0.999462
6540.663902 +1.000068
6540.767637 +1.000745
6540.871371 +1.002111
6540.975105 +1.001574
6541.078840 +1.000704
6541.182574 +1.003476
6541.286309 +1.006853
6541.390043 +1.004140
6541.493778 +1.000031
6541.597512 +1.003483
6541.701247 +1.005127
6541.804981 +0.998702
6541.908715 +0.997747
6542.012450 +0.998463
6542.116184 +1.000891
6542.219919 +1.002175
6542.323653 +0.995733
6542.427388 +0.996195
6542.531122 +0.996962
6542.634857 +0.996621
6542.738591 +0.995023
6542.842325 +0.991185
6542.946060 +0.989291
6543.049794 +0.989675
6543.153529 +0.985158
6543.257263 +0.983788
6543.360998 +0.984286
6543.464732 +0.974808
6543.568466 +0.970766
6543.672201 +0.966957
6543.775935 +0.963363
6543.879670 +0.971240
6543.983404 +0.978715
6544.087139 +0.981101
6544.190873 +0.990023
6544.294608 +0.993212
6544.398342 +0.990674
6544.502076 +0.989250
6544.605811 +0.989128
6544.709545 +0.992210
6544.813280 +0.994506
6544.917014 +0.993972
6545.020749 +0.994807
6545.124483 +0.990750
6545.228218 +0.993901
6545.331952 +0.998575
6545.435686 +0.996919
6545.539421 +0.999003
6545.643155 +0.994899
6545.746890 +0.998873
6545.850624 +1.007203
6545.954359 +1.008789
6546.058093 +1.010162
6546.161828 +1.018717
6546.265562 +1.024966
6546.369296 +1.022847
6546.473031 +1.019167
6546.576765 +1.021161
6546.680500 +1.026249
6546.784234 +1.028602
6546.887969 +1.030278
6546.991703 +1.033395
6547.095437 +1.032904
6547.199172 +1.031599
6547.302906 +1.035254
6547.406641 +1.036307
6547.510375 +1.038864
6547.614110 +1.046707
6547.717844 +1.051999
6547.821579 +1.052946
6547.925313 +1.052214
6548.029047 +1.054431
6548.132782 +1.062486
6548.236516 +1.068144
6548.340251 +1.069274
6548.443985 +1.067322
6548.547720 +1.076450
6548.651454 +1.092652
6548.755189 +1.097378
6548.858923 +1.101727
6548.962657 +1.114372
6549.066392 +1.121357
6549.170126 +1.129479
6549.273861 +1.133628
6549.377595 +1.136945
6549.481330 +1.140319
6549.585064 +1.145872
6549.688799 +1.154485
6549.792533 +1.162728
6549.896267 +1.167405
6550.000002 +1.168637
6550.103736 +1.174952
6550.207471 +1.180757
6550.311205 +1.187570
6550.414940 +1.190759
6550.518674 +1.196044
6550.622408 +1.196307
6550.726143 +1.201235
6550.829877 +1.207436
6550.933612 +1.209962
6551.037346 +1.211761
6551.141081 +1.222599
6551.244815 +1.227361
6551.348550 +1.233895
6551.452284 +1.238776
6551.556018 +1.240731
6551.659753 +1.246099
6551.763487 +1.253373
6551.867222 +1.255704
6551.970956 +1.261230
6552.074691 +1.261449
6552.178425 +1.254825
6552.282160 +1.257455
6552.385894 +1.261562
6552.489628 +1.262143
6552.593363 +1.274219
6552.697097 +1.290072
6552.800832 +1.302107
6552.904566 +1.308497
6553.008301 +1.310415
6553.112035 +1.312326
6553.215770 +1.318345
6553.319504 +1.320292
6553.423238 +1.324009
6553.526973 +1.329318
6553.630707 +1.328233
6553.734442 +1.332746
6553.838176 +1.340682
6553.941911 +1.347438
6554.045645 +1.352989
6554.149379 +1.359977
6554.253114 +1.358948
6554.356848 +1.364621
6554.460583 +1.363079
6554.564317 +1.369044
6554.668052 +1.376332
6554.771786 +1.392164
6554.875521 +1.393069
6554.979255 +1.396055
6555.082989 +1.405670
6555.186724 +1.409045
6555.290458 +1.413248
6555.394193 +1.413283
6555.497927 +1.413139
6555.601662 +1.422521
6555.705396 +1.427713
6555.809131 +1.427645
6555.912865 +1.423227
6556.016599 +1.423686
6556.120334 +1.421795
6556.224068 +1.422834
6556.327803 +1.425118
6556.431537 +1.422560
6556.535272 +1.416457
6556.639006 +1.406571
6556.742741 +1.393595
6556.846475 +1.385935
6556.950209 +1.377415
6557.053944 +1.371451
6557.157678 +1.368424
6557.261413 +1.365169
6557.365147 +1.365507
6557.468882 +1.362711
6557.572616 +1.358128
6557.676350 +1.340604
6557.780085 +1.328429
6557.883819 +1.327185
6557.987554 +1.322237
6558.091288 +1.313256
6558.195023 +1.305923
6558.298757 +1.302374
6558.402492 +1.296838
6558.506226 +1.289098
6558.609960 +1.286468
6558.713695 +1.284283
6558.817429 +1.284440
6558.921164 +1.282260
6559.024898 +1.280815
6559.128633 +1.278949
6559.232367 +1.274853
6559.336102 +1.270927
6559.439836 +1.268901
6559.543570 +1.267933
6559.647305 +1.267212
6559.751039 +1.264859
6559.854774 +1.260549
6559.958508 +1.256389
6560.062243 +1.246271
6560.165977 +1.236048
6560.269712 +1.229996
6560.373446 +1.220637
6560.477180 +1.222217
6560.580915 +1.215025
6560.684649 +1.200634
6560.788384 +1.183716
6560.892118 +1.171062
6560.995853 +1.162865
6561.099587 +1.154861
6561.203321 +1.148117
6561.307056 +1.140196
6561.410790 +1.129895
6561.514525 +1.120374
6561.618259 +1.112333
6561.721994 +1.108541
6561.825728 +1.103613
6561.929463 +1.093912
6562.033197 +1.091313
6562.136931 +1.080213
6562.240666 +1.076682
6562.344400 +1.080638
6562.448135 +1.088564
6562.551869 +1.091391
6562.655604 +1.095088
6562.759338 +1.100625
6562.863073 +1.108592
6562.966807 +1.118108
6563.070541 +1.120405
6563.174276 +1.134231
6563.278010 +1.139100
6563.381745 +1.147091
6563.485479 +1.165559
6563.589214 +1.175862
6563.692948 +1.180655
6563.796682 +1.190685
6563.900417 +1.204279
6564.004151 +1.220258
6564.107886 +1.237580
6564.211620 +1.251406
6564.315355 +1.271389
6564.419089 +1.287747
6564.522824 +1.295249
6564.626558 +1.310961
6564.730292 +1.324754
6564.834027 +1.336240
6564.937761 +1.343033
6565.041496 +1.351757
6565.145230 +1.365765
6565.248965 +1.372897
6565.352699 +1.384553
6565.456434 +1.393955
6565.560168 +1.399942
6565.663902 +1.409961
6565.767637 +1.417853
6565.871371 +1.430270
6565.975106 +1.438019
6566.078840 +1.446964
6566.182575 +1.459779
6566.286309 +1.469256
6566.390044 +1.480762
6566.493778 +1.487636
6566.597512 +1.500894
6566.701247 +1.512439
6566.804981 +1.520805
6566.908716 +1.528705
6567.012450 +1.535349
6567.116185 +1.538742
6567.219919 +1.541675
6567.323653 +1.542650
6567.427388 +1.544646
6567.531122 +1.539403
6567.634857 +1.534214
6567.738591 +1.530890
6567.842326 +1.531149
6567.946060 +1.526738
6568.049795 +1.521131
6568.153529 +1.512075
6568.257263 +1.503930
6568.360998 +1.495878
6568.464732 +1.492473
6568.568467 +1.487590
6568.672201 +1.479321
6568.775936 +1.473637
6568.879670 +1.468692
6568.983405 +1.460638
6569.087139 +1.463060
6569.190873 +1.456964
6569.294608 +1.447569
6569.398342 +1.446078
6569.502077 +1.447763
6569.605811 +1.445611
6569.709546 +1.438396
6569.813280 +1.439443
6569.917015 +1.433443
6570.020749 +1.432877
6570.124483 +1.431851
6570.228218 +1.426026
6570.331952 +1.421329
6570.435687 +1.416431
6570.539421 +1.406702
6570.643156 +1.401245
6570.746890 +1.397831
6570.850624 +1.392287
6570.954359 +1.376614
6571.058093 +1.368565
6571.161828 +1.365629
6571.265562 +1.358909
6571.369297 +1.347984
6571.473031 +1.334801
6571.576766 +1.322269
6571.680500 +1.307147
6571.784234 +1.294643
6571.887969 +1.285659
6571.991703 +1.282783
6572.095438 +1.282200
6572.199172 +1.283898
6572.302907 +1.277365
6572.406641 +1.267710
6572.510376 +1.255649
6572.614110 +1.251503
6572.717844 +1.245350
6572.821579 +1.236071
6572.925313 +1.230120
6573.029048 +1.217860
6573.132782 +1.204057
6573.236517 +1.192237
6573.340251 +1.177595
6573.443986 +1.171185
6573.547720 +1.165360
6573.651454 +1.152882
6573.755189 +1.142140
6573.858923 +1.134652
6573.962658 +1.127781
6574.066392 +1.118584
6574.170127 +1.110635
6574.273861 +1.098484
6574.377595 +1.086351
6574.481330 +1.071661
6574.585064 +1.060323
6574.688799 +1.055516
6574.792533 +1.053769
6574.896268 +1.056262
6575.000002 +1.055397
6575.103737 +1.053559
6575.207471 +1.048474
6575.311205 +1.044448
6575.414940 +1.041920
6575.518674 +1.035006
6575.622409 +1.034976
6575.726143 +1.034190
6575.829878 +1.031154
6575.933612 +1.027170
6576.037347 +1.026448
6576.141081 +1.025054
6576.244815 +1.019904
6576.348550 +1.023021
6576.452284 +1.025164
6576.556019 +1.026464
6576.659753 +1.024375
6576.763488 +1.023682
6576.867222 +1.024125
6576.970957 +1.023056
6577.074691 +1.021492
6577.178425 +1.018100
6577.282160 +1.017217
6577.385894 +1.015899
6577.489629 +1.013283
6577.593363 +1.015392
6577.697098 +1.018533
6577.800832 +1.018207
6577.904566 +1.015854
6578.008301 +1.014793
6578.112035 +1.017394
6578.215770 +1.015590
6578.319504 +1.009811
6578.423239 +1.007396
6578.526973 +1.007237
6578.630708 +1.011003
6578.734442 +1.010757
6578.838176 +1.007958
6578.941911 +1.005625
6579.045645 +1.000649
6579.149380 +0.999776
6579.253114 +1.003435
6579.356849 +1.005263
6579.460583 +1.002749
6579.564318 +1.000523
6579.668052 +1.000171
6579.771786 +1.002035
6579.875521 +0.999878
6579.979255 +0.995570
6580.082990 +0.994210
6580.186724 +0.993067
6580.290459 +0.989361
6580.394193 +0.986208
6580.497928 +0.991821
6580.601662 +1.003370
6580.705396 +0.995751
6580.809131 +0.983302
6580.912865 +0.988256
6581.016600 +0.989163
6581.120334 +0.987817
6581.224069 +0.989606
6581.327803 +0.991107
6581.431537 +0.989221
6581.535272 +0.986443
6581.639006 +0.985362
6581.742741 +0.987173
6581.846475 +0.985238
6581.950210 +0.980282
6582.053944 +0.979060
6582.157679 +0.978877
6582.261413 +0.981905
6582.365147 +0.986585
6582.468882 +0.984364
6582.572616 +0.983085
6582.676351 +0.982568
6582.780085 +0.979614
6582.883820 +0.975928
6582.987554 +0.974285
6583.091289 +0.975136
6583.195023 +0.974274
6583.298757 +0.973067
6583.402492 +0.973691
6583.506226 +0.973075
6583.609961 +0.976974
6583.713695 +0.981738
6583.817430 +0.984982
6583.921164 +0.985920
6584.024899 +0.984529
6584.128633 +0.982162
6584.232367 +0.980933
6584.336102 +0.980422
6584.439836 +0.982526
6584.543571 +0.981507
6584.647305 +0.981373
6584.751040 +0.980892
6584.854774 +0.982040
6584.958508 +0.983201
6585.062243 +0.978780
6585.165977 +0.980354
6585.269712 +0.982599
6585.373446 +0.976613
6585.477181 +0.974019
6585.580915 +0.973744
6585.684650 +0.973534
6585.788384 +0.975537
6585.892118 +0.976727
6585.995853 +0.974908
6586.099587 +0.977699
6586.203322 +0.976248
6586.307056 +0.970627
6586.410791 +0.969162
6586.514525 +0.972198
6586.618260 +0.981461
6586.721994 +0.985089
6586.825728 +0.983515
6586.929463 +0.985625
6587.033197 +0.980972
6587.136932 +0.982664
6587.240666 +0.984549
6587.344401 +0.985613
6587.448135 +0.987448
6587.551870 +0.985289
6587.655604 +0.979104
6587.759338 +0.979661
6587.863073 +0.983415
6587.966807 +0.984960
6588.070542 +0.985264
6588.174276 +0.985316
6588.278011 +0.985926
6588.381745 +0.987756
6588.485479 +0.993058
6588.589214 +0.990334
6588.692948 +0.988859
6588.796683 +0.987870
6588.900417 +0.987232
6589.004152 +0.990194
6589.107886 +0.987435
6589.211621 +0.982892
6589.315355 +0.981179
6589.419089 +0.982419
6589.522824 +0.982016
6589.626558 +0.980214
6589.730293 +0.973973
6589.834027 +0.969396
6589.937762 +0.970745
6590.041496 +0.969577
6590.145231 +0.964928
6590.248965 +0.959216
6590.352699 +0.960194
6590.456434 +0.954768
6590.560168 +0.949792
6590.663903 +0.946762
6590.767637 +0.946837
6590.871372 +0.946264
6590.975106 +0.946145
6591.078841 +0.946655
6591.182575 +0.944411
6591.286309 +0.943595
6591.390044 +0.941069
6591.493778 +0.937549
6591.597513 +0.932182
6591.701247 +0.925265
6591.804982 +0.923421
6591.908716 +0.928105
6592.012450 +0.932048
6592.116185 +0.933562
6592.219919 +0.931447
6592.323654 +0.930519
6592.427388 +0.931000
6592.531123 +0.931164
6592.634857 +0.929299
6592.738592 +0.932151
6592.842326 +0.934037
6592.946060 +0.930889
6593.049795 +0.925385
6593.153529 +0.926849
6593.257264 +0.931096
6593.360998 +0.930098
6593.464733 +0.928046
6593.568467 +0.931862
6593.672202 +0.930455
6593.775936 +0.929050
6593.879670 +0.928200
6593.983405 +0.926909
6594.087139 +0.927342
6594.190874 +0.927202
6594.294608 +0.927133
6594.398343 +0.932693
6594.502077 +0.937564
6594.605812 +0.936977
6594.709546 +0.938148
6594.813280 +0.936561
6594.917015 +0.940847
6595.020749 +0.941257
6595.124484 +0.942186
6595.228218 +0.944253
6595.331953 +0.944446
6595.435687 +0.950614
6595.539421 +0.957068
6595.643156 +0.955676
6595.746890 +0.951743
6595.850625 +0.955332
6595.954359 +0.960026
6596.058094 +0.961978
6596.161828 +0.962473
6596.265563 +0.962302
6596.369297 +0.966416
6596.473031 +0.969644
6596.576766 +0.969816
6596.680500 +0.970139
6596.784235 +0.972506
6596.887969 +0.975408
6596.991704 +0.974722
6597.095438 +0.973670
6597.199173 +0.973044
6597.302907 +0.969120
6597.406641 +0.968536
6597.510376 +0.974980
6597.614110 +0.975739
6597.717845 +0.975262
6597.821579 +0.976253
6597.925314 +0.976589
6598.029048 +0.977228
6598.132783 +0.974182
6598.236517 +0.976507
6598.340251 +0.977651
6598.443986 +0.977151
6598.547720 +0.975646
6598.651455 +0.974354
6598.755189 +0.978773
6598.858924 +0.977266
6598.962658 +0.975278
6599.066392 +0.978233
6599.170127 +0.981273
6599.273861 +0.982226
6599.377596 +0.983674
6599.481330 +0.981399
6599.585065 +0.982421
6599.688799 +0.983343
6599.792534 +0.984459
6599.896268 +0.983190
6600.000002 +0.984243
6600.103737 +0.983195
6600.207471 +0.982908
6600.311206 +0.988693
6600.414940 +0.993496
6600.518675 +0.991592
6600.622409 +0.989695
6600.726144 +0.990800
6600.829878 +0.991075
6600.933612 +0.991221
6601.037347 +0.986752
6601.141081 +0.986982
6601.244816 +0.990655
6601.348550 +0.992710
6601.452285 +0.992405
6601.556019 +0.987971
6601.659754 +0.986815
6601.763488 +0.986257
6601.867222 +0.986270
6601.970957 +0.987011
6602.074691 +0.987631
6602.178426 +0.989409
6602.282160 +0.989752
6602.385895 +0.987897
6602.489629 +0.986916
6602.593363 +0.987093
6602.697098 +0.989356
6602.800832 +0.987614
6602.904567 +0.985264
6603.008301 +0.987091
6603.112036 +0.985965
6603.215770 +0.984324
6603.319505 +0.983091
6603.423239 +0.980780
6603.526973 +0.982261
6603.630708 +0.981999
6603.734442 +0.979995
6603.838177 +0.976458
6603.941911 +0.974933
6604.045646 +0.975554
6604.149380 +0.972922
6604.253115 +0.971343
6604.356849 +0.971399
6604.460583 +0.972189
6604.564318 +0.973827
6604.668052 +0.974612
6604.771787 +0.972927
6604.875521 +0.967136
6604.979256 +0.963338
6605.082990 +0.964345
6605.186724 +0.963703
6605.290459 +0.964874
6605.394193 +0.966138
6605.497928 +0.969383
6605.601662 +0.966961
6605.705397 +0.961616
6605.809131 +0.959440
6605.912866 +0.957825
6606.016600 +0.954399
6606.120334 +0.952165
6606.224069 +0.951435
6606.327803 +0.952319
6606.431538 +0.955633
6606.535272 +0.957293
6606.639007 +0.954179
6606.742741 +0.949076
6606.846476 +0.949123
6606.950210 +0.953478
6607.053944 +0.956475
6607.157679 +0.955958
6607.261413 +0.954241
6607.365148 +0.952889
6607.468882 +0.955109
6607.572617 +0.958675
6607.676351 +0.956619
6607.780086 +0.955705
6607.883820 +0.958529
6607.987554 +0.957085
6608.091289 +0.956180
6608.195023 +0.958050
6608.298758 +0.955697
6608.402492 +0.955406
6608.506227 +0.954848
6608.609961 +0.953088
6608.713695 +0.955240
6608.817430 +0.961416
6608.921164 +0.963962
6609.024899 +0.960296
6609.128633 +0.958479
6609.232368 +0.961661
6609.336102 +0.962296
6609.439837 +0.962641
6609.543571 +0.965553
6609.647305 +0.965781
6609.751040 +0.966014
6609.854774 +0.965665
6609.958509 +0.967930
6610.062243 +0.967077
6610.165978 +0.960387
6610.269712 +0.959853
6610.373447 +0.963084
6610.477181 +0.964676
6610.580915 +0.966385
6610.684650 +0.967439
6610.788384 +0.969735
6610.892119 +0.973467
6610.995853 +0.975933
6611.099588 +0.975353
6611.203322 +0.979113
6611.307057 +0.985205
6611.410791 +0.982715
6611.514525 +0.979168
6611.618260 +0.977969
6611.721994 +0.982433
6611.825729 +0.990036
6611.929463 +0.989899
6612.033198 +0.987321
6612.136932 +0.985043
6612.240666 +0.988384
6612.344401 +0.992004
6612.448135 +0.993327
6612.551870 +0.995039
6612.655604 +0.996530
6612.759339 +0.995167
6612.863073 +0.990196
6612.966808 +0.988175
6613.070542 +0.993934
6613.174276 +0.996128
6613.278011 +0.994696
6613.381745 +0.992362
6613.485480 +0.993012
6613.589214 +0.993424
6613.692949 +0.993597
6613.796683 +0.992017
6613.900418 +0.994520
6614.004152 +0.996249
6614.107886 +0.995185
6614.211621 +0.995791
6614.315355 +0.993599
6614.419090 +0.996617
6614.522824 +0.994416
6614.626559 +0.988101
6614.730293 +0.988353
6614.834028 +0.992047
6614.937762 +0.990876
6615.041496 +0.992070
6615.145231 +0.992064
6615.248965 +0.992648
6615.352700 +0.993028
6615.456434 +0.993244
6615.560169 +0.995237
6615.663903 +0.996799
6615.767637 +0.995449
6615.871372 +0.993273
6615.975106 +0.994735
6616.078841 +0.999798
6616.182575 +0.999387
6616.286310 +0.994882
6616.390044 +0.994649
6616.493779 +0.995026
6616.597513 +0.994607
6616.701247 +0.995704
6616.804982 +0.997401
6616.908716 +0.996522
6617.012451 +1.000028
6617.116185 +0.998301
6617.219920 +0.994547
6617.323654 +1.000924
6617.427389 +1.004459
6617.531123 +0.997599
6617.634857 +0.996286
6617.738592 +0.997306
6617.842326 +0.995062
6617.946061 +0.997502
6618.049795 +0.998875
6618.153530 +0.998617
6618.257264 +0.999768
6618.360999 +0.995722
6618.464733 +0.995201
6618.568467 +0.994785
6618.672202 +0.997892
6618.775936 +1.000429
6618.879671 +1.002048
6618.983405 +1.002744
6619.087140 +0.998520
6619.190874 +0.999153
6619.294608 +1.004211
6619.398343 +1.001074
6619.502077 +1.003695
6619.605812 +1.000242
6619.709546 +0.999084
6619.813281 +1.000812
6619.917015 +1.001430
6620.020750 +1.004127
6620.124484 +1.005306
6620.228218 +1.020957
6620.331953 +1.059507
6620.435687 +1.090583
6620.539422 +1.073995
6620.643156 +1.042696
6620.746891 +1.041553
6620.850625 +1.019909
6620.954360 +0.998172
6621.058094 +0.997763
6621.161828 +0.992248
6621.265563 +0.991732
6621.369297 +0.995568
6621.473032 +0.993641
6621.576766 +0.993962
6621.680501 +0.998498
6621.784235 +0.995806
6621.887970 +0.993383
6621.991704 +0.995847
6622.095438 +0.993572
6622.199173 +0.988173
6622.302907 +0.988912
6622.406642 +0.989588
6622.510376 +0.989929
6622.614111 +0.994309
6622.717845 +0.995425
6622.821579 +0.991340
6622.925314 +0.990541
6623.029048 +0.989294
6623.132783 +0.986749
6623.236517 +0.987979
6623.340252 +0.992822
6623.443986 +0.990522
6623.547721 +0.986421
6623.651455 +0.987922
6623.755189 +0.985819
6623.858924 +0.979916
6623.962658 +0.982573
6624.066393 +0.985922
6624.170127 +0.984917
6624.273862 +0.983429
6624.377596 +0.983953
6624.481331 +0.986378
6624.585065 +0.983548
6624.688799 +0.981753
6624.792534 +0.981898
6624.896268 +0.981765
6625.000003 +0.982552
6625.103737 +0.979954
6625.207472 +0.977070
6625.311206 +0.978510
6625.414941 +0.978548
6625.518675 +0.983494
6625.622409 +0.984174
6625.726144 +0.978427
6625.829878 +0.977435
6625.933613 +0.982916
6626.037347 +0.982443
6626.141082 +0.978730
6626.244816 +0.981675
6626.348550 +0.982633
6626.452285 +0.982795
6626.556019 +0.980380
6626.659754 +0.975426
6626.763488 +0.975902
6626.867223 +0.977732
6626.970957 +0.980375
6627.074692 +0.984369
6627.178426 +0.984064
6627.282160 +0.986335
6627.385895 +0.988950
6627.489629 +0.985310
6627.593364 +0.982696
6627.697098 +0.984777
6627.800833 +0.986514
6627.904567 +0.985061
6628.008302 +0.985140
6628.112036 +0.986793
6628.215770 +0.985684
6628.319505 +0.984391
6628.423239 +0.985312
6628.526974 +0.984860
6628.630708 +0.985443
6628.734443 +0.985984
6628.838177 +0.986046
6628.941912 +0.985375
6629.045646 +0.983047
6629.149380 +0.985915
6629.253115 +0.986925
6629.356849 +0.983342
6629.460584 +0.983005
6629.564318 +0.982629
6629.668053 +0.981871
6629.771787 +0.982932
6629.875521 +0.981684
6629.979256 +0.977948
6630.082990 +0.975890
6630.186725 +0.974634
6630.290459 +0.972461
6630.394194 +0.968770
6630.497928 +0.967247
6630.601663 +0.971617
6630.705397 +0.974784
6630.809131 +0.968771
6630.912866 +0.964140
6631.016600 +0.965877
6631.120335 +0.961658
6631.224069 +0.957656
6631.327804 +0.959597
6631.431538 +0.957659
6631.535273 +0.952900
6631.639007 +0.954530
6631.742741 +0.955105
6631.846476 +0.956833
6631.950210 +0.955309
6632.053945 +0.951324
6632.157679 +0.953920
6632.261414 +0.952246
6632.365148 +0.948246
6632.468883 +0.949319
6632.572617 +0.951700
6632.676351 +0.953656
6632.780086 +0.954380
6632.883820 +0.950502
6632.987555 +0.945887
6633.091289 +0.947545
6633.195024 +0.948276
6633.298758 +0.945480
6633.402492 +0.947638
6633.506227 +0.953179
6633.609961 +0.954653
6633.713696 +0.952543
6633.817430 +0.951363
6633.921165 +0.950768
6634.024899 +0.949422
6634.128634 +0.950890
6634.232368 +0.953556
6634.336102 +0.951956
6634.439837 +0.951860
6634.543571 +0.953564
6634.647306 +0.954349
6634.751040 +0.955785
6634.854775 +0.953358
6634.958509 +0.955294
6635.062244 +0.960015
6635.165978 +0.959838
6635.269712 +0.960172
6635.373447 +0.961239
6635.477181 +0.962627
6635.580916 +0.966796
6635.684650 +0.967172
6635.788385 +0.965407
6635.892119 +0.969241
6635.995854 +0.969785
6636.099588 +0.970020
6636.203322 +0.976972
6636.307057 +0.980544
6636.410791 +0.979991
6636.514526 +0.977636
6636.618260 +0.978107
6636.721995 +0.978228
6636.825729 +0.978635
6636.929463 +0.985408
6637.033198 +0.984650
6637.136932 +0.984138
6637.240667 +0.986514
6637.344401 +0.983478
6637.448136 +0.985803
6637.551870 +0.991718
6637.655605 +0.989365
6637.759339 +0.981953
6637.863073 +0.982911
6637.966808 +0.986056
6638.070542 +0.989210
6638.174277 +0.994070
6638.278011 +0.992485
6638.381746 +0.989470
6638.485480 +0.991508
6638.589215 +0.992981
6638.692949 +0.989249
6638.796683 +0.986769
6638.900418 +0.991421
6639.004152 +0.994581
6639.107887 +0.992000
6639.211621 +1.008151
6639.315356 +1.010518
6639.419090 +0.990749
6639.522825 +0.989334
6639.626559 +0.989682
6639.730293 +0.989748
6639.834028 +0.985399
6639.937762 +0.981108
6640.041497 +0.977898
6640.145231 +0.977903
6640.248966 +0.975235
6640.352700 +0.973912
6640.456434 +0.977880
6640.560169 +0.974542
6640.663903 +0.974292
6640.767638 +0.977724
6640.871372 +0.976728
6640.975107 +0.976689
6641.078841 +0.972399
6641.182576 +0.968170
6641.286310 +0.970820
6641.390044 +0.972865
6641.493779 +0.971319
6641.597513 +0.971716
6641.701248 +0.972250
6641.804982 +0.971561
6641.908717 +0.974608
6642.012451 +0.971345
6642.116186 +0.967098
6642.219920 +0.971921
6642.323654 +0.970686
6642.427389 +0.968578
6642.531123 +0.969393
6642.634858 +0.966607
6642.738592 +0.968899
6642.842327 +0.968808
6642.946061 +0.965551
6643.049796 +0.968985
6643.153530 +0.968936
6643.257264 +0.969123
6643.360999 +0.971138
6643.464733 +0.966428
6643.568468 +0.962392
6643.672202 +0.965997
6643.775937 +0.970052
6643.879671 +0.969216
6643.983405 +0.966245
6644.087140 +0.964543
6644.190874 +0.967924
6644.294609 +0.968772
6644.398343 +0.967981
6644.502078 +0.970276
6644.605812 +0.970741
6644.709547 +0.967882
6644.813281 +0.963958
6644.917015 +0.963884
6645.020750 +0.970995
6645.124484 +0.976724
6645.228219 +0.973938
6645.331953 +0.968962
6645.435688 +0.969540
6645.539422 +0.973140
6645.643157 +0.976941
6645.746891 +0.980275
6645.850625 +0.980754
6645.954360 +0.979639
6646.058094 +0.978509
6646.161829 +0.979065
6646.265563 +0.981027
6646.369298 +0.983581
6646.473032 +0.988043
6646.576766 +0.990776
6646.680501 +0.992757
6646.784235 +0.992593
6646.887970 +0.992574
6646.991704 +0.996944
6647.095439 +0.995698
6647.199173 +0.992507
6647.302908 +0.994963
6647.406642 +0.992859
6647.510376 +0.990662
6647.614111 +0.993703
6647.717845 +0.995846
6647.821580 +0.995944
6647.925314 +0.996542
6648.029049 +0.998374
6648.132783 +0.997098
6648.236518 +0.994182
6648.340252 +0.993810
6648.443986 +0.992521
6648.547721 +0.994367
6648.651455 +0.999906
6648.755190 +1.001653
6648.858924 +0.998928
6648.962659 +0.997576
6649.066393 +0.996057
6649.170128 +0.996687
6649.273862 +0.998203
6649.377596 +0.996304
6649.481331 +0.997853
6649.585065 +0.999294
6649.688800 +0.999264
6649.792534 +0.999794
6649.896269 +1.001563
6650.000003 +1.000987
