HJD              Vmag     Imag
2450850.875390   8.1976   7.0938
2450850.881450   8.1970   7.0914
2450850.896340   8.2026   7.0883
2450851.872150   8.2224   7.1075
2450851.890060   8.2148   7.1027
2450852.869070   8.1860   7.0818
2450852.875120   8.1841   7.0814
2450855.867700   8.2106   7.1008
2450855.882620   8.2072   7.0995
2450856.861660   8.1984   7.0866
2450856.867700   8.1921   7.0889
2450856.903930   8.1883   7.0808
2450861.851250   8.1952   7.0887
2450861.865680   8.1825   7.0845
2450866.836780   8.1539   7.0728
2450867.835400   8.2098   7.1051
2450867.850090   8.2107   7.1017
2450867.912530   8.2129   7.1090
2450868.826450   8.2126   7.0986
2450868.863500   8.2109   7.0983
2450868.954680   8.1981   7.0896
2450872.819330   8.2082   7.1027
2450872.833810   8.2125   7.0980
2450872.893850   8.2123   7.1043
2450873.818560   8.1955   7.0844
2450873.833090   8.1907   7.0864
2450873.895460   8.1858   7.0793
2450874.814900   8.1993   7.1003
2450874.828750   8.2034   7.1010
2450874.885530   8.2038   7.1005
2450875.814530   8.2228   7.1095
2450875.881970   8.2228   7.1061
2450876.810610   8.1824   7.0828
2450876.824450   8.1815   7.0801
2450876.884600   8.1869   7.0883
2450877.806090   8.2106   7.0986
2450877.820440   8.2156   7.1056
2450877.878270   8.2159   7.1012
2450878.806940   8.1791   7.0822
2450880.800110   8.2088   7.0936
2450880.814990   8.2134   7.0982
2450880.868220   8.2063   7.0993
2450881.797220   8.1972   7.0923
2450881.874150   8.2060   7.0984
2450882.794130   8.2144   7.1006
2450882.809040   8.2148   7.1019
2450882.865430   8.2164   7.1016
2450883.792230   8.1827   7.0752
2450883.807200   8.1797   7.0780
2450883.895400   8.1841   7.0836
2450885.784920   8.1878   7.0808
2450885.856840   8.1833   7.0830
2450889.775480   8.1957   7.0853
2450889.790430   8.1973   7.0881
2450889.846890   8.1965   7.0946
2450891.768860   8.2117   7.0987
2450891.785060   8.2131   7.1060
2450891.838510   8.2106   7.0993
2450892.766110   8.2057   7.0943
2450892.779890   8.1999   7.0929
2450892.840110   8.1982   7.0905
2450893.765500   8.2197   7.1109
2450893.779370   8.2224   7.1120
2450893.838370   8.2252   7.1156
2450894.760330   8.2056   7.0944
2450894.774320   8.2066   7.0980
2450895.832470   8.1838   7.0847
2450896.755160   8.2158   7.1112
2450896.769200   8.2115   7.1083
2450896.827270   8.2118   7.1073
2450897.755230   8.1882   7.0852
2450897.769530   8.1858   7.0845
2450897.832050   8.1848   7.0851
2450898.749460   8.2303   7.1250
2450898.763670   8.2277   7.1280
2450900.746150   8.1949   7.0875
2450900.760490   8.1956   7.0896
2450900.846140   8.2011   7.0991
2450903.732200   8.2310   7.1198
2450903.777470   8.2216   7.1091
2450903.868130   8.2198   7.1096
2450904.736090   8.2055   7.0954
2450904.750080   8.2109   7.0978
2450904.835460   8.2041   7.0944
2450906.730800   8.2154   7.1030
2450906.744590   8.2174   7.1025
2450906.833020   8.2158   7.0998
2450907.725170   8.1810   7.0814
2450907.739550   8.1781   7.0753
2450907.828830   8.1846   7.0858
2450908.722170   8.2218   7.1149
2450908.736050   8.2201   7.1088
2450908.825430   8.2177   7.1048
2450909.718830   8.1959   7.0893
2450909.724860   8.1972   7.0884
2450909.795290   8.1910   7.0862
2450910.719290   8.2392   7.1240
2450910.734100   8.2410   7.1260
2450910.825180   8.2391   7.1259
2450911.713470   8.2150   7.1019
2450911.728300   8.2125   7.0952
2450911.834530   8.2079   7.0973
2450912.713190   8.1871   7.0883
2450912.719870   8.1884   7.0877
2450912.811440   8.1966   7.0926
2450913.709460   8.2239   7.1080
2450913.724400   8.2236   7.1138
2450913.816880   8.2186   7.1084
2450914.708920   8.1867   7.0830
2450914.723410   8.1843   7.0831
2450914.822280   8.1808   7.0838
2450915.699700   8.2478   7.1263
2450915.733350   8.2356   7.1308
2450915.821690   8.2335   7.1286
2450916.700530   8.1992   7.0914
2450916.714890   8.1995   7.0864
2450916.821140   8.1938   7.0875
2450917.697850   8.2060   7.0985
2450917.715990   8.2089   7.0981
2450917.797740   8.2225   7.1112
2450918.695250   8.2162   7.1040
2450918.712750   8.2166   7.1021
2450918.818730   8.2114   7.1015
2450919.694940   8.1785   7.0754
2450919.714250   8.1776   7.0800
2450919.812460   8.1823   7.0832
2450920.688810   8.2333   7.1192
2450920.818110   8.2271   7.1115
2450921.684900   8.1856   7.0803
2450921.721990   8.1827   7.0756
2450921.817690   8.1801   7.0755
2450922.681610   8.2377   7.1253
2450922.718960   8.2378   7.1248
2450922.814580   8.2383   7.1225
2450923.678360   8.2089   7.0930
2450923.716080   8.2036   7.0999
2450923.811290   8.2018   7.0907
2450924.674950   8.2099   7.1029
2450924.712110   8.2019   7.0956
2450924.807130   8.2073   7.1042
2450925.671900   8.2327   7.1189
2450925.713470   8.2282   7.1085
2450925.808420   8.2249   7.1152
2450926.672200   8.1874   7.0829
2450926.713280   8.1858   7.0788
2450926.808340   8.1798   7.0764
2450928.766460   8.1941   7.0839
2450929.662100   8.2315   7.1101
2450931.659040   8.1885   7.0843
2450931.715010   8.1925   7.0913
2450931.807070   8.1925   7.0920
2450933.657510   8.2056   7.0951
2450933.716800   8.1993   7.1028
2450933.801760   8.1945   7.0903
2450934.655660   8.2643   7.1445
2450934.711450   8.2444   7.1304
2450934.796290   8.2537   7.1327
2450935.663780   8.2045   7.0946
2450935.704900   8.1974   7.0924
2450935.780940   8.1918   7.0909
2450936.666840   8.1880   7.0895
2450936.714020   8.1921   7.0916
2450936.799890   8.2045   7.0976
2450937.666520   8.2107   7.1069
2450937.798710   8.2080   7.1090
2450938.821400   8.1774   7.0755
2450938.872360   8.1764   7.0775
2450941.842930   8.2263   7.1146
2450942.853900   8.1948   7.0853
2450943.840570   8.1723   7.0777
2450944.815420   8.2075   7.1023
2450944.856970   8.2103   7.1025
2450945.815650   8.1764   7.0773
2450946.720840   8.2136   7.1073
2450946.788930   8.2165   7.1080
2450947.809290   8.1979   7.0952
2450948.823040   8.1938   7.0897
2450951.775750   8.2126   7.1088
2450952.780520   8.1931   7.0946
2450953.668260   8.1915   7.0918
2450953.784090   8.1910   7.0968
2450955.722220   8.1441   7.0457
2450956.669540   8.2227   7.1122
2450956.722450   8.2161   7.1133
2450957.671340   8.2013   7.0797
2450957.727430   8.1671   7.0694
2450957.814080   8.1625   7.0656
2450959.669970   8.2171   7.1100
2450959.725950   8.1910   7.0876
2450959.808710   8.1802   7.0822
2450960.670310   8.1738   7.0862
2450960.726260   8.1763   7.0925
2450960.808940   8.1822   7.0820
2450961.666300   8.1975   7.0953
2450961.722220   8.1993   7.1053
2450961.804930   8.1968   7.1094
2450962.665550   8.1799   7.0760
2450963.719250   8.1998   7.1016
2450965.797010   8.1879   7.0829
2450966.664390   8.2096   7.0985
2450968.659860   8.1999   7.1013
2450968.711660   8.2032   7.0979
2450968.787160   8.2019   7.1018
2450969.709170   8.1767   7.0811
2450969.783310   8.1784   7.0762
2450970.665100   8.1914   7.0933
2450970.710380   8.1908   7.0958
2450972.669230   8.1878   7.0787
2450973.672260   8.2334   7.0960
2450973.722680   8.2147   7.1082
2450987.663080   8.2016   7.0993
2450989.730260   8.1595   7.0836
2450990.673160   8.1896   7.0915
2450991.673080   8.1838   7.0959
2450993.672890   8.1651   7.0530
2450996.673850   8.1697   7.0798
2451153.046830   8.1838   7.0958
2451156.036600   8.2026   7.1046
2451157.034300   8.1921   7.0985
2451160.024590   8.1711   7.0827
2451160.030620   8.1784   7.0827
2451161.020930   8.1958   7.0990
2451161.026940   8.1988   7.0978
2451161.041690   8.1988   7.0917
2451162.040310   8.1991   7.1055
2451164.013300   8.1930   7.1072
2451164.019340   8.1924   7.1030
2451168.002990   8.2048   7.0965
2451168.009050   8.2012   7.1021
2451169.024690   8.1904   7.0834
2451169.999510   8.1978   7.0959
2451170.016820   8.1921   7.0962
2451170.037460   8.1870   7.0885
2451171.994160   8.1796   7.0943
2451172.038190   8.1895   7.1003
2451172.993860   8.2076   7.0829
2451173.022220   8.2058   7.0966
2451173.036290   8.2098   7.0932
2451173.989020   8.2092   7.1219
2451174.006320   8.2076   7.1122
2451174.030210   8.2110   7.1109
2451175.006050   8.1940   7.0908
2451175.987300   8.2043   7.1080
2451176.015940   8.2028   7.1060
2451176.041610   8.2036   7.1156
2451176.984780   8.1736   7.0820
2451177.013220   8.1752   7.0839
2451177.038820   8.1758   7.0838
2451179.976140   8.2092   7.1114
2451180.004610   8.2128   7.1159
2451180.030180   8.2122   7.1155
2451180.973660   8.2115   7.1123
2451181.002280   8.2088   7.1070
2451181.027950   8.2075   7.1080
2451181.966320   8.1800   7.0921
2451181.986580   8.1816   7.0938
2451182.010330   8.1822   7.0905
2451182.967420   8.2048   7.1021
2451182.995800   8.1892   7.0705
2451183.021410   8.2011   7.0991
2451183.966140   8.1711   7.0785
2451183.994600   8.1765   7.0910
2451184.020170   8.1738   7.0845
2451185.960850   8.2005   7.1010
2451185.988170   8.1961   7.1041
2451186.011490   8.1951   7.0957
2451186.957470   8.1925   7.1039
2451186.985980   8.1913   7.1000
2451187.009300   8.1959   7.1009
2451187.949450   8.1781   7.0987
2451187.955490   8.2005   7.1083
2451187.970310   8.2011   7.1125
2451188.946790   8.1520   7.0690
2451188.967660   8.1589   7.0750
2451189.949840   8.1944   7.0986
2451189.969230   8.1944   7.1064
2451190.001670   8.1940   7.1075
2451191.944530   8.1966   7.0974
2451191.961600   8.1945   7.1016
2451191.985220   8.1920   7.1016
2451192.939490   8.2163   7.1273
2451193.939170   8.1633   7.0867
2451193.967960   8.1667   7.0957
2451193.993710   8.1655   7.0867
2451194.931900   8.1860   7.1086
2451194.952200   8.1859   7.1007
2451194.975980   8.1897   7.1041
2451195.933960   8.1498   7.0680
2451195.962490   8.1520   7.0709
2451196.932780   8.1884   7.0963
2451196.959240   8.1866   7.0944
2451196.984970   8.1806   7.0977
2451197.924230   8.2006   7.1101
2451197.944550   8.2054   7.1166
2451197.981420   8.2000   7.1075
2451198.924180   8.1735   7.0941
2451198.952650   8.1718   7.0891
2451198.978330   8.1759   7.0943
2451200.919630   8.1453   7.0647
2451200.934470   8.1358   7.0548
2451200.990290   8.1395   7.0612
2451201.913930   8.1775   7.0878
2451201.934280   8.1841   7.0910
2451201.980920   8.1834   7.0971
2451206.902650   8.1816   7.0962
2451206.919390   8.1866   7.0965
2451206.941690   8.1877   7.0929
2451207.900090   8.1397   7.0607
2451207.914880   8.1443   7.0642
2451208.896910   8.1776   7.0847
2451208.918320   8.1753   7.0908
2451208.961500   8.1795   7.0916
2451211.890720   8.1928   7.1050
2451211.968830   8.1737   7.0769
2451212.884240   8.1387   7.0609
2451212.896440   8.1295   7.0566
2451212.952130   8.1416   7.0669
2451213.883860   8.1752   7.0784
2451215.878390   8.1614   7.0750
2451215.884440   8.1578   7.0752
2451215.949030   8.1595   7.0758
2451216.874350   8.2040   7.1168
2451216.894570   8.2045   7.1203
2451216.954380   8.2039   7.1193
2451217.888940   8.1145   7.0597
2451218.871230   8.1700   7.0822
2451218.899560   8.1815   7.0922
2451218.949360   8.1797   7.0919
2451219.867140   8.1335   7.0580
2451219.887320   8.1313   7.0548
2451220.001790   8.1249   7.0514
2451222.858220   8.1468   7.0607
2451222.876250   8.1497   7.0612
2451222.936520   8.1495   7.0616
2451223.854970   8.1942   7.1019
2451223.875180   8.1941   7.0976
2451223.989700   8.1973   7.1069
2451224.875610   8.1269   7.0446
2451225.853710   8.1691   7.0836
2451225.882190   8.1635   7.0719
2451227.847200   8.1654   7.0851
2451227.862020   8.1645   7.0865
2451227.885490   8.1626   7.0786
2451228.846460   8.2090   7.1125
2451228.874970   8.2254   7.1159
2451228.900420   8.2172   7.1104
2451230.835990   8.1768   7.0903
2451230.856220   8.1882   7.0946
2451232.830630   8.1767   7.0877
2451232.850860   8.1836   7.0951
2451232.909130   8.1801   7.0879
2451233.830780   8.2096   7.1104
2451233.845600   8.2051   7.1124
2451233.905900   8.1964   7.1117
2451234.828440   8.1619   7.0739
2451235.822880   8.1999   7.1132
2451235.843150   8.2022   7.1066
2451235.901420   8.2148   7.1162
2451236.822000   8.1307   7.0549
2451236.843460   8.1249   7.0584
2451236.956520   8.1235   7.0556
2451237.817500   8.1803   7.0805
2451237.837770   8.1799   7.0877
2451237.949940   8.1820   7.0773
2451238.815160   8.1760   7.0927
2451238.835440   8.1663   7.0761
2451238.969150   8.1436   7.0620
2451239.813280   8.1774   7.0832
2451239.826580   8.1770   7.0992
2451239.966680   8.1771   7.0866
2451240.813900   8.2260   7.1256
2451240.825440   8.2218   7.1202
2451240.844380   8.2192   7.1213
2451246.795890   8.1659   7.0783
2451246.817820   8.1598   7.0812
2451248.794550   8.1348   7.0665
2451248.806250   8.1338   7.0627
2451248.825500   8.1298   7.0564
2451250.782660   8.1720   7.0882
2451250.794190   8.1665   7.0797
2451250.820570   8.1674   7.0874
2451251.783990   8.1670   7.0883
2451251.795540   8.1658   7.0817
2451251.814520   8.1692   7.0902
2451252.779450   8.2221   7.1306
2451252.790990   8.2259   7.1298
2451253.778740   8.1403   7.0709
2451253.790300   8.1427   7.0660
2451253.809270   8.1401   7.0698
2451256.766810   8.1602   7.0909
2451256.787110   8.1635   7.0819
2451256.918490   8.1602   7.0873
2451257.765160   8.2056   7.1140
2451257.786690   8.2045   7.1194
2451257.916140   8.1850   7.1000
2451258.762590   8.1611   7.0746
2451258.784190   8.1584   7.0783
2451258.898390   8.1621   7.0877
2451259.761700   8.1872   7.1019
2451259.790190   8.1959   7.0979
2451259.905730   8.2102   7.1103
2451260.755150   8.1478   7.0722
2451261.753090   8.1508   7.0599
2451261.773410   8.1487   7.0640
2451261.905270   8.1715   7.0804
2451262.751980   8.1868   7.0951
2451262.773520   8.1870   7.1186
2451262.893220   8.1666   7.0821
2451264.750730   8.2004   7.1115
2451264.779380   8.1992   7.1033
2451265.742810   8.1503   7.0696
2451265.763140   8.1526   7.0729
2451265.897140   8.1603   7.0811
2451266.740750   8.1579   7.0737
2451266.762350   8.1607   7.0728
2451266.877080   8.1708   7.0781
2451267.736840   8.1528   7.0698
2451267.755770   8.1482   7.0700
2451268.735590   8.1477   7.0684
2451268.757150   8.1478   7.0675
2451274.852420   8.1477   7.0769
2451275.828280   8.1501   7.0725
2451276.716360   8.1708   7.0785
2451277.711390   8.1507   7.0883
2451277.846670   8.1594   7.0771
2451278.706970   8.1039   7.0467
2451278.727280   8.1199   7.0566
2451278.854590   8.1517   7.0751
2451280.828050   8.1597   7.0876
2451282.696360   8.1745   7.0962
2451282.716640   8.1717   7.0930
2451283.693040   8.1694   7.0858
2451283.713300   8.1700   7.0904
2451283.839930   8.1710   7.0896
2451284.691020   8.1366   7.0670
2451284.711270   8.1400   7.0741
2451284.842040   8.1504   7.0693
2451285.687710   8.1645   7.0875
2451285.707970   8.1611   7.0832
2451285.834540   8.1607   7.0790
2451286.686980   8.1534   7.0744
2451286.708500   8.1530   7.0734
2451286.821740   8.1469   7.0736
2451287.684890   8.1705   7.0917
2451287.713210   8.1707   7.0940
2451287.811290   8.1617   7.0959
2451288.681600   8.1765   7.0953
2451288.703120   8.1740   7.0938
2451288.816340   8.1747   7.0911
2451289.678190   8.1534   7.0730
2451289.699650   8.1575   7.0774
2451290.704310   8.1665   7.0823
2451290.733710   8.1682   7.0826
2451290.835750   8.1665   7.0852
2451291.840340   8.1498   7.0852
2451292.736500   8.1741   7.0917
2451292.842270   8.1735   7.0916
2451293.668830   8.1594   7.0783
2451293.708770   8.1561   7.0747
2451293.823440   8.1530   7.0743
2451294.664910   8.1803   7.1032
2451294.700700   8.1836   7.1007
2451294.818520   8.1773   7.1012
2451295.665430   8.1573   7.0755
2451295.713170   8.1548   7.0721
2451295.813780   8.1597   7.0853
2451296.658890   8.1543   7.0783
2451296.697180   8.1599   7.0799
2451296.794510   8.1665   7.0832
2451297.656470   8.1741   7.0783
2451297.693590   8.1666   7.0857
2451299.666530   8.1691   7.0839
2451299.755370   8.1670   7.0767
2451299.837030   8.1634   7.0826
2451300.665120   8.1666   7.0955
2451300.711910   8.1660   7.0886
2451300.801370   8.1689   7.0875
2451301.666930   8.1668   7.0980
2451301.712290   8.1691   7.0945
2451303.671110   8.1672   7.0877
2451303.713420   8.1659   7.0852
2451303.815530   8.1711   7.0948
2451304.671770   8.1767   7.0945
2451304.714210   8.1792   7.0905
2451304.816630   8.1777   7.0966
2451305.672230   8.1658   7.0804
2451305.714610   8.1681   7.0907
2451305.816930   8.1673   7.0823
2451306.670370   8.1775   7.0941
2451306.712680   8.1747   7.0915
2451306.815160   8.1797   7.0925
2451307.669530   8.1695   7.0855
2451307.711750   8.1662   7.0894
2451307.814290   8.1633   7.0770
2451308.672500   8.1800   7.0891
2451308.723980   8.1763   7.0909
2451308.813900   8.1753   7.0880
2451309.673410   8.1794   7.0850
2451310.673540   8.1719   7.0859
2451310.725870   8.1746   7.0879
2451310.808010   8.1704   7.0881
2451311.670380   8.1766   7.0909
2451311.722700   8.1743   7.0899
2451312.667210   8.1530   7.0725
2451312.719730   8.1639   7.0837
2451312.802110   8.1645   7.0841
2451313.666270   8.1819   7.0979
2451313.718650   8.1791   7.0844
2451313.800820   8.1897   7.1025
2451314.666800   8.1619   7.0768
2451314.713940   8.1552   7.0743
2451314.796550   8.1537   7.0758
2451315.665390   8.1716   7.0887
2451315.712450   8.1748   7.0806
2451315.794570   8.1746   7.0865
2451316.667370   8.1686   7.0715
2451316.710980   8.1821   7.0928
2451316.793140   8.1746   7.0880
2451317.667870   8.1344   7.0480
2451317.711560   8.1429   7.0569
2451317.787850   8.1454   7.0552
2451318.668350   8.1746   7.0813
2451318.722450   8.1821   7.0878
2451318.798790   8.1748   7.0821
2451319.668780   8.1610   7.0826
2451319.722800   8.1447   7.0734
2451319.790750   8.1583   7.0772
2451320.669260   8.1712   7.0824
2451320.723470   8.1754   7.0842
2451320.815450   8.1760   7.0942
2451321.669650   8.1787   7.0906
2451321.723770   8.1818   7.0997
2451321.792070   8.1809   7.1026
2451322.667980   8.1839   7.0962
2451322.722200   8.1825   7.0934
2451322.786850   8.1825   7.1018
2451324.656290   8.1600   7.0815
2451324.685920   8.1529   7.0694
2451324.749220   8.1489   7.0570
2451325.674050   8.1871   7.0979
2451325.729650   8.1802   7.0894
2451325.805520   8.1876   7.1007
2451326.685380   8.1633   7.0882
2451326.761240   8.1394   7.0834
2451327.671580   8.1836   7.0933
2451327.728820   8.1839   7.1053
2451330.668150   8.1924   7.0995
2451330.730760   8.1841   7.0832
2451333.731400   8.1764   7.0903
2451333.786400   8.1712   7.0847
2451334.680310   8.1769   7.0942
2451334.731780   8.1866   7.1037
2451334.781840   8.1920   7.1087
2451335.680630   8.1894   7.0987
2451335.732190   8.1962   7.1025
2451335.782420   8.1965   7.1166
2451336.679470   8.1402   7.0660
2451336.729760   8.1439   7.0689
2451336.780060   8.1441   7.0770
2451337.676100   8.1887   7.0998
2451337.726450   8.1954   7.1063
2451337.776750   8.1951   7.1121
2451338.676420   8.1463   7.0703
2451338.735790   8.1438   7.0795
2451339.676760   8.1827   7.0807
2451339.729020   8.1821   7.0951
2451340.677070   8.2143   7.1174
2451340.729270   8.2073   7.1183
2451341.677290   8.1618   7.0776
2451341.729480   8.1623   7.0738
2451342.755810   8.2080   7.1085
2451348.671960   8.1475   7.0487
2451348.738660   8.1497   7.0658
2451349.688480   8.1936   7.0952
2451349.738690   8.1897   7.1013
2451350.677080   8.1470   7.0653
2451350.737340   8.1502   7.0613
2451351.695340   8.1857   7.0910
2451352.671330   8.2005   7.1038
2451352.713990   8.2045   7.1075
2451353.731410   8.1717   7.0861
2451354.674300   8.2108   7.1145
2451354.725260   8.2140   7.1146
2451355.673370   8.1424   7.0617
2451355.723290   8.1481   7.0699
2451360.672770   8.1275   7.0512
2451534.045600   8.2979   7.1754
2451536.015200   8.1916   7.0935
2451537.038680   8.3069   7.1876
2451538.014890   8.1776   7.0914
2451547.001310   8.2351   7.1387
2451548.038330   8.2109   7.1321
2451549.038520   8.2731   7.1632
2451551.033330   8.3147   7.2075
2451562.982960   8.3216   7.2056
2451581.037630   8.2285   7.1289
2451585.940420   8.2280   7.1214
2451591.053040   8.1923   7.0898
2451608.041060   8.2126   7.1105
2451617.778190   8.2420   7.1424
2451617.811380   8.2528   7.1496
2451618.804770   8.2974   7.1808
2451619.821990   8.2170   7.1173
2451619.852170   8.2049   7.1091
2451620.842450   8.3086   7.1831
2451621.946710   8.2223   7.1047
2451622.926380   8.3088   7.1823
2451626.942530   8.2146   7.1163
2451628.906900   8.2389   7.1254
2451630.888740   8.2624   7.1383
2451633.929900   8.2175   7.1162
2451634.935520   8.3222   7.1772
2451635.891930   8.2560   7.1455
2451637.886360   8.3017   7.1832
2451638.883210   8.2124   7.0977
2451639.899590   8.3074   7.1846
2451645.884320   8.2181   7.1184
2451646.878970   8.2876   7.1528
2451647.878530   8.2558   7.1143
2451649.860100   8.2767   7.1545
2451651.827760   8.3271   7.2067
2451652.829440   8.2351   7.1230
2451654.846390   8.2738   7.1460
2451656.857560   8.3178   7.2040
2451657.855970   8.2211   7.1165
2451658.860820   8.3152   7.1894
2451661.845000   8.2902   7.1695
2451662.841060   8.2225   7.1222
2451664.835950   8.2224   7.1155
2451665.841600   8.2779   7.1559
2451667.828040   8.2142   7.0980
2451669.831370   8.2406   7.1356
2451670.817380   8.3295   7.2108
2451675.805340   8.3445   7.2098
2451677.781930   8.2528   7.1354
2451678.772560   8.2602   7.1486
2451682.779250   8.2957   7.1671
2451683.792910   8.2112   7.1100
2451684.794280   8.2460   7.1243
2451694.803370   8.3228   7.2079
2451706.736300   8.3526   7.2126
2451883.044160   8.2332   7.1341
2451891.028550   8.3939   7.2526
2451899.001450   8.2863   7.1901
2451899.999250   8.2665   7.1668
2451901.000100   8.3912   7.2489
2451903.989450   8.2245   7.1127
2451908.978450   8.1724   7.0853
2451920.943330   8.1894   7.0863
2451947.872850   8.2132   7.1255
2451950.866910   8.3345   7.2046
2451952.860460   8.2540   7.1435
2451953.855850   8.3951   7.2521
2451956.850900   8.2368   7.1396
2451957.848070   8.2795   7.1721
2451959.840440   8.2287   7.1272
2451960.837280   8.4074   7.2505
2451961.838100   8.2108   7.1125
2451962.835500   8.3218   7.1948
2451972.807020   8.4176   7.2655
2451975.799140   8.3219   7.1862
2451977.791750   8.4121   7.2668
2451978.789520   8.2053   7.1213
2451980.786040   8.2556   7.1587
2451981.781390   8.2520   7.1398
2451984.772770   8.4121   7.2524
2451985.773020   8.2281   7.1340
2451986.768010   8.2951   7.1767
2451987.764070   8.3303   7.1955
2451988.761290   8.1922   7.0976
2451992.755640   8.2613   7.1609
2451992.808220   8.2560   7.1390
2451998.877280   8.3418   7.2044
2451999.731210   8.3517   7.2135
2452002.754390   8.2001   7.1178
2452006.717560   8.3755   7.2409
2452007.715350   8.1817   7.1030
2452008.709160   8.3943   7.2512
2452011.698430   8.3485   7.2162
2452012.696180   8.1999   7.1154
2452013.695540   8.3841   7.2474
2452014.741350   8.2064   7.1145
2452015.693020   8.3601   7.2190
2452016.690790   8.2908   7.1779
2452020.677020   8.3717   7.2283
2452023.667210   8.3605   7.2318
2452025.691490   8.3928   7.2496
2452027.708280   8.3551   7.2238
2452028.656940   8.3291   7.1925
2452029.656130   8.2395   7.1396
2452030.667850   8.3918   7.2502
2452031.672580   8.2079   7.1144
2452035.666050   8.3626   7.2130
2452035.835470   8.3289   7.1854
2452036.668110   8.2103   7.1220
2452037.668440   8.3810   7.2257
2452038.669070   8.2363   7.1273
2452041.658100   8.2394   7.1389
2452044.660690   8.3541   7.2150
2452045.657500   8.2904   7.1662
2452046.658040   8.3003   7.1739
2452047.658640   8.3853   7.2313
2452051.668330   8.3204   7.1924
2452053.667220   8.2507   7.1216
2452055.661600   8.2247   7.1053
2452058.669250   8.2897   7.1540
2452059.668080   8.3651   7.2254
2452061.696330   8.3860   7.2430
2452063.683090   8.3134   7.1827
2452064.682290   8.3105   7.1684
2452067.676450   8.2125   7.1134
2452068.703220   8.3626   7.2263
2452070.677310   8.2790   7.1460
2452073.667820   8.3897   7.2366
2452074.667550   8.2514   7.1302
2452075.666520   8.3068   7.1673
2452248.044260   8.3131   7.1884
2452250.045580   8.3299   7.1848
2452251.038730   8.3603   7.2059
2452251.045180   8.3550   7.2142
2452252.035570   8.3702   7.2147
2452252.041940   8.3612   7.2181
2452253.033020   8.3527   7.2105
2452253.039390   8.3528   7.2047
2452254.036930   8.3279   7.1982
2452258.019910   8.3625   7.2114
2452258.026290   8.3585   7.2090
2452264.003680   8.3516   7.2110
2452264.010050   8.3536   7.2137
2452264.999560   8.3384   7.1997
2452265.005940   8.3441   7.2091
2452265.999170   8.3188   7.1963
2452266.005540   8.3187   7.1947
2452266.996780   8.2909   7.1758
2452267.003180   8.2918   7.1722
2452267.999600   8.3293   7.1845
2452268.020330   8.3279   7.1943
2452268.990070   8.3318   7.1917
2452268.996460   8.3278   7.1810
2452269.994600   8.3478   7.2126
2452270.015320   8.3468   7.2021
2452270.989940   8.3416   7.2032
2452271.006040   8.3414   7.2056
2452277.972890   8.3237   7.1935
2452278.962190   8.3038   7.1751
2452278.968570   8.3045   7.1780
2452279.961010   8.3225   7.1885
2452279.967380   8.3304   7.1911
2452280.965420   8.3372   7.1925
2452280.986360   8.3346   7.1930
2452281.983810   8.3355   7.1971
2452282.952860   8.3415   7.2081
2452282.959220   8.3449   7.2068
2452287.946460   8.3566   7.2213
2452287.967200   8.3537   7.2117
2452288.936460   8.2988   7.1499
2452288.942850   8.3032   7.1699
2452296.916360   8.3027   7.1779
2452296.922730   8.3050   7.1780
2452299.906930   8.3235   7.1877
2452299.913310   8.3309   7.1816
2452311.878610   8.3604   7.2087
2452311.894740   8.3587   7.2062
2452312.875170   8.2611   7.1248
2452312.890560   8.2615   7.1334
2452313.871990   8.3174   7.1814
2452313.878380   8.3150   7.1713
2452314.868980   8.3024   7.1684
2452314.875360   8.2906   7.1604
2452315.865540   8.2646   7.1336
2452315.871910   8.2644   7.1330
2452316.866060   8.3400   7.1773
2452317.860490   8.2456   7.1249
2452317.866850   8.2461   7.1255
2452318.857060   8.3514   7.2028
2452318.863420   8.3516   7.2005
2452324.840210   8.2459   7.1355
2452324.846610   8.2454   7.1377
2452325.846440   8.3354   7.1907
2452325.867220   8.3387   7.1895
2452326.840230   8.2991   7.1756
2452326.856160   8.2961   7.1747
2452327.833160   8.2854   7.1566
2452327.839570   8.2852   7.1647
2452330.829850   8.3663   7.2126
2452335.812050   8.3771   7.2231
2452335.818420   8.3808   7.2244
2452336.807880   8.2736   7.1457
2452336.842660   8.2728   7.1464
2452337.807800   8.3294   7.1845
2452337.814180   8.3332   7.1873
2452338.803220   8.3086   7.1737
2452338.809590   8.3057   7.1734
2452344.786900   8.2956   7.1662
2452344.793260   8.2902   7.1595
2452345.785670   8.3163   7.1795
2452345.792040   8.3119   7.1624
2452346.786460   8.2451   7.1290
2452346.802570   8.2454   7.1336
2452347.779740   8.3613   7.2109
2452348.781520   8.2783   7.1445
2452348.797430   8.2636   7.1306
2452349.778890   8.3262   7.1920
2452351.773550   8.2681   7.1442
2452351.789680   8.2640   7.1444
2452352.811240   8.3402   7.1991
2452353.763690   8.2466   7.1272
2452353.798210   8.2456   7.1293
2452354.761820   8.3628   7.2114
2452354.768190   8.3587   7.2162
2452356.753450   8.2836   7.1532
2452356.759800   8.2856   7.1598
2452357.752500   8.3395   7.1912
2452357.758870   8.3417   7.1889
2452358.749470   8.2484   7.1378
2452358.755840   8.2424   7.1170
2452359.745660   8.3621   7.2071
2452359.752030   8.3563   7.1988
2452360.744270   8.2822   7.1208
2452362.869740   8.3256   7.1870
2452363.735810   8.2437   7.1258
2452364.732410   8.3465   7.1984
2452364.738770   8.3446   7.2021
2452365.732230   8.2449   7.1230
2452365.748030   8.2459   7.1283
2452367.724750   8.3106   7.1826
2452367.731120   8.3108   7.1775
2452368.721920   8.2469   7.1260
2452368.728300   8.2506   7.1368
2452371.713960   8.3376   7.1954
2452371.720330   8.3399   7.2083
2452372.787490   8.2611   7.1334
2452373.708740   8.2849   7.1568
2452373.739170   8.2951   7.1574
2452375.702810   8.2100   7.0943
2452375.737750   8.2133   7.0986
2452376.699860   8.3304   7.1832
2452378.698010   8.3095   7.1759
2452378.723820   8.3169   7.1802
2452379.693420   8.3192   7.1755
2452379.728150   8.3112   7.1804
2452380.690720   8.2392   7.1090
2452385.676250   8.2757   7.1508
2452385.711070   8.2901   7.1632
2452386.674320   8.3012   7.1590
2452386.709200   8.3093   7.1760
2452397.698330   8.2841   7.1569
2452398.650670   8.2899   7.1470
2452398.697770   8.2976   7.1656
2452399.646820   8.1865   7.0870
2452399.692880   8.1971   7.1057
2452400.690300   8.3022   7.1555
2452401.647870   8.2363   7.1009
2452401.689660   8.2347   7.1127
2452402.657850   8.3115   7.1487
2452402.686390   8.3170   7.1588
2452403.659400   8.3039   7.1583
2452403.685150   8.2947   7.1536
2452404.717200   8.2454   7.1315
2452404.760330   8.2598   7.1228
2452405.654660   8.3087   7.1517
2452405.686430   8.2938   7.1630
2452406.752960   8.2077   7.1005
2452408.659160   8.2380   7.1350
2452408.724910   8.2504   7.1307
2452411.648720   8.2048   7.1050
2452411.702010   8.2081   7.0924
2452412.700790   8.2863   7.1461
2452413.649320   8.2375   7.1268
2452413.698660   8.2249   7.1119
2452414.651920   8.2852   7.1447
2452414.696100   8.2904   7.1575
2452415.741630   8.2882   7.1605
2452415.776300   8.2710   7.1380
2452416.684190   8.2425   7.1133
2452417.689180   8.2843   7.1383
2452418.656130   8.2191   7.1212
2452418.689980   8.1904   7.0815
2452421.657570   8.2497   7.1284
2452421.704880   8.2727   7.1559
2452422.658200   8.3078   7.1585
2452422.700760   8.3103   7.1541
2452423.654420   8.2079   7.0944
2452424.654880   8.3000   7.1721
2452425.652550   8.2185   7.0895
2452429.657470   8.3066   7.1774
2452429.701230   8.3124   7.1672
2452430.704080   8.2079   7.0839
2452433.698950   8.2582   7.1022
2452435.692390   8.1762   7.0621
2452438.698390   8.2851   7.1532
2452442.703740   8.1912   7.0858
2452443.699120   8.3217   7.1792
2452447.660910   8.2403   7.1287
2452448.660840   8.3936   7.2432
2452454.660250   8.2091   7.1219
2452459.703140   8.2230   7.1000
2452460.699970   8.3431   7.1862
2452461.659910   8.2354   7.1202
2452616.042240   8.2272   7.1080
2452617.042230   8.2957   7.1605
2452618.036250   8.1849   7.0731
2452620.028990   8.2560   7.1332
2452620.035510   8.2529   7.1372
2452622.024350   8.3196   7.1829
2452622.041200   8.3134   7.1773
2452623.025250   8.2018   7.1043
2452625.019960   8.2169   7.1101
2452629.006440   8.3041   7.1655
2452629.022530   8.3122   7.1798
2452630.002100   8.1949   7.0923
2452630.008530   8.1906   7.0825
2452634.988380   8.2179   7.1054
2452634.994780   8.2151   7.1046
2452636.987860   8.2172   7.0985
2452637.019600   8.2144   7.1056
2452639.975380   8.2418   7.1241
2452639.981810   8.2370   7.1211
2452640.976520   8.2926   7.1616
2452640.993690   8.2932   7.1641
2452641.970180   8.1966   7.0985
2452641.976610   8.1986   7.0974
2452642.967420   8.2536   7.1393
2452642.973880   8.2553   7.1415
2452644.996430   8.2562   7.1341
2452645.962790   8.3193   7.1835
2452645.994160   8.3187   7.1814
2452649.948800   8.2503   7.1212
2452649.955230   8.2541   7.1391
2452650.946270   8.3028   7.1640
2452650.952730   8.3020   7.1724
2452651.964950   8.2316   7.0990
2452652.940940   8.3007   7.1685
2452652.947390   8.3036   7.1722
2452653.940490   8.1938   7.0938
2452653.958170   8.1899   7.0858
2452654.935430   8.2514   7.1327
2452654.941870   8.2493   7.1325
2452655.932800   8.2410   7.1189
2452661.917230   8.2361   7.1211
2452661.923660   8.2016   7.0932
2452662.920220   8.2901   7.1509
2452662.949620   8.2863   7.1499
2452664.909100   8.2989   7.1542
2452664.915510   8.3048   7.1567
2452665.909340   8.2060   7.0877
2452665.937790   8.2070   7.0833
2452666.909750   8.2582   7.1304
2452666.939380   8.2554   7.1229
2452667.900830   8.2394   7.1211
2452667.907290   8.2356   7.1221
2452668.899910   8.2194   7.1088
2452668.933450   8.2210   7.1062
2452669.896870   8.3048   7.1677
2452669.929820   8.3090   7.1717
2452670.898030   8.2049   7.0962
2452670.917070   8.1975   7.0775
2452671.890690   8.2657   7.1418
2452671.897100   8.2699   7.1408
2452673.887000   8.2194   7.1080
2452673.903100   8.2256   7.1170
2452677.876310   8.2078   7.1025
2452677.892470   8.2035   7.0962
2452680.906930   8.2119   7.1012
2452681.993400   8.3134   7.1774
2452686.871530   8.3056   7.1497
2452687.868890   8.2151   7.0906
2452690.842410   8.2237   7.1257
2452692.837460   8.2201   7.1083
2452692.871360   8.2175   7.1019
2452693.834890   8.3121   7.1665
2452693.864590   8.3120   7.1570
2452699.972820   8.2058   7.0936
2452700.007880   8.2118   7.1112
2452705.802690   8.3113   7.1841
2452705.832080   8.3080   7.1702
2452706.797320   8.1994   7.0872
2452706.803750   8.1991   7.0994
2452707.796370   8.2575   7.1413
2452707.829440   8.2660   7.1347
2452708.791010   8.2237   7.1074
2452708.825480   8.2225   7.1090
2452709.788600   8.2013   7.0934
2452709.795030   8.2069   7.0998
2452710.786650   8.2965   7.1536
2452711.783050   8.2030   7.0894
2452711.789470   8.2085   7.0981
2452713.780720   8.1976   7.0892
2452713.809130   8.1911   7.0868
2452718.776320   8.1987   7.0907
2452719.761870   8.2437   7.1339
2452719.768300   8.2531   7.1377
2452720.761490   8.2227   7.0873
2452720.779390   8.1959   7.1041
2452721.763830   8.1975   7.0989
2452722.756300   8.2864   7.1534
2452722.773900   8.2854   7.1528
2452723.787690   8.1945   7.0932
2452724.750760   8.2759   7.1522
2452724.782350   8.2758   7.1519
2452725.748720   8.2063   7.0892
2452725.766350   8.2118   7.0952
2452726.741060   8.2260   7.1196
2452726.747480   8.2260   7.1154
2452727.738910   8.2672   7.1374
2452727.745330   8.2600   7.1346
2452728.736350   8.2011   7.0885
2452728.760340   8.2022   7.0908
2452729.737420   8.3078   7.1657
2452729.769810   8.3048   7.1580
2452730.735130   8.2116   7.0884
2452730.752780   8.2072   7.0922
2452732.727270   8.2232   7.1102
2452732.762390   8.2261   7.1061
2452733.723120   8.2258   7.1206
2452733.729540   8.2237   7.1143
2452734.723330   8.2915   7.1553
2452734.739460   8.2905   7.1594
2452735.720220   8.2119   7.0966
2452735.737770   8.2058   7.0939
2452736.717280   8.2804   7.1538
2452736.751990   8.2864   7.1609
2452737.714160   8.2068   7.0980
2452737.753750   8.2096   7.1000
2452738.709920   8.2424   7.1156
2452738.746040   8.2470   7.1252
2452740.706920   8.2256   7.1043
2452740.742730   8.2158   7.0946
2452745.690950   8.2269   7.0944
2452745.726180   8.2362   7.1016
2452747.684970   8.2175   7.1048
2452747.715330   8.2069   7.0956
2452748.682920   8.2779   7.1514
2452748.705150   8.2800   7.1459
2452749.680370   8.2181   7.0958
2452749.708630   8.2122   7.1006
2452750.678190   8.2202   7.1065
2452750.708220   8.2273   7.1176
2452751.705590   8.2412   7.1214
2452752.672040   8.2045   7.1003
2452752.702010   8.2030   7.0906
2452753.669690   8.2874   7.1477
2452753.699750   8.2697   7.1303
2452754.666420   8.1723   7.0625
2452754.696720   8.2101   7.1015
2452755.747450   8.2495   7.1381
2452756.659370   8.2261   7.0889
2452758.691630   8.2755   7.1358
2452759.650740   8.2163   7.1019
2452760.651780   8.2509   7.1125
2452760.691910   8.2734   7.1456
2452761.727150   8.2118   7.0929
2452766.754810   8.2012   7.0859
2452766.792350   8.2201   7.0923
2452779.694210   8.2158   7.0801
2452784.689380   8.2519   7.1369
2452786.687140   8.2165   7.0988
2452790.764910   8.1771   7.0721
2452815.737110   8.2879   7.1617
2452828.693650   8.2492   7.1207
2452978.047540   8.1929   7.0930
2452979.042710   8.1982   7.0878
2452985.029130   8.2031   7.0947
2452987.026560   8.2328   7.1090
2452988.019610   8.1564   7.0689
2452988.026060   8.1590   7.0744
2452990.015190   8.1942   7.0948
2452991.014530   8.1560   7.0667
2452993.008230   8.1291   7.0353
2452993.014690   8.1295   7.0525
2452995.010130   8.1754   7.0909
2452996.001650   8.1884   7.0862
2452996.019290   8.1922   7.0915
2452998.995530   8.2170   7.0947
2452999.013170   8.2207   7.1100
2452999.990240   8.1379   7.0449
2453000.038880   8.1325   7.0341
2453000.987330   8.1982   7.0895
2453000.993740   8.2003   7.1010
2453001.985770   8.1997   7.0955
2453002.001890   8.1976   7.0982
2453002.981070   8.1548   7.0733
2453002.987500   8.1550   7.0780
2453010.963930   8.2165   7.1143
2453010.981540   8.2156   7.1156
2453011.977810   8.1264   7.0495
2453013.973080   8.2012   7.1085
2453014.953990   8.1461   7.0595
2453014.970310   8.1568   7.0709
2453016.946380   8.1065   7.0290
2453016.963950   8.1082   7.0437
2453022.932150   8.1984   7.0961
2453022.949750   8.1977   7.1038
2453023.929450   8.1235   7.0428
2453023.959200   8.1202   7.0424
2453031.917020   8.1809   7.0774
2453032.905430   8.2299   7.1247
2453032.921630   8.2237   7.1191
2453033.927700   8.1180   7.0340
2453033.949140   8.1164   7.0256
2453034.899450   8.2216   7.1216
2453034.917060   8.2221   7.1112
2453037.888320   8.1972   7.0956
2453037.894750   8.2078   7.1043
2453040.908040   8.1201   7.0409
2453041.879030   8.2204   7.1074
2453041.894850   8.2214   7.1079
2453042.873770   8.1624   7.0737
2453042.880180   8.1602   7.0715
2453043.872810   8.1877   7.0867
2453043.879300   8.1941   7.0995
2453044.874990   8.2183   7.1249
2453045.865850   8.1310   7.0427
2453045.872250   8.1216   7.0460
2453046.870060   8.2217   7.1247
2453046.887940   8.2204   7.1170
2453047.862070   8.1254   7.0447
2453047.868490   8.1244   7.0546
2453048.857980   8.2195   7.1113
2453052.854530   8.1100   7.0357
2453060.827550   8.2028   7.0793
2453060.857390   8.2182   7.1038
2453061.824170   8.2336   7.1322
2453061.830620   8.2282   7.1245
2453062.820640   8.1602   7.1104
2453064.817520   8.1248   7.0492
2453064.839950   8.1288   7.0620
2453065.818090   8.2134   7.1079
2453065.847590   8.2182   7.1133
2453070.804280   8.2324   7.1204
2453070.821570   8.2984   7.1606
2453080.790620   8.2520   7.1308
2453081.770110   8.1284   7.0368
2453081.776540   8.1238   7.0437
2453082.768080   8.2451   7.1259
2453082.774510   8.2487   7.1258
2453086.758510   8.1406   7.0627
2453087.755830   8.2776   7.1545
2453087.771850   8.2881   7.1483
2453091.747110   8.1569   7.0672
2453091.763150   8.1401   7.0456
2453092.760340   8.2701   7.1414
2453093.740270   8.1246   7.0399
2453093.756300   8.1140   7.0158
2453094.741500   8.2424   7.1376
2453095.882260   8.1429   7.0416
2453095.918910   8.1402   7.0414
2453101.717110   8.2165   7.0939
2453101.723520   8.2191   7.1100
2453102.716530   8.2169   7.1050
2453103.709950   8.1212   7.0480
2453107.699090   8.2040   7.1050
2453107.734070   8.1802   7.0749
2453108.696200   8.1691   7.0716
2453108.702620   8.1612   7.0497
2453109.696850   8.2571   7.1204
2453110.692800   8.1481   7.0456
2453111.695850   8.2887   7.1490
2453114.698710   8.2510   7.1064
2453115.678510   8.1303   7.0239
2453116.709690   8.2716   7.1426
2453117.702590   8.1410   7.0557
2453120.686720   8.1417   7.0338
2453124.651640   8.1927   7.0612
2453124.695580   8.1610   7.0507
2453125.698090   8.1574   7.0506
2453126.648780   8.2370   7.1118
2453185.717090   8.1549   7.0274
2453343.046240   8.2703   7.1345
2453349.032020   8.2491   7.1290
2453349.038400   8.2641   7.1487
2453350.029260   8.2751   7.1511
2453350.035640   8.2613   7.1335
2453351.024940   8.2646   7.1499
2453351.031340   8.2684   7.1502
2453352.023460   8.2935   7.1626
2453352.029850   8.2877   7.1541
2453353.024610   8.2614   7.1417
2453353.040700   8.2637   7.1409
2453354.018490   8.2869   7.1666
2453354.024880   8.2839   7.1675
2453355.016650   8.2522   7.1323
2453355.023050   8.2627   7.1489
2453356.013530   8.2813   7.1655
2453356.019960   8.2835   7.1734
2453360.998730   8.2667   7.1575
2453361.005130   8.2856   7.1689
2453364.993210   8.2760   7.1566
2453365.009210   8.2713   7.1559
2453367.986800   8.2707   7.1595
2453370.978830   8.2586   7.1582
2453371.969840   8.2501   7.1253
2453371.976230   8.2503   7.1285
2453378.954500   8.2096   7.0997
2453378.970760   8.2177   7.1055
2453379.968230   8.2751   7.1548
2453385.932950   8.2243   7.1072
2453386.930810   8.2872   7.1495
2453386.937220   8.2932   7.1620
2453387.931530   8.2598   7.1422
2453387.947600   8.2617   7.1404
2453388.928670   8.2286   7.1090
2453388.944830   8.2395   7.1252
2453389.926290   8.2941   7.1715
2453389.942300   8.2935   7.1695
2453393.912370   8.2611   7.1346
2453393.918760   8.2715   7.1402
2453395.910740   8.1952   7.0767
2453399.896870   8.2536   7.1280
2453399.903260   8.2028   7.0717
2453400.915060   8.2143   7.0877
2453402.889180   8.1794   7.0672
2453402.895570   8.1842   7.0794
2453403.914490   8.3065   7.1736
2453404.883450   8.2033   7.0887
2453404.889840   8.2252   7.1106
2453415.853350   8.2974   7.1614
2453415.859750   8.2869   7.1687
2453422.858020   8.2803   7.1693
2453429.816180   8.2423   7.1207
2453429.822590   8.2495   7.1331
2453430.813630   8.3168   7.1742
2453430.820020   8.3206   7.1803
2453432.808280   8.2974   7.1689
2453432.814670   8.3053   7.1723
2453437.795150   8.3227   7.1994
2453437.801540   8.3224   7.1887
2453438.792260   8.1425   7.0371
2453438.798680   8.1679   7.0700
2453439.789030   8.2852   7.1600
2453439.795410   8.2884   7.1550
2453440.787060   8.2326   7.1114
2453440.793470   8.2301   7.1119
2453441.807130   8.2328   7.1196
2453442.782900   8.3110   7.1795
2453442.789290   8.3105   7.1698
2453445.774010   8.1755   7.0638
2453445.780450   8.1850   7.0798
2453446.770910   8.2531   7.1301
2453446.777320   8.2581   7.1400
2453450.761260   8.1720   7.0745
2453450.783570   8.1634   7.0549
2453451.764020   8.2716   7.1417
2453451.784880   8.2721   7.1424
2453452.753490   8.2350   7.1132
2453452.759900   8.2327   7.1156
2453453.753440   8.2318   7.1130
2453453.769250   8.2367   7.1182
2453456.743640   8.2957   7.1555
2453456.750030   8.2910   7.1660
2453459.737580   8.2836   7.1507
2453459.753920   8.2846   7.1534
2453460.734940   8.1920   7.0864
2453460.767490   8.2054   7.0995
2453461.736770   8.3178   7.1691
2453461.765060   8.3167   7.1811
2453462.735080   8.1820   7.0796
2453462.765270   8.1785   7.0556
2453464.745600   8.2083   7.0829
2453464.772010   8.2059   7.0878
2453465.721480   8.2004   7.0969
2453465.737590   8.1937   7.0748
2453466.716470   8.3019   7.1632
2453466.722860   8.3005   7.1650
2453469.710000   8.1568   7.0573
2453469.740940   8.1551   7.0668
2453470.707150   8.2432   7.1290
2453470.723630   8.2503   7.1292
2453471.708790   8.2571   7.1319
2453471.726220   8.2521   7.1336
2453472.721140   8.1852   7.0853
2453474.699580   8.1523   7.0563
2453474.721860   8.1668   7.0704
2453475.691690   8.2677   7.1418
2453475.698100   8.2610   7.1446
2453476.694960   8.2233   7.1156
2453476.712670   8.2164   7.1050
2453477.685040   8.2216   7.1143
2453477.691430   8.2197   7.1159
2453478.684190   8.3180   7.1806
2453478.706310   8.3125   7.1760
2453479.682390   8.1775   7.0828
2453479.698320   8.1807   7.0780
2453480.696380   8.2923   7.1573
2453481.678220   8.1717   7.0707
2453481.694140   8.1809   7.0803
2453483.857580   8.2341   7.1224
2453485.665970   8.3180   7.1826
2453485.691910   8.3126   7.1843
2453487.659840   8.2692   7.1519
2453488.657710   8.2295   7.1201
2453488.687780   8.2274   7.1152
2453490.650040   8.3229   7.1817
2453490.685520   8.3199   7.1821
2453492.689970   8.3043   7.1709
2453493.653700   8.1818   7.0768
2453493.693040   8.1938   7.0825
2453494.691470   8.2526   7.1242
2453496.647560   8.2031   7.0904
2453499.649390   8.2734   7.1443
2453500.675590   8.2382   7.1191
2453501.653260   8.2477   7.1286
2453501.677790   8.2358   7.1172
2453502.669460   8.3300   7.1791
2453503.712570   8.1918   7.0644
2453504.687960   8.3058   7.1583
2453506.713560   8.2706   7.1445
2453506.759410   8.2630   7.1255
2453509.678620   8.3235   7.1772
2453509.707520   8.3180   7.1583
2453510.693180   8.1884   7.0718
2453512.687610   8.2457   7.1230
2453513.682620   8.2330   7.1083
2453514.656060   8.2999   7.1589
2453520.656880   8.2158   7.0860
2453520.712580   8.2278   7.1063
2453520.747660   8.2312   7.1018
2453521.696800   8.3179   7.1607
2453524.713700   8.2205   7.1146
2453525.699740   8.2365   7.1232
2453526.707060   8.3042   7.1653
2453527.707670   8.1976   7.0930
2453528.702830   8.3042   7.1653
2453529.654740   8.1850   7.0747
2453529.694180   8.1724   7.0603
2453530.683850   8.2448   7.1203
2453531.707830   8.2624   7.1342
2453532.692620   8.2223   7.1131
2453533.685320   8.3213   7.1738
2453534.700960   8.1738   7.0741
2453535.702410   8.2916   7.1549
2453537.656640   8.2251   7.1103
2453537.681670   8.2104   7.0966
2453538.694860   8.2843   7.1525
2453547.657550   8.2797   7.1316
2453548.686730   8.1445   7.0493
2453549.660710   8.2506   7.1350
2453549.716430   8.2457   7.1300
2453550.657430   8.2632   7.1373
2453551.711710   8.2045   7.0838
2453552.660760   8.3148   7.1684
2453552.711070   8.3234   7.1750
2453553.657180   8.1681   7.0533
2453556.700520   8.2197   7.1055
2453562.684310   8.2738   7.1378
2453565.680770   8.1552   7.0417
2453709.046400   8.2562   7.1366
2453711.041000   8.3456   7.2063
2453711.047420   8.3451   7.2011
2453721.050710   8.2494   7.1271
2453722.010350   8.2091   7.1045
2453722.016750   8.2121   7.1170
2453723.013980   8.3477   7.2087
2453725.004470   8.2759   7.1512
2453725.010860   8.2800   7.1629
2453726.000130   8.2440   7.1233
2453726.006540   8.2196   7.1131
2453726.998760   8.2054   7.1051
2453727.005170   8.2170   7.1172
2453730.002930   8.3404   7.2055
2453730.026580   8.3378   7.2060
2453731.998980   8.2475   7.1386
2453732.019740   8.2605   7.1576
2453733.018330   8.2813   7.1589
2453733.998890   8.2071   7.1088
2453734.980160   8.3537   7.2184
2453735.010630   8.3524   7.2239
2453736.012710   8.2130   7.1146
2453739.964970   8.3317   7.1987
2453739.981770   8.3220   7.1901
2453740.960450   8.2125   7.0985
2453740.966850   8.2127   7.1030
2453741.957770   8.3286   7.2043
2453741.964190   8.3436   7.2080
2453742.956070   8.2355   7.1307
2453742.962460   8.2283   7.1175
2453743.955980   8.2389   7.1393
2453743.988470   8.2476   7.1421
2453744.956150   8.2805   7.1577
2453744.986270   8.2809   7.1607
2453745.954460   8.2080   7.0979
2453745.985420   8.1982   7.1071
2453746.961090   8.3491   7.2096
2453747.942610   8.2265   7.1167
2453747.949020   8.2185   7.1129
2453748.954330   8.2762   7.1627
2453748.977950   8.2879   7.1651
2453750.953930   8.1979   7.1099
2453750.988650   8.2102   7.1094
2453752.929840   8.2124   7.1135
2453752.936260   8.2050   7.1007
2453753.944040   8.3221   7.1886
2453755.927160   8.2340   7.1305
2453757.920000   8.2091   7.1042
2453757.936380   8.2089   7.1074
2453758.914590   8.3262   7.2009
2453758.921000   8.3262   7.1980
2453761.906510   8.2542   7.1429
2453761.912900   8.2523   7.1458
2453765.901770   8.3072   7.1921
2453765.922930   8.3109   7.1923
2453766.891120   8.2413   7.1319
2453766.897510   8.2563   7.1449
2453767.888570   8.2056   7.1077
2453767.894980   8.2133   7.1204
2453768.886390   8.2572   7.1428
2453768.892780   8.2592   7.1510
2453769.903190   8.1941   7.1260
2453770.919300   8.3119   7.1862
2453772.894960   8.2757   7.1581
2453777.861800   8.2991   7.1698
2453777.868240   8.3027   7.1719
2453779.875040   8.1977   7.0867
2453781.854660   8.1971   7.0947
2453781.865330   8.2035   7.1001
2453782.852660   8.3161   7.1855
2453782.868950   8.2957   7.1727
2453786.841000   8.1696   7.0860
2453786.858110   8.1767   7.0828
2453788.835730   8.2342   7.1256
2453788.853300   8.2347   7.1272
2453790.877460   8.3044   7.1602
2453791.828190   8.2011   7.1138
2453791.844910   8.1959   7.1088
2453796.815520   8.2519   7.1409
2453796.832250   8.2550   7.1467
2453799.810960   8.2621   7.1532
2453803.794640   8.1961   7.0959
2453803.811530   8.1991   7.0875
2453808.779960   8.2404   7.1268
2453808.786400   8.2450   7.1265
2453811.772650   8.2443   7.1147
2453811.779080   8.2609   7.1451
2453815.788280   8.2091   7.1002
2453817.002660   8.2933   7.1633
2453819.836770   8.2900   7.1560
2453819.878470   8.2768   7.1444
2453827.730010   8.2081   7.1047
2453827.746830   8.1982   7.0893
2453831.715970   8.3013   7.1674
2453831.722390   8.2954   7.1581
2453832.720490   8.2388   7.1212
2453832.742200   8.2374   7.1198
2453834.707620   8.1624   7.0612
2453834.729170   8.1812   7.0724
2453838.696140   8.2807   7.1535
2453838.702560   8.2935   7.1628
2453840.753080   8.2332   7.1240
2453841.690380   8.2362   7.1207
2453841.713300   8.2241   7.0962
2453842.685990   8.2425   7.1361
2453842.707540   8.2250   7.1274
2453843.683300   8.2809   7.1506
2453843.704960   8.2994   7.1646
2453844.682600   8.2227   7.0968
2453844.709550   8.2352   7.1184
2453845.678770   8.2596   7.1419
2453845.709910   8.2700   7.1453
2453846.752730   8.2076   7.0954
2453849.697780   8.2333   7.1263
2453851.664120   8.2149   7.1045
2453852.660470   8.2206   7.1072
2453852.692560   8.2230   7.0992
2453854.688740   8.2236   7.1120
2453855.650310   8.2620   7.1390
2453856.685950   8.2335   7.1176
2453858.646260   8.2106   7.1061
2453858.682500   8.2064   7.1026
2453859.647520   8.1992   7.1041
2453859.683990   8.2099   7.0982
2453860.647310   8.2811   7.1429
2453860.682160   8.2670   7.1377
2453861.647970   8.2058   7.0861
2453861.682830   8.2241   7.1114
2453862.648250   8.2679   7.1363
2453862.680520   8.2805   7.1447
2453864.649300   8.2085   7.0960
2453864.673260   8.2016   7.0901
2453865.676010   8.2312   7.0907
2453867.651140   8.2987   7.1502
2453869.649540   8.2405   7.1106
2453869.668070   8.2494   7.1191
2453871.680730   8.1837   7.0705
2453871.710030   8.1850   7.0614
2453873.680180   8.1936   7.0827
2453874.647760   8.2757   7.1426
2453874.678820   8.2815   7.1443
2453874.738920   8.2788   7.1408
2453874.768430   8.2917   7.1639
2453875.651180   8.2346   7.1179
2453875.676920   8.2358   7.1075
2453876.650610   8.1929   7.0836
2453876.688840   8.1970   7.0846
2453878.651670   8.1752   7.0781
2453878.685280   8.1727   7.0740
2453879.656360   8.2708   7.1335
2453879.694600   8.2758   7.1420
2453880.655170   8.2350   7.1133
2453880.684450   8.2187   7.0974
2453881.655410   8.2382   7.1158
2453881.805880   8.2638   7.1344
2453882.656100   8.2232   7.1013
2453882.685500   8.2231   7.0984
2453883.656340   8.1617   7.0687
2453883.685690   8.1628   7.0673
2453884.654630   8.2706   7.1349
2453884.697900   8.2686   7.1383
2453885.654930   8.1912   7.0921
2453886.655210   8.2598   7.1160
2453886.694180   8.2730   7.1443
2453887.655800   8.2493   7.1292
2453887.694420   8.2458   7.1312
2453890.701240   8.1491   7.0467
2453895.663970   8.1474   7.0444
2453895.702110   8.1487   7.0512
2453896.659020   8.2495   7.1167
2453897.694270   8.1820   7.0783
2453898.662010   8.2788   7.1434
2453900.701690   8.2029   7.1009
2453902.662470   8.1554   7.0616
2453902.700450   8.1512   7.0613
2453903.752100   8.2845   7.1534
2453904.700580   8.2099   7.0949
2453905.700040   8.2397   7.1180
2453906.660930   8.2395   7.1268
2453907.660950   8.1285   7.0451
2453922.661640   8.2435   7.1227
2453922.697830   8.2536   7.1277
2454080.033940   8.1589   7.0685
2454082.025670   8.3438   7.1956
2454083.028830   8.0841   7.0096
2454084.025020   8.3873   7.2331
2454085.020900   8.1111   7.0333
2454085.037680   8.1044   7.0232
2454086.017180   8.2410   7.1213
2454086.047190   8.2785   7.1551
2454090.008300   8.0722   6.9966
2454091.003180   8.3423   7.2104
2454091.033290   8.3526   7.2147
2454093.994790   8.3443   7.2016
2454094.012020   8.3413   7.2043
2454094.993440   8.1075   7.0248
2454095.010290   8.0924   7.0036
2454095.990350   8.3692   7.2139
2454096.007170   8.3838   7.2281
2454103.002280   8.3283   7.1791
2454103.967110   8.1887   7.0777
2454103.973550   8.1922   7.0869
2454108.952770   8.1357   7.0453
2454116.971370   8.1909   7.0860
2454121.967760   8.2640   7.1443
2454128.903450   8.1860   7.0802
2454134.920100   8.2859   7.1550
2454140.868280   8.1732   7.0698
2454140.874710   8.1606   7.0592
2454143.863450   8.3205   7.1762
2454146.851640   8.3094   7.1547
2454146.858080   8.2846   7.1392
2454148.882840   8.3959   7.2331
2454150.893320   8.3372   7.1968
2454152.836870   8.1771   7.0687
2454152.843340   8.1938   7.0842
2454154.869580   8.1449   7.0546
2454155.830110   8.3522   7.2049
2454156.861560   8.1893   7.0749
2454157.825100   8.2309   7.0989
2454157.874140   8.2452   7.1176
2454160.821240   8.3646   7.2017
2454165.803320   8.3521   7.2019
2454165.851840   8.3435   7.1891
2454168.792060   8.1996   7.0980
2454168.798480   8.1996   7.0971
2454170.820160   8.2879   7.1615
2454171.786780   8.1641   7.0766
2454171.793220   8.1668   7.0814
2454172.787310   8.3801   7.2311
2454172.858620   8.3761   7.2306
2454173.783860   8.1757   7.0736
2454173.862130   8.1745   7.0760
2454174.782740   8.3062   7.1759
2454174.858630   8.3316   7.2000
2454175.780740   8.2592   7.1309
2454175.810820   8.2451   7.1177
2454176.781980   8.1951   7.0865
2454176.848410   8.2052   7.0895
2454177.866870   8.3400   7.1878
2454178.773000   8.1689   7.0712
2454179.767980   8.3361   7.1877
2454179.798240   8.3603   7.2173
2454184.758560   8.3645   7.2160
2454184.832740   8.3580   7.2078
2454185.753680   8.1764   7.0775
2454185.824700   8.1732   7.0745
2454188.772290   8.1793   7.0723
2454190.733980   8.1697   7.0657
2454191.741530   8.3478   7.1915
2454191.767000   8.3424   7.1907
2454193.726230   8.2442   7.1245
2454194.804240   8.2623   7.1355
2454198.711500   8.2973   7.1727
2454201.706780   8.3209   7.1914
2454201.798480   8.2978   7.1611
2454202.702850   8.1744   7.0891
2454205.717930   8.2415   7.1348
2454205.796820   8.2621   7.1434
2454206.691490   8.2825   7.1646
2454206.725340   8.2623   7.1442
2454209.915980   8.1895   7.0907
2454210.679120   8.2989   7.1678
2454210.761510   8.3212   7.1830
2454212.673180   8.2000   7.1076
2454213.746630   8.2970   7.1718
2454214.668370   8.1871   7.0857
2454214.750470   8.1842   7.0834
2454215.671580   8.3353   7.2019
2454215.763050   8.3404   7.1935
2454216.672140   8.2143   7.0881
2454217.672850   8.2316   7.1176
2454217.762730   8.2629   7.1366
2454218.848980   8.2559   7.1436
2454218.892290   8.2484   7.1332
2454220.848770   8.3212   7.1864
2454222.669590   8.3141   7.1660
2454224.669650   8.1869   7.0878
2454226.867920   8.1817   7.0713
2454227.693970   8.3349   7.1953
2454227.734910   8.3389   7.1975
2454228.694420   8.2088   7.0904
2454228.738740   8.2050   7.0900
2454229.662540   8.2527   7.1335
2454229.736650   8.2808   7.1591
2454230.703870   8.2541   7.1277
2454230.734750   8.2563   7.1321
2454231.707290   8.1968   7.0850
2454231.753820   8.2005   7.0930
2454232.701090   8.3410   7.1942
2454232.730390   8.3239   7.1833
2454236.697920   8.2323   7.1197
2454236.736800   8.2499   7.1218
2454237.690210   8.2961   7.1622
2454237.733130   8.2795   7.1509
2454238.691150   8.2012   7.0958
2454238.730020   8.2011   7.0943
2454239.687940   8.3509   7.2127
2454239.726860   8.3410   7.1956
2454240.692430   8.2231   7.1003
2454240.740090   8.2222   7.1005
2454241.681500   8.2794   7.1535
2454241.721930   8.2935   7.1614
2454242.680000   8.2553   7.1336
2454242.718900   8.2487   7.1321
2454243.682130   8.2120   7.1059
2454243.720800   8.2123   7.1060
2454244.716190   8.3152   7.1692
2454245.681780   8.2012   7.0916
2454245.725630   8.2118   7.0994
2454246.673970   8.3163   7.1686
2454247.667500   8.2185   7.0811
2454248.719850   8.2548   7.1370
2454249.728140   8.2612   7.1302
2454250.725960   8.2160   7.0955
2454251.687170   8.3287   7.1933
2454251.725220   8.3301   7.1858
2454257.722910   8.2126   7.1077
2454258.723790   8.3312   7.1856
2454258.780230   8.3369   7.1919
2454259.690760   8.2281   7.1059
2454259.728700   8.2311   7.1163
2454260.723400   8.2530   7.1400
2454260.777470   8.2749   7.1580
2454261.691020   8.2667   7.1364
2454261.729010   8.2653   7.1358
2454264.710890   8.2314   7.1157
2454265.693030   8.2925   7.1653
2454266.721660   8.2215   7.0920
2454268.693190   8.3280   7.1869
2454269.693560   8.2071   7.0919
2454269.752180   8.2211   7.1061
2454270.693800   8.3324   7.1921
2454270.745700   8.3568   7.2072
2454271.692100   8.2069   7.0881
2454272.741920   8.2768   7.1532
2454273.687710   8.2776   7.1376
2454273.740880   8.2790   7.1380
2454274.687580   8.2177   7.1142
2454274.736240   8.2495   7.1242
2454275.734200   8.3572   7.2065
2454278.687600   8.2344   7.1013
2454278.727750   8.2230   7.0948
2454284.686010   8.2789   7.1391
2454285.686110   8.2760   7.1465
2454441.041630   8.2752   7.1641
2454441.048080   8.2812   7.1669
2454449.022210   8.3233   7.1679
2454453.010030   8.2677   7.1379
2454454.013650   8.3184   7.1838
2454455.004720   8.3374   7.1873
2454456.999110   8.3361   7.1804
2454457.005540   8.3819   7.2227
2454458.002120   8.2341   7.1022
2454458.994630   8.3761   7.2129
2454459.001070   8.3768   7.2164
2454459.990020   8.3095   7.1613
2454459.996460   8.3168   7.1775
2454460.991880   8.3185   7.1757
2454462.988150   8.2188   7.0721
2454464.981370   8.2651   7.1398
2454466.001140   8.3737   7.2124
2454474.955780   8.2593   7.1380
2454475.947830   8.3703   7.2226
2454475.954280   8.3682   7.2170
2454476.949330   8.2676   7.1458
2454476.976500   8.2536   7.1314
2454477.944200   8.3494   7.1848
2454477.950660   8.3422   7.1902
2454478.942430   8.3576   7.2087
2454478.969040   8.3544   7.2005
2454480.943430   8.3918   7.2425
2454483.926920   8.3107   7.1768
2454483.933350   8.3138   7.1825
2454485.925690   8.3820   7.2225
2454495.896620   8.3067   7.1659
2454496.930790   8.3289   7.1785
2454498.888290   8.2275   7.1012
2454498.894710   8.2134   7.1005
2454499.885780   8.4017   7.2539
2454499.892240   8.4073   7.2498
2454503.876880   8.2499   7.1272
2454503.905790   8.2761   7.1482
2454504.872720   8.3846   7.2312
2454504.879170   8.3946   7.2489
2454505.872380   8.2157   7.1125
2454505.904690   8.2099   7.1006
2454506.880840   8.3705   7.2276
2454506.904660   8.3778   7.2345
2454508.860680   8.3087   7.1842
2454509.861590   8.3723   7.2227
2454519.857330   8.2893   7.1718
2454520.831610   8.2946   7.1617
2454520.866470   8.3132   7.1836
2454521.827210   8.3946   7.2277
2454522.860310   8.2223   7.1046
2454523.823570   8.3889   7.2362
2454523.898430   8.3970   7.2562
2454524.818740   8.2271   7.1272
2454524.856210   8.2261   7.1233
2454525.851860   8.3371   7.2065
2454526.814100   8.3045   7.1884
2454527.809990   8.2129   7.1206
2454527.848120   8.2434   7.1373
2454529.811580   8.2126   7.1128
2454529.882890   8.2003   7.1048
2454531.801420   8.3062   7.1866
2454531.876220   8.2752   7.1530
2454532.801810   8.3083   7.1649
2454533.796160   8.4126   7.2653
2454533.870500   8.3973   7.2543
2454534.794290   8.2186   7.1153
2454534.904800   8.2269   7.1212
2454535.791570   8.4220   7.2716
2454535.865920   8.4265   7.2718
2454536.787280   8.2569   7.1418
2454536.822560   8.2542   7.1463
2454537.786000   8.3318   7.2027
2454537.860410   8.3470   7.2071
2454539.783940   8.2427   7.1220
2454539.854960   8.2572   7.1389
2454540.852360   8.2449   7.1666
2454544.768170   8.2668   7.1343
2454544.784320   8.2778   7.1554
2454545.770300   8.4122   7.2524
2454545.782690   8.4210   7.2619
2454546.768690   8.2204   7.1056
2454548.754960   8.2507   7.1349
2454548.830670   8.2437   7.1179
2454550.747200   8.3588   7.2084
2454550.805830   8.3446   7.1972
2454538.789610   8.3699   7.2280
2454538.879430   8.3435   7.2155
2454538.952320   8.3215   7.1948
2454538.977330   8.3097   7.1769
2454552.749010   8.4435   7.2769
2454552.776690   8.4372   7.2737
2454553.745650   8.2332   7.1195
2454553.780550   8.2190   7.1048
2454554.744520   8.3719   7.2265
2454554.779370   8.3818   7.2323
2454555.741920   8.3076   7.1863
2454555.776890   8.2979   7.1833
2454556.764400   8.2761   7.1551
2454557.765330   8.4133   7.2598
2454559.729600   8.4133   7.2675
2454549.756580   8.3144   7.1723
2454559.759650   8.4240   7.2666
2454560.729020   8.2580   7.1514
2454560.762640   8.2463   7.1395
2454561.720150   8.3064   7.1831
2454561.771340   8.3225   7.1916
2454562.717430   8.3695   7.2221
2454562.755790   8.3513   7.2040
2454563.714280   8.2310   7.1157
2454563.770400   8.2391   7.1277
2454564.709430   8.4340   7.2630
2454564.761770   8.4364   7.2739
2454565.712800   8.2374   7.1265
2454565.818690   8.2276   7.1252
2454566.817070   8.3676   7.2117
2454567.701470   8.3178   7.1910
2454568.704790   8.2543   7.1302
2454568.810480   8.2704   7.1452
2454576.835750   8.4132   7.2574
2454577.678010   8.2450   7.1228
2454577.810520   8.2371   7.1129
2454579.679180   8.3189   7.1776
2454579.806710   8.2961   7.1646
2454580.670040   8.2277   7.1048
2454580.778490   8.2500   7.1212
2454581.670520   8.3892   7.2302
2454581.800520   8.3784   7.2271
2454583.771080   8.3852   7.2296
2454584.792440   8.2652   7.1376
2454586.749170   8.3268   7.1766
2454587.671010   8.2148   7.1114
2454587.724470   8.2262   7.1180
2454588.745500   8.3830   7.2427
2454588.807090   8.3799   7.2230
2454589.741490   8.2531   7.1137
2454591.772700   8.2993   7.1662
2454592.674140   8.2284   7.1123
2454592.730960   8.2341   7.1182
2454594.662670   8.2308   7.1070
2454596.677020   8.2836   7.1540
2454596.732930   8.2779   7.1526
2454611.750350   8.2303   7.1190
2454616.727360   8.2316   7.1141
2454611.812270   8.2230   7.1116
2454612.705970   8.3272   7.1931
2454612.739860   8.3290   7.1822
2454613.706410   8.2812   7.1474
2454613.745670   8.2718   7.1369
2454614.703970   8.2955   7.1606
2454614.743240   8.2943   7.1547
2454615.704570   8.3076   7.1789
2454615.741200   8.3075   7.1606
2454617.696010   8.3337   7.1917
2454617.735310   8.3005   7.1617
2454618.734250   8.2596   7.1402
2454619.681820   8.3240   7.1951
2454620.727830   8.3075   7.1688
2454621.693080   8.2598   7.1331
2454621.728410   8.2739   7.1663
2454622.728580   8.2982   7.1747
2454629.683100   8.3088   7.1801
2454630.698910   8.2656   7.1128
2454631.656530   8.3199   7.1794
2454631.703450   8.3308   7.1848
2454632.695120   8.3326   7.1888
2454640.723740   8.2345   7.1217
2454640.742590   8.2177   7.0980
2454643.701340   8.3180   7.2070
2454643.729750   8.3026   7.1722
2454830.980670   8.2021   7.1026
2454831.974610   8.3256   7.2078
2454831.981060   8.3214   7.2077
2454832.972890   8.2665   7.1503
2454832.989710   8.2715   7.1419
2454833.970620   8.2868   7.1600
2454833.997780   8.2843   7.1524
2454834.970210   8.2569   7.1543
2454839.003660   8.3229   7.1812
2454839.954350   8.2654   7.1464
2454839.989350   8.2822   7.1595
2454840.955640   8.2448   7.1124
2454842.948560   8.2134   7.1054
2454844.941540   8.2796   7.1520
2454845.938570   8.2867   7.1480
2454846.937080   8.2759   7.1518
2454846.949620   8.2639   7.1349
2454847.940540   8.2230   7.1102
2454847.963100   8.2164   7.1032
2454860.904400   8.2908   7.1681
2454863.892320   8.3048   7.1777
2454865.015690   8.2458   7.1292
2454865.886340   8.2784   7.1724
2454865.921130   8.2708   7.1669
2454866.881090   8.2639   7.1163
2454866.887520   8.2674   7.1365
2454867.909880   8.2948   7.1671
2454869.047510   8.2931   7.1597
2454869.907200   8.2577   7.1359
2454875.888980   8.3019   7.1613
2454876.982620   8.2511   7.1377
2454882.968440   8.2759   7.1381
2454883.835460   8.2735   7.1549
2454884.834000   8.2736   7.1583
2454888.829970   8.2512   7.1283
2454891.813570   8.2810   7.1563
2454891.950220   8.2793   7.1565
2454892.812620   8.3247   7.1896
2454892.943840   8.3123   7.1718
2454893.809780   8.2668   7.1518
2454893.816210   8.2695   7.1509
2454921.731810   8.2841   7.1709
2454921.881120   8.2943   7.1892
2454921.908340   8.2902   7.1865
2454922.728990   8.2886   7.1756
2454922.766470   8.2859   7.1787
2454923.728840   8.2651   7.1625
2454924.740500   8.2870   7.1759
2454924.857820   8.2939   7.1891
2454925.720300   8.2559   7.1494
2454925.729210   8.2544   7.1415
2454926.821430   8.2850   7.1567
2454928.859950   8.2906   7.1772
2454930.894690   8.2523   7.1443
2454933.934690   8.3110   7.1717
2454934.827180   8.3072   7.1815
2454937.845950   8.2437   7.1541
2454938.789540   8.2793   7.1735
2454938.823730   8.2841   7.1773
2454939.701600   8.2894   7.1860
2454939.811340   8.2771   7.1765
2454940.701780   8.2509   7.1451
2454940.807520   8.2707   7.1522
2454941.702530   8.3133   7.1964
2454941.808770   8.3212   7.1983
2454942.705950   8.2470   7.1509
2454942.861960   8.2720   7.1672
2454942.908670   8.2883   7.1766
2454943.785180   8.3174   7.1787
2454944.700580   8.2812   7.1776
2454944.804280   8.2828   7.1804
2454945.800280   8.2937   7.1731
2454947.680570   8.2437   7.1496
2454948.692890   8.3340   7.1921
2454950.753750   8.3111   7.1849
2454950.797250   8.2947   7.1495
2454951.759310   8.3173   7.2024
2454951.803120   8.2895   7.1968
2454952.749420   8.2752   7.1541
2454958.731470   8.3199   7.2008
2454959.736060   8.2191   7.1210
2454959.782290   8.2406   7.1114
2454960.737200   8.3540   7.2029
2454960.778770   8.3374   7.1857
2454961.766770   8.2224   7.1145
2454962.727810   8.3218   7.1876
2454965.738720   8.3386   7.2104
2454974.740300   8.3088   7.1770
2454974.775560   8.3125   7.1855
2454975.732790   8.2944   7.1690
2454975.768070   8.2691   7.1464
2454976.768300   8.2403   7.1338
2454977.733720   8.3434   7.2366
2454979.759610   8.3403   7.2072
2454982.708740   8.3514   7.2304
2454983.753890   8.1990   7.1091
2455172.044330   8.3830   7.2520
2455176.030240   8.1855   7.1114
2455176.036720   8.1852   7.1057
2455178.025120   8.2370   7.1468
2455178.031590   8.2324   7.1397
2455184.010670   8.3651   7.2330
2455184.026090   8.3649   7.2467
2455185.010760   8.2722   7.1743
2455185.026580   8.2743   7.1814
2455186.006700   8.3007   7.1957
2455186.022130   8.3083   7.1992
2455189.992010   8.2446   7.1531
2455189.998480   8.2449   7.1504
2455191.987200   8.3036   7.1884
2455191.993680   8.3026   7.1848
2455195.975720   8.3623   7.2390
2455195.982200   8.3601   7.2357
2455197.971180   8.2972   7.1909
2455197.977650   8.2977   7.1775
2455198.968550   8.3045   7.1799
2455198.975020   8.3056   7.1766
2455199.966680   8.2028   7.1084
2455199.973150   8.2017   7.1135
2455201.960670   8.2588   7.1458
2455201.967140   8.2549   7.1428
2455202.960250   8.3352   7.2218
2455202.976090   8.3390   7.2232
2455203.957260   8.3004   7.1673
2455203.973070   8.3019   7.1811
2455204.951490   8.2563   7.1664
2455204.957960   8.2566   7.1642
2455208.941520   8.2962   7.1847
2455208.947990   8.2928   7.1864
2455210.017860   8.3250   7.2253
2455211.935150   8.2208   7.1356
2455211.941640   8.2141   7.1342
2455213.934510   8.2421   7.1518
2455221.907670   8.3389   7.1988
2455221.914140   8.3203   7.2082
2455236.869820   8.3281   7.2182
2455236.885320   8.3254   7.2098
2455237.867140   8.2842   7.1835
2455240.986180   8.3158   7.2087
2455241.032730   8.3193   7.1997
2455241.986640   8.2961   7.1853
2455242.033090   8.2885   7.1671
2455242.981710   8.2586   7.1555
2455243.025220   8.2586   7.1501
2455243.971020   8.3284   7.2000
2455244.976550   8.2897   7.1829
2455245.023040   8.2808   7.1674
2455245.970400   8.3484   7.2296
2455247.970100   8.2785   7.1716
2455253.953490   8.2758   7.1698
2455258.932600   8.2784   7.1684
2455258.967010   8.2718   7.1559
2455259.934690   8.2703   7.1589
2455259.981220   8.2819   7.1744
2455260.930960   8.2861   7.1760
2455260.977670   8.2755   7.1626
2455267.790380   8.3295   7.2256
2455267.886250   8.3130   7.2048
2455268.787610   8.2784   7.1752
2455268.830250   8.2791   7.1667
2455269.785020   8.3339   7.2260
2455269.880890   8.3465   7.2334
2455271.805420   8.2603   7.1631
2455271.831450   8.2632   7.1667
2455272.803120   8.3104   7.1961
2455272.873990   8.2946   7.1802
2455273.800420   8.2672   7.1702
2455273.871250   8.2634   7.1623
2455274.797470   8.3525   7.2328
2455274.864990   8.3496   7.2343
2455275.795330   8.2809   7.1724
2455275.866170   8.2807   7.1694
2455276.792710   8.2898   7.1922
2455276.863470   8.3097   7.2105
2455278.788150   8.2425   7.1283
2455280.784900   8.2907   7.1679
2455280.855620   8.2914   7.1740
2455281.778350   8.3347   7.2068
2455281.824530   8.3439   7.2216
2455282.763740   8.2621   7.1550
2455282.844970   8.2667   7.1587
2455283.763050   8.2671   7.1623
2455283.846880   8.2768   7.1759
2455284.762400   8.2873   7.1673
2455284.792380   8.2830   7.1694
2455286.764980   8.3384   7.2163
2455286.832630   8.3396   7.2139
2455290.760060   8.2736   7.1573
2455290.830990   8.2752   7.1725
2455291.822560   8.3046   7.1962
2455292.749130   8.2879   7.1795
2455293.746070   8.3323   7.2206
2455293.816800   8.3377   7.2236
2455294.764600   8.2583   7.1462
2455294.824670   8.2632   7.1573
2455295.765980   8.2849   7.1844
2455295.845870   8.2941   7.1806
2455296.818830   8.2719   7.1729
2455297.758320   8.2831   7.1669
2455297.831420   8.2795   7.1752
