#  puvul.273  455147.56699  120.0
#     wave       flux
   3467.74365   3.98647E-14
   3469.21777   4.69827E-14
   3470.69214   5.15994E-14
   3472.16626   3.78323E-14
   3473.64038   4.86839E-14
   3475.11475   4.35663E-14
   3476.58887   4.47853E-14
   3478.06299   4.56914E-14
   3479.53711   4.33652E-14
   3481.01147   4.21260E-14
   3482.48560   3.33096E-14
   3483.95972   4.25395E-14
   3485.43408   4.82621E-14
   3486.90820   4.23845E-14
   3488.38232   3.56597E-14
   3489.85669   5.66903E-14
   3491.33081   5.49185E-14
   3492.80493   5.00384E-14
   3494.27905   4.65673E-14
   3495.75342   5.11640E-14
   3497.22754   5.45622E-14
   3498.70166   4.58208E-14
   3500.17603   4.74257E-14
   3501.65015   4.24765E-14
   3503.12427   5.04162E-14
   3504.59863   4.50603E-14
   3506.07275   4.01743E-14
   3507.54688   5.12491E-14
   3509.02124   4.65663E-14
   3510.49536   4.09639E-14
   3511.96948   4.48459E-14
   3513.44360   3.87701E-14
   3514.91797   3.68654E-14
   3516.39209   4.47364E-14
   3517.86621   4.63337E-14
   3519.34058   4.08454E-14
   3520.81470   4.25369E-14
   3522.28882   4.38296E-14
   3523.76318   3.84535E-14
   3525.23730   4.30828E-14
   3526.71143   4.75278E-14
   3528.18579   4.44680E-14
   3529.65991   4.22117E-14
   3531.13403   4.35208E-14
   3532.60815   5.03586E-14
   3534.08252   4.45488E-14
   3535.55664   3.81119E-14
   3537.03076   3.48604E-14
   3538.50513   3.83434E-14
   3539.97925   4.27036E-14
   3541.45337   4.00813E-14
   3542.92773   4.23295E-14
   3544.40186   4.64521E-14
   3545.87598   4.03961E-14
   3547.35010   4.10647E-14
   3548.82446   3.76028E-14
   3550.29858   4.26635E-14
   3551.77271   4.14543E-14
   3553.24707   5.22343E-14
   3554.72119   4.54289E-14
   3556.19531   4.45071E-14
   3557.66968   4.71553E-14
   3559.14380   3.93577E-14
   3560.61792   3.74233E-14
   3562.09229   4.27993E-14
   3563.56641   4.61612E-14
   3565.04053   4.61396E-14
   3566.51465   4.44742E-14
   3567.98901   4.59987E-14
   3569.46313   3.65284E-14
   3570.93726   4.05391E-14
   3572.41162   4.09938E-14
   3573.88574   3.57801E-14
   3575.35986   4.83400E-14
   3576.83423   3.52796E-14
   3578.30835   3.93385E-14
   3579.78247   4.17697E-14
   3581.25659   5.20877E-14
   3582.73096   9.68412E-14
   3584.20508   1.91345E-13
   3585.67920   2.62879E-13
   3587.15356   2.30535E-13
   3588.62769   1.50154E-13
   3590.10181   8.69712E-14
   3591.57617   5.10913E-14
   3593.05029   4.18834E-14
   3594.52441   4.01238E-14
   3595.99878   3.78686E-14
   3597.47290   4.18430E-14
   3598.94702   4.05153E-14
   3600.42114   3.76073E-14
   3601.89551   4.28688E-14
   3603.36963   4.24252E-14
   3604.84375   4.18146E-14
   3606.31812   4.51028E-14
   3607.79224   3.90867E-14
   3609.26636   3.87603E-14
   3610.74072   3.76559E-14
   3612.21484   4.06416E-14
   3613.68896   3.92065E-14
   3615.16333   3.86149E-14
   3616.63745   4.41957E-14
   3618.11157   4.14718E-14
   3619.58569   3.25007E-14
   3621.06006   4.00170E-14
   3622.53418   4.17001E-14
   3624.00830   3.97104E-14
   3625.48267   3.52257E-14
   3626.95679   3.56123E-14
   3628.43091   4.02683E-14
   3629.90527   3.56159E-14
   3631.37939   4.31681E-14
   3632.85352   4.11823E-14
   3634.32764   4.41694E-14
   3635.80200   4.69131E-14
   3637.27612   3.82627E-14
   3638.75024   2.11232E-14
   3640.22461   3.44962E-14
   3641.69873   4.22438E-14
   3643.17285   4.11380E-14
   3644.64722   3.69550E-14
   3646.12134   3.99863E-14
   3647.59546   3.73802E-14
   3649.06982   4.01640E-14
   3650.54395   4.39296E-14
   3652.01807   3.44928E-14
   3653.49219   3.92534E-14
   3654.96655   3.86831E-14
   3656.44067   3.41441E-14
   3657.91479   4.52344E-14
   3659.38916   4.73756E-14
   3660.86328   5.04686E-14
   3662.33740   5.53853E-14
   3663.81177   4.63869E-14
   3665.28589   4.49698E-14
   3666.76001   3.72869E-14
   3668.23438   3.80166E-14
   3669.70850   3.86910E-14
   3671.18262   3.84624E-14
   3672.65674   3.68056E-14
   3674.13110   3.47224E-14
   3675.60522   3.30296E-14
   3677.07935   3.75757E-14
   3678.55371   3.93133E-14
   3680.02783   2.98515E-14
   3681.50195   3.06401E-14
   3682.97632   2.83472E-14
   3684.45044   3.33993E-14
   3685.92456   3.72432E-14
   3687.39868   3.44452E-14
   3688.87305   3.20474E-14
   3690.34717   3.31923E-14
   3691.82129   2.93271E-14
   3693.29565   2.66970E-14
   3694.76978   3.43689E-14
   3696.24390   3.47603E-14
   3697.71826   3.29440E-14
   3699.19238   2.53764E-14
   3700.66650   3.15111E-14
   3702.14087   3.59613E-14
   3703.61499   4.21662E-14
   3705.08911   3.83020E-14
   3706.56323   3.04685E-14
   3708.03760   2.84303E-14
   3709.51172   3.34287E-14
   3710.98584   3.92108E-14
   3712.46021   4.08692E-14
   3713.93433   2.87400E-14
   3715.40845   2.59672E-14
   3716.88281   2.11905E-14
   3718.35693   3.44315E-14
   3719.83105   4.66493E-14
   3721.30518   6.26111E-14
   3722.77954   6.55471E-14
   3724.25366   7.75811E-14
   3725.72778   6.58842E-14
   3727.20215   5.78875E-14
   3728.67627   4.50356E-14
   3730.15039   3.37587E-14
   3731.62476   4.49056E-14
   3733.09888   4.42929E-14
   3734.57300   4.85737E-14
   3736.04736   4.00254E-14
   3737.52148   3.41630E-14
   3738.99561   2.47120E-14
   3740.46973   2.23241E-14
   3741.94409   1.93669E-14
   3743.41821   2.03054E-14
   3744.89233   2.16939E-14
   3746.36670   3.27149E-14
   3747.84082   4.79961E-14
   3749.31494   5.15423E-14
   3750.78931   4.66782E-14
   3752.26343   4.19998E-14
   3753.73755   5.41703E-14
   3755.21191   1.03284E-13
   3756.68604   2.40982E-13
   3758.16016   3.61496E-13
   3759.63428   3.40470E-13
   3761.10864   2.33304E-13
   3762.58276   1.03220E-13
   3764.05688   4.42332E-14
   3765.53125   2.50909E-14
   3767.00537   3.55921E-14
   3768.47949   5.42430E-14
   3769.95386   5.84201E-14
   3771.42798   4.38692E-14
   3772.90210   3.21512E-14
   3774.37622   2.79048E-14
   3775.85059   2.01304E-14
   3777.32471   1.88650E-14
   3778.79883   2.23365E-14
   3780.27319   2.59846E-14
   3781.74731   3.10993E-14
   3783.22144   2.94398E-14
   3784.69580   2.70520E-14
   3786.16992   2.21477E-14
   3787.64404   1.94154E-14
   3789.11841   2.26905E-14
   3790.59253   2.62076E-14
   3792.06665   2.63073E-14
   3793.54077   3.39378E-14
   3795.01514   5.74797E-14
   3796.48926   6.95495E-14
   3797.96338   6.03253E-14
   3799.43774   4.76899E-14
   3800.91187   3.34277E-14
   3802.38599   2.10080E-14
   3803.86035   2.21721E-14
   3805.33447   2.53839E-14
   3806.80859   2.23708E-14
   3808.28271   2.11127E-14
   3809.75708   2.23707E-14
   3811.23120   2.65145E-14
   3812.70532   2.85753E-14
   3814.17969   3.09489E-14
   3815.65381   3.10851E-14
   3817.12793   3.13911E-14
   3818.60229   4.03014E-14
   3820.07642   3.82125E-14
   3821.55054   2.80943E-14
   3823.02490   2.56722E-14
   3824.49902   2.22811E-14
   3825.97314   2.32599E-14
   3827.44727   1.93846E-14
   3828.92163   1.92670E-14
   3830.39575   2.94477E-14
   3831.86987   5.14612E-14
   3833.34424   7.60142E-14
   3834.81836   8.00866E-14
   3836.29248   7.26494E-14
   3837.76685   5.34077E-14
   3839.24097   3.88733E-14
   3840.71509   2.99182E-14
   3842.18945   2.16123E-14
   3843.66357   2.30696E-14
   3845.13770   2.29463E-14
   3846.61182   2.23629E-14
   3848.08618   2.28474E-14
   3849.56030   2.26963E-14
   3851.03442   2.14843E-14
   3852.50879   2.21772E-14
   3853.98291   2.29193E-14
   3855.45703   2.54431E-14
   3856.93140   2.84222E-14
   3858.40552   2.68534E-14
   3859.87964   2.32310E-14
   3861.35376   2.93217E-14
   3862.82812   3.85657E-14
   3864.30225   1.03382E-13
   3865.77637   2.78085E-13
   3867.25073   4.30298E-13
   3868.72485   4.13210E-13
   3870.19897   2.61499E-13
   3871.67334   1.20733E-13
   3873.14746   4.26240E-14
   3874.62158   2.29838E-14
   3876.09595   1.87125E-14
   3877.57007   1.64330E-14
   3879.04419   1.71137E-14
   3880.51831   1.88033E-14
   3881.99268   2.25035E-14
   3883.46680   2.77561E-14
   3884.94092   4.45666E-14
   3886.41528   8.73486E-14
   3887.88940   1.31464E-13
   3889.36353   1.29047E-13
   3890.83789   1.04252E-13
   3892.31201   7.24188E-14
   3893.78613   5.08087E-14
   3895.26050   4.06187E-14
   3896.73462   3.01999E-14
   3898.20874   2.40822E-14
   3899.68286   2.22030E-14
   3901.15723   1.93193E-14
   3902.63135   1.83675E-14
   3904.10547   2.28909E-14
   3905.57983   2.36601E-14
   3907.05396   1.68693E-14
   3908.52808   1.86813E-14
   3910.00244   1.93504E-14
   3911.47656   2.04396E-14
   3912.95068   2.17041E-14
   3914.42480   1.97541E-14
   3915.89917   2.02694E-14
   3917.37329   1.75590E-14
   3918.84741   2.16113E-14
   3920.32178   1.96092E-14
   3921.79590   2.60783E-14
   3923.27002   2.98046E-14
   3924.74438   2.56721E-14
   3926.21851   2.08121E-14
   3927.69263   2.34027E-14
   3929.16699   2.26487E-14
   3930.64111   1.84388E-14
   3932.11523   1.86586E-14
   3933.58936   1.89921E-14
   3935.06372   1.92239E-14
   3936.53784   2.12953E-14
   3938.01196   2.35843E-14
   3939.48633   1.95206E-14
   3940.96045   1.76555E-14
   3942.43457   1.70804E-14
   3943.90894   1.85075E-14
   3945.38306   1.81245E-14
   3946.85718   1.69741E-14
   3948.33130   1.71225E-14
   3949.80566   1.84834E-14
   3951.27979   1.73290E-14
   3952.75391   1.66396E-14
   3954.22827   1.73575E-14
   3955.70239   2.13104E-14
   3957.17651   2.01156E-14
   3958.65088   1.84388E-14
   3960.12500   2.10220E-14
   3961.59912   2.68041E-14
   3963.07349   4.93342E-14
   3964.54761   1.03892E-13
   3966.02173   1.73467E-13
   3967.49585   2.07722E-13
   3968.97021   1.92883E-13
   3970.44434   1.37336E-13
   3971.91846   7.85162E-14
   3973.39282   4.22206E-14
   3974.86694   2.75055E-14
   3976.34106   2.09969E-14
   3977.81543   1.84643E-14
   3979.28955   1.82445E-14
   3980.76367   1.82989E-14
   3982.23804   2.11534E-14
   3983.71216   1.89766E-14
   3985.18628   1.72932E-14
   3986.66040   1.82991E-14
   3988.13477   2.00097E-14
   3989.60889   1.89801E-14
   3991.08301   1.88423E-14
   3992.55737   1.80069E-14
   3994.03149   1.80064E-14
   3995.50562   1.86208E-14
   3996.97998   1.74574E-14
   3998.45410   1.83367E-14
   3999.92822   2.08082E-14
   4001.40234   2.04898E-14
   4002.87671   1.95905E-14
   4004.35083   1.83225E-14
   4005.82495   1.64655E-14
   4007.29932   1.86252E-14
   4008.77344   2.14526E-14
   4010.24756   2.15455E-14
   4011.72192   1.85657E-14
   4013.19604   1.90547E-14
   4014.67017   1.92332E-14
   4016.14453   1.98067E-14
   4017.61865   1.77159E-14
   4019.09277   1.79965E-14
   4020.56689   1.93775E-14
   4022.04126   2.60375E-14
   4023.51538   3.59338E-14
   4024.98950   4.69762E-14
   4026.46387   4.45679E-14
   4027.93799   3.42448E-14
   4029.41211   2.44784E-14
   4030.88647   1.85802E-14
   4032.36060   1.77663E-14
   4033.83472   1.80066E-14
   4035.30884   1.78355E-14
   4036.78320   1.90523E-14
   4038.25732   1.78167E-14
   4039.73145   1.82943E-14
   4041.20581   1.78859E-14
   4042.67993   1.72231E-14
   4044.15405   1.82508E-14
   4045.62842   1.64309E-14
   4047.10254   1.74603E-14
   4048.57666   1.74486E-14
   4050.05103   1.51918E-14
   4051.52515   1.64163E-14
   4052.99927   1.78096E-14
   4054.47339   1.83659E-14
   4055.94775   1.75545E-14
   4057.42188   1.74079E-14
   4058.89600   1.70341E-14
   4060.37036   1.68569E-14
   4061.84448   1.78811E-14
   4063.31860   1.64498E-14
   4064.79297   2.23244E-14
   4066.26709   3.28584E-14
   4067.74121   4.20078E-14
   4069.21558   4.63519E-14
   4070.68970   4.26325E-14
   4072.16382   3.49221E-14
   4073.63794   2.73750E-14
   4075.11230   2.42025E-14
   4076.58643   2.17118E-14
   4078.06055   2.03739E-14
   4079.53491   1.88650E-14
   4081.00903   1.77614E-14
   4082.48315   1.82759E-14
   4083.95752   1.79789E-14
   4085.43164   1.70893E-14
   4086.90576   1.93603E-14
   4088.37988   2.00806E-14
   4089.85425   2.17839E-14
   4091.32837   2.10143E-14
   4092.80249   2.01710E-14
   4094.27686   2.99892E-14
   4095.75098   4.57410E-14
   4097.22510   6.91943E-14
   4098.69922   1.32251E-13
   4100.17334   2.07309E-13
   4101.64795   2.07356E-13
   4103.12207   1.59041E-13
   4104.59619   8.25974E-14
   4106.07031   3.87831E-14
   4107.54443   2.30934E-14
   4109.01855   1.87771E-14
   4110.49316   1.98975E-14
   4111.96729   1.94728E-14
   4113.44141   1.85904E-14
   4114.91553   2.08180E-14
   4116.38965   2.29388E-14
   4117.86377   2.12631E-14
   4119.33789   2.24745E-14
   4120.81250   2.45242E-14
   4122.28662   2.04089E-14
   4123.76074   2.12864E-14
   4125.23486   2.02873E-14
   4126.70898   1.99662E-14
   4128.18311   1.91195E-14
   4129.65771   1.78104E-14
   4131.13184   1.78845E-14
   4132.60596   1.73812E-14
   4134.08008   1.71970E-14
   4135.55420   1.65375E-14
   4137.02832   1.77687E-14
   4138.50244   1.64738E-14
   4139.97705   1.78832E-14
   4141.45117   2.38930E-14
   4142.92529   2.59148E-14
   4144.39941   2.40177E-14
   4145.87354   2.21942E-14
   4147.34766   1.72806E-14
   4148.82178   1.76269E-14
   4150.29639   1.84514E-14
   4151.77051   1.86926E-14
   4153.24463   1.95790E-14
   4154.71875   1.57503E-14
   4156.19287   1.71160E-14
   4157.66699   2.01495E-14
   4159.14160   1.79029E-14
   4160.61572   2.04301E-14
   4162.08984   1.92922E-14
   4163.56396   1.86220E-14
   4165.03809   1.89649E-14
   4166.51221   1.90302E-14
   4167.98633   1.80295E-14
   4169.46094   2.09028E-14
   4170.93506   2.08288E-14
   4172.40918   2.09281E-14
   4173.88330   2.10289E-14
   4175.35742   2.11857E-14
   4176.83154   2.67963E-14
   4178.30615   2.96613E-14
   4179.78027   3.08624E-14
   4181.25439   2.80460E-14
   4182.72852   2.36168E-14
   4184.20264   1.95500E-14
   4185.67676   2.06140E-14
   4187.15088   2.17062E-14
   4188.62549   1.99512E-14
   4190.09961   1.89080E-14
   4191.57373   1.93053E-14
   4193.04785   1.87375E-14
   4194.52197   1.91838E-14
   4195.99609   2.18722E-14
   4197.47070   3.45890E-14
   4198.94482   3.84512E-14
   4200.41895   3.90746E-14
   4201.89307   2.90468E-14
   4203.36719   2.25408E-14
   4204.84131   2.08255E-14
   4206.31543   2.06735E-14
   4207.79004   2.09350E-14
   4209.26416   1.96559E-14
   4210.73828   1.89576E-14
   4212.21240   1.83398E-14
   4213.68652   1.60172E-14
   4215.16064   1.76894E-14
   4216.63525   1.76975E-14
   4218.10938   1.71903E-14
   4219.58350   1.58982E-14
   4221.05762   1.82255E-14
   4222.53174   1.65513E-14
   4224.00586   1.68581E-14
   4225.47998   1.69501E-14
   4226.95459   1.82445E-14
   4228.42871   1.64674E-14
   4229.90283   1.97066E-14
   4231.37695   2.32377E-14
   4232.85107   2.22465E-14
   4234.32520   2.17650E-14
   4235.79932   2.03765E-14
   4237.27393   1.86205E-14
   4238.74805   1.80001E-14
   4240.22217   1.95992E-14
   4241.69629   2.74534E-14
   4243.17041   3.84688E-14
   4244.64453   3.55226E-14
   4246.11914   2.92367E-14
   4247.59326   2.23651E-14
   4249.06738   1.90874E-14
   4250.54150   1.85237E-14
   4252.01562   1.70183E-14
   4253.48975   1.70951E-14
   4254.96387   1.73287E-14
   4256.43848   1.72526E-14
   4257.91260   1.80185E-14
   4259.38672   1.76276E-14
   4260.86084   1.86731E-14
   4262.33496   1.81617E-14
   4263.80908   1.81633E-14
   4265.28369   1.91521E-14
   4266.75781   1.82311E-14
   4268.23193   1.70286E-14
   4269.70605   1.62277E-14
   4271.18018   1.79685E-14
   4272.65430   1.89305E-14
   4274.12842   2.12784E-14
   4275.60303   2.72566E-14
   4277.07715   2.72474E-14
   4278.55127   2.37488E-14
   4280.02539   2.08337E-14
   4281.49951   1.75356E-14
   4282.97363   1.64024E-14
   4284.44824   2.15683E-14
   4285.92236   2.70201E-14
   4287.39648   2.97878E-14
   4288.87061   2.63124E-14
   4290.34473   2.11685E-14
   4291.81885   1.92976E-14
   4293.29297   1.77396E-14
   4294.76758   1.83740E-14
   4296.24170   2.01146E-14
   4297.71582   1.99305E-14
   4299.18994   1.91739E-14
   4300.66406   1.76239E-14
   4302.13818   1.92794E-14
   4303.61279   2.19367E-14
   4305.08691   1.99083E-14
   4306.56104   2.03703E-14
   4308.03516   1.86720E-14
   4309.50928   1.70387E-14
   4310.98340   1.78669E-14
   4312.45752   1.91568E-14
   4313.93213   1.83259E-14
   4315.40625   1.93714E-14
   4316.88037   2.16257E-14
   4318.35449   2.24768E-14
   4319.82861   2.26587E-14
   4321.30273   2.11132E-14
   4322.77734   1.85209E-14
   4324.25146   1.93230E-14
   4325.72559   1.79532E-14
   4327.19971   1.86776E-14
   4328.67383   1.89326E-14
   4330.14795   2.01940E-14
   4331.62207   2.33616E-14
   4333.09668   2.48706E-14
   4334.57080   3.29114E-14
   4336.04492   7.50658E-14
   4337.51904   2.20026E-13
   4338.99316   3.25692E-13
   4340.46729   3.56745E-13
   4341.94141   2.59744E-13
   4343.41602   1.29006E-13
   4344.89014   5.75656E-14
   4346.36426   3.11161E-14
   4347.83838   2.61913E-14
   4349.31250   2.55343E-14
   4350.78662   2.95524E-14
   4352.26123   2.98766E-14
   4353.73535   2.61336E-14
   4355.20947   2.68378E-14
   4356.68359   2.94080E-14
   4358.15771   4.75916E-14
   4359.63184   9.35807E-14
   4361.10596   2.07554E-13
   4362.58057   2.45404E-13
   4364.05469   1.96453E-13
   4365.52881   1.04185E-13
   4367.00293   4.52519E-14
   4368.47705   2.49234E-14
   4369.95117   2.02341E-14
   4371.42578   2.10070E-14
   4372.89990   1.99257E-14
   4374.37402   1.95644E-14
   4375.84814   1.85454E-14
   4377.32227   2.02024E-14
   4378.79639   2.10997E-14
   4380.27051   1.97442E-14
   4381.74512   1.97425E-14
   4383.21924   2.19828E-14
   4384.69336   2.30706E-14
   4386.16748   2.71181E-14
   4387.64160   2.87181E-14
   4389.11572   2.47653E-14
   4390.59033   2.08569E-14
   4392.06445   1.92311E-14
   4393.53857   1.97614E-14
   4395.01270   1.86337E-14
   4396.48682   1.88067E-14
   4397.96094   1.91302E-14
   4399.43506   1.82291E-14
   4400.90967   1.75058E-14
   4402.38379   1.60843E-14
   4403.85791   1.77448E-14
   4405.33203   1.81212E-14
   4406.80615   1.78518E-14
   4408.28027   1.69080E-14
   4409.75488   1.99692E-14
   4411.22900   2.28084E-14
   4412.70312   2.89337E-14
   4414.17725   3.48495E-14
   4415.65137   3.56416E-14
   4417.12549   3.39529E-14
   4418.59961   2.63127E-14
   4420.07422   2.19032E-14
   4421.54834   1.77722E-14
   4423.02246   1.75034E-14
   4424.49658   1.78298E-14
   4425.97070   1.82158E-14
   4427.44482   1.90228E-14
   4428.91895   1.77622E-14
   4430.39355   1.73957E-14
   4431.86768   1.81871E-14
   4433.34180   1.84775E-14
   4434.81592   1.77772E-14
   4436.29004   1.71196E-14
   4437.76416   1.84985E-14
   4439.23877   1.75420E-14
   4440.71289   1.86937E-14
   4442.18701   1.88659E-14
   4443.66113   1.93296E-14
   4445.13525   2.03795E-14
   4446.60938   1.86805E-14
   4448.08350   1.91826E-14
   4449.55811   2.05706E-14
   4451.03223   2.27498E-14
   4452.50635   2.50551E-14
   4453.98047   2.25978E-14
   4455.45459   2.15543E-14
   4456.92871   2.14477E-14
   4458.40332   2.33380E-14
   4459.87744   2.18894E-14
   4461.35156   1.81956E-14
   4462.82568   1.86093E-14
   4464.29980   1.81122E-14
   4465.77393   1.80305E-14
   4467.24805   2.22942E-14
   4468.72266   3.49983E-14
   4470.19678   5.26941E-14
   4471.67090   5.77668E-14
   4473.14502   4.77412E-14
   4474.61914   3.07775E-14
   4476.09326   2.21750E-14
   4477.56787   1.94664E-14
   4479.04199   1.85403E-14
   4480.51611   1.92159E-14
   4481.99023   1.87208E-14
   4483.46436   1.74708E-14
   4484.93848   1.82678E-14
   4486.41260   2.05025E-14
   4487.88721   2.33358E-14
   4489.36133   2.61152E-14
   4490.83545   2.74684E-14
   4492.30957   2.54095E-14
   4493.78369   2.15280E-14
   4495.25781   1.87344E-14
   4496.73242   1.85685E-14
   4498.20654   1.90699E-14
   4499.68066   1.83278E-14
   4501.15479   1.81580E-14
   4502.62891   1.84359E-14
   4504.10303   1.76937E-14
   4505.57715   1.88557E-14
   4507.05176   2.19673E-14
   4508.52588   2.26787E-14
   4510.00000   2.16245E-14
   4511.47412   2.23622E-14
   4512.94824   2.38192E-14
   4514.42236   2.57795E-14
   4515.89648   2.72967E-14
   4517.37109   2.66588E-14
   4518.84521   2.77125E-14
   4520.31934   2.81422E-14
   4521.79346   2.66455E-14
   4523.26758   2.41475E-14
   4524.74170   2.05186E-14
   4526.21631   1.89951E-14
   4527.69043   1.99102E-14
   4529.16455   1.93847E-14
   4530.63867   1.88558E-14
   4532.11279   2.07119E-14
   4533.58691   2.08828E-14
   4535.06104   2.08882E-14
   4536.53564   2.06262E-14
   4538.00977   2.86445E-14
   4539.48389   4.30750E-14
   4540.95801   5.70211E-14
   4542.43213   5.56323E-14
   4543.90625   3.73840E-14
   4545.38086   2.67752E-14
   4546.85498   2.24142E-14
   4548.32910   2.25938E-14
   4549.80322   2.22648E-14
   4551.27734   1.98932E-14
   4552.75146   2.16421E-14
   4554.22559   2.31174E-14
   4555.70020   2.42944E-14
   4557.17432   2.49882E-14
   4558.64844   2.22787E-14
   4560.12256   2.01273E-14
   4561.59668   1.83277E-14
   4563.07080   1.83340E-14
   4564.54541   1.95984E-14
   4566.01953   1.89950E-14
   4567.49365   2.05499E-14
   4568.96777   2.44576E-14
   4570.44189   2.70508E-14
   4571.91602   2.63954E-14
   4573.39014   2.30485E-14
   4574.86475   2.19823E-14
   4576.33887   2.23995E-14
   4577.81299   2.01520E-14
   4579.28711   2.05318E-14
   4580.76123   2.24623E-14
   4582.23535   2.67211E-14
   4583.70996   2.81099E-14
   4585.18408   2.44141E-14
   4586.65820   1.94357E-14
   4588.13232   1.84778E-14
   4589.60645   1.91148E-14
   4591.08057   1.73646E-14
   4592.55469   1.77707E-14
   4594.02930   1.77410E-14
   4595.50342   1.78449E-14
   4596.97754   1.73971E-14
   4598.45166   1.70440E-14
   4599.92578   1.69882E-14
   4601.39990   1.89777E-14
   4602.87402   2.20240E-14
   4604.34863   2.34217E-14
   4605.82275   2.39676E-14
   4607.29688   2.32233E-14
   4608.77100   2.21807E-14
   4610.24512   2.05287E-14
   4611.71924   2.00274E-14
   4613.19385   1.93488E-14
   4614.66797   1.89932E-14
   4616.14209   1.90493E-14
   4617.61621   2.09748E-14
   4619.09033   2.25402E-14
   4620.56445   2.24003E-14
   4622.03857   2.15716E-14
   4623.51318   2.12459E-14
   4624.98730   2.14227E-14
   4626.46143   2.30272E-14
   4627.93555   2.90469E-14
   4629.40967   3.33592E-14
   4630.88379   3.79825E-14
   4632.35840   4.01405E-14
   4633.83252   3.82681E-14
   4635.30664   3.51138E-14
   4636.78076   3.12036E-14
   4638.25488   4.01566E-14
   4639.72900   5.32891E-14
   4641.20312   5.70621E-14
   4642.67773   4.30220E-14
   4644.15186   3.18647E-14
   4645.62598   2.71317E-14
   4647.10010   2.92665E-14
   4648.57422   3.05594E-14
   4650.04834   3.10651E-14
   4651.52295   2.80648E-14
   4652.99707   2.63885E-14
   4654.47119   2.70341E-14
   4655.94531   3.27150E-14
   4657.41943   3.88043E-14
   4658.89355   3.49392E-14
   4660.36768   2.90612E-14
   4661.84229   2.62375E-14
   4663.31641   2.51121E-14
   4664.79053   2.75745E-14
   4666.26465   2.89024E-14
   4667.73877   2.85300E-14
   4669.21289   2.81851E-14
   4670.68750   2.77912E-14
   4672.16162   2.58570E-14
   4673.63574   2.83604E-14
   4675.10986   2.89793E-14
   4676.58398   3.08531E-14
   4678.05811   3.15203E-14
   4679.53223   4.22527E-14
   4681.00684   9.15990E-14
   4682.48096   2.65729E-13
   4683.95508   7.16819E-13
   4685.42920   1.09613E-12
   4686.90332   9.75912E-13
   4688.37744   5.37373E-13
   4689.85156   1.92002E-13
   4691.32617   6.34261E-14
   4692.80029   3.49066E-14
   4694.27441   2.99617E-14
   4695.74854   3.22350E-14
   4697.22266   4.00621E-14
   4698.69678   4.39452E-14
   4700.17139   4.73396E-14
   4701.64551   3.94051E-14
   4703.11963   3.23962E-14
   4704.59375   2.64718E-14
   4706.06787   2.48882E-14
   4707.54199   2.35917E-14
   4709.01611   2.71699E-14
   4710.49072   3.20221E-14
   4711.96484   4.91577E-14
   4713.43896   6.08238E-14
   4714.91309   5.58331E-14
   4716.38721   4.12076E-14
   4717.86133   2.92329E-14
   4719.33594   2.31937E-14
   4720.81006   3.02265E-14
   4722.28418   4.25941E-14
   4723.75830   5.83617E-14
   4725.23242   6.10619E-14
   4726.70654   5.16142E-14
   4728.18066   3.87814E-14
   4729.65527   3.07832E-14
   4731.12939   2.74869E-14
   4732.60352   2.50959E-14
   4734.07764   2.33582E-14
   4735.55176   2.10410E-14
   4737.02588   2.11451E-14
   4738.50049   2.46285E-14
   4739.97461   2.56751E-14
   4741.44873   2.40104E-14
   4742.92285   2.22846E-14
   4744.39697   2.01537E-14
   4745.87109   2.04320E-14
   4747.34521   2.16766E-14
   4748.81982   1.94752E-14
   4750.29395   2.14783E-14
   4751.76807   2.16123E-14
   4753.24219   2.21757E-14
   4754.71631   2.24868E-14
   4756.19043   2.14689E-14
   4757.66504   1.98876E-14
   4759.13916   1.92448E-14
   4760.61328   1.83294E-14
   4762.08740   1.82389E-14
   4763.56152   1.90191E-14
   4765.03564   1.64740E-14
   4766.50977   1.89110E-14
   4767.98438   1.84349E-14
   4769.45850   1.89131E-14
   4770.93262   1.86537E-14
   4772.40674   1.93760E-14
   4773.88086   1.97084E-14
   4775.35498   2.14634E-14
   4776.82910   2.11234E-14
   4778.30371   1.78452E-14
   4779.77783   1.70575E-14
   4781.25195   1.82157E-14
   4782.72607   1.78902E-14
   4784.20020   1.78649E-14
   4785.67432   1.79736E-14
   4787.14893   1.88766E-14
   4788.62305   1.98910E-14
   4790.09717   1.84248E-14
   4791.57129   1.92156E-14
   4793.04541   1.81693E-14
   4794.51953   1.96201E-14
   4795.99365   1.77809E-14
   4797.46826   2.01952E-14
   4798.94238   1.92543E-14
   4800.41650   2.04407E-14
   4801.89062   1.98297E-14
   4803.36475   2.01117E-14
   4804.83887   1.91539E-14
   4806.31348   1.85133E-14
   4807.78760   1.88884E-14
   4809.26172   1.70845E-14
   4810.73584   1.75727E-14
   4812.20996   2.22335E-14
   4813.68408   2.61236E-14
   4815.15820   2.60571E-14
   4816.63281   2.40982E-14
   4818.10693   2.02235E-14
   4819.58105   1.72137E-14
   4821.05518   1.78165E-14
   4822.52930   1.85076E-14
   4824.00342   1.98102E-14
   4825.47803   2.00292E-14
   4826.95215   1.98649E-14
   4828.42627   1.95338E-14
   4829.90039   1.90212E-14
   4831.37451   2.00836E-14
   4832.84863   2.09360E-14
   4834.32275   2.11692E-14
   4835.79736   2.12261E-14
   4837.27148   2.12121E-14
   4838.74561   2.26678E-14
   4840.21973   2.12798E-14
   4841.69385   2.24212E-14
   4843.16797   2.20675E-14
   4844.64258   2.20332E-14
   4846.11670   2.43611E-14
   4847.59082   2.61662E-14
   4849.06494   2.87166E-14
   4850.53906   3.10152E-14
   4852.01318   3.47000E-14
   4853.48730   3.72338E-14
   4854.96191   5.07653E-14
   4856.43604   1.14379E-13
   4857.91016   3.13834E-13
   4859.38428   6.69566E-13
   4860.85840   9.26716E-13
   4862.33252   8.24621E-13
   4863.80713   5.27816E-13
   4865.28125   2.35941E-13
   4866.75537   9.56241E-14
   4868.22949   5.13356E-14
   4869.70361   3.67878E-14
   4871.17773   3.20652E-14
   4872.65186   3.08107E-14
   4874.12646   3.06279E-14
   4875.60059   2.73474E-14
   4877.07471   2.68247E-14
   4878.54883   2.55963E-14
   4880.02295   2.42388E-14
   4881.49707   2.59462E-14
   4882.97119   2.38294E-14
   4884.44580   2.25964E-14
   4885.91992   2.38630E-14
   4887.39404   2.73593E-14
   4888.86816   2.91810E-14
   4890.34229   3.68659E-14
   4891.81641   4.65099E-14
   4893.29102   5.58671E-14
   4894.76514   5.68875E-14
   4896.23926   4.82514E-14
   4897.71338   3.45538E-14
   4899.18750   2.72572E-14
   4900.66162   2.52972E-14
   4902.13574   2.65770E-14
   4903.61035   2.73762E-14
   4905.08447   3.07640E-14
   4906.55859   3.00196E-14
   4908.03271   2.78841E-14
   4909.50684   2.49189E-14
   4910.98096   2.37326E-14
   4912.45557   2.38462E-14
   4913.92969   2.28819E-14
   4915.40381   2.32356E-14
   4916.87793   2.43659E-14
   4918.35205   2.68346E-14
   4919.82617   3.43499E-14
   4921.30029   4.42447E-14
   4922.77490   4.76447E-14
   4924.24902   4.37555E-14
   4925.72314   3.29291E-14
   4927.19727   3.01591E-14
   4928.67139   3.32342E-14
   4930.14551   3.70748E-14
   4931.62012   3.63361E-14
   4933.09424   3.07385E-14
   4934.56836   2.84066E-14
   4936.04248   3.42355E-14
   4937.51660   4.78139E-14
   4938.99072   6.26334E-14
   4940.46484   8.13829E-14
   4941.93945   9.92022E-14
   4943.41357   1.00591E-13
   4944.88770   8.10745E-14
   4946.36182   5.94210E-14
   4947.83594   4.16574E-14
   4949.31006   3.45369E-14
   4950.78467   3.16524E-14
   4952.25879   3.12912E-14
   4953.73291   4.16137E-14
   4955.20703   8.80123E-14
   4956.68115   1.90747E-13
   4958.15527   2.38273E-13
   4959.62939   2.05506E-13
   4961.10400   1.15211E-13
   4962.57812   4.86267E-14
   4964.05225   3.20824E-14
   4965.52637   3.64215E-14
   4967.00049   4.42749E-14
   4968.47461   4.44900E-14
   4969.94873   4.40808E-14
   4971.42334   4.96991E-14
   4972.89746   5.18762E-14
   4974.37158   4.59017E-14
   4975.84570   3.30224E-14
   4977.31982   2.56423E-14
   4978.79395   2.20454E-14
   4980.26855   2.03474E-14
   4981.74268   2.01604E-14
   4983.21680   2.04096E-14
   4984.69092   2.42740E-14
   4986.16504   3.56717E-14
   4987.63916   5.63078E-14
   4989.11328   6.56903E-14
   4990.58789   6.14848E-14
   4992.06201   4.30908E-14
   4993.53613   2.85607E-14
   4995.01025   2.24738E-14
   4996.48438   2.19736E-14
   4997.95850   2.22656E-14
   4999.43311   2.29298E-14
   5000.90723   3.73340E-14
   5002.38135   1.04538E-13
   5003.85547   3.34692E-13
   5005.32959   6.59920E-13
   5006.80371   6.99040E-13
   5008.27783   4.77640E-13
   5009.75244   2.05790E-13
   5011.22656   7.22482E-14
   5012.70068   3.72377E-14
   5014.17480   3.67507E-14
   5015.64893   4.35025E-14
   5017.12305   4.41710E-14
   5018.59766   3.89629E-14
   5020.07178   3.28054E-14
   5021.54590   2.53379E-14
   5023.02002   2.17866E-14
   5024.49414   2.08312E-14
   5025.96826   2.11675E-14
   5027.44238   2.14822E-14
   5028.91699   2.23679E-14
   5030.39111   2.43593E-14
   5031.86523   2.48416E-14
   5033.33936   2.52413E-14
   5034.81348   2.48734E-14
   5036.28760   2.32026E-14
   5037.76221   2.54135E-14
   5039.23633   3.23346E-14
   5040.71045   3.78857E-14
   5042.18457   3.71939E-14
   5043.65869   3.26028E-14
   5045.13281   2.88397E-14
   5046.60693   2.71670E-14
   5048.08154   2.69076E-14
   5049.55566   2.68641E-14
   5051.02979   2.54273E-14
   5052.50391   2.31048E-14
   5053.97803   2.63136E-14
   5055.45215   3.10789E-14
   5056.92627   3.05452E-14
   5058.40088   2.97627E-14
   5059.87500   2.59536E-14
   5061.34912   2.53003E-14
   5062.82324   2.43478E-14
   5064.29736   2.35921E-14
   5065.77148   2.38772E-14
   5067.24609   2.29040E-14
   5068.72021   2.37125E-14
   5070.19434   2.44817E-14
   5071.66846   2.49735E-14
   5073.14258   2.56033E-14
   5074.61670   2.57986E-14
   5076.09082   2.60858E-14
   5077.56543   2.62982E-14
   5079.03955   2.47677E-14
   5080.51367   2.40051E-14
   5081.98779   2.49779E-14
   5083.46191   2.58693E-14
   5084.93604   2.69401E-14
   5086.41064   2.58730E-14
   5087.88477   2.58480E-14
   5089.35889   2.57485E-14
   5090.83301   2.59796E-14
   5092.30713   2.52991E-14
   5093.78125   2.65666E-14
   5095.25537   2.69622E-14
   5096.72998   2.62670E-14
   5098.20410   2.66502E-14
   5099.67822   2.84952E-14
   5101.15234   2.82360E-14
   5102.62646   2.85479E-14
   5104.10059   2.77302E-14
   5105.57520   2.71315E-14
   5107.04932   2.77404E-14
   5108.52344   3.01153E-14
   5109.99756   3.12663E-14
   5111.47168   3.28491E-14
   5112.94580   3.33127E-14
   5114.41992   2.94940E-14
   5115.89453   2.78778E-14
   5117.36865   2.80795E-14
   5118.84277   2.91230E-14
   5120.31689   2.97669E-14
   5121.79102   2.89518E-14
   5123.26514   2.90936E-14
   5124.73975   2.92288E-14
   5126.21387   2.93755E-14
   5127.68799   3.05233E-14
   5129.16211   3.21882E-14
   5130.63623   3.22749E-14
   5132.11035   3.41267E-14
   5133.58447   3.40510E-14
   5135.05908   3.18995E-14
   5136.53320   2.96867E-14
   5138.00732   2.98305E-14
   5139.48145   3.15094E-14
   5140.95557   3.40374E-14
   5142.42969   3.77376E-14
   5143.90381   4.92024E-14
   5145.37842   6.12913E-14
   5146.85254   6.12403E-14
   5148.32666   5.10484E-14
   5149.80078   3.99459E-14
   5151.27490   3.38511E-14
   5152.74902   3.20360E-14
   5154.22363   3.66622E-14
   5155.69775   5.30948E-14
   5157.17188   8.85365E-14
   5158.64600   1.21214E-13
   5160.12012   1.19094E-13
   5161.59424   8.77471E-14
   5163.06836   6.10005E-14
   5164.54297   4.41002E-14
   5166.01709   3.45613E-14
   5167.49121   2.99233E-14
   5168.96533   2.91543E-14
   5170.43945   2.82107E-14
   5171.91357   3.13350E-14
   5173.38818   4.44558E-14
   5174.86230   6.95972E-14
   5176.33643   8.68746E-14
   5177.81055   8.15768E-14
   5179.28467   5.77087E-14
   5180.75879   3.68014E-14
   5182.23291   2.92065E-14
   5183.70752   2.66529E-14
   5185.18164   2.53089E-14
   5186.65576   2.49122E-14
   5188.12988   2.42985E-14
   5189.60400   2.41025E-14
   5191.07812   2.42748E-14
   5192.55273   2.51495E-14
   5194.02686   2.53608E-14
   5195.50098   2.78293E-14
   5196.97510   3.41760E-14
   5198.44922   3.55447E-14
   5199.92334   3.13078E-14
   5201.39746   2.75710E-14
   5202.87207   2.47395E-14
   5204.34619   2.46985E-14
   5205.82031   2.45458E-14
   5207.29443   2.32176E-14
   5208.76855   2.52313E-14
   5210.24268   2.50370E-14
   5211.71729   2.37164E-14
   5213.19141   2.48696E-14
   5214.66553   2.54684E-14
   5216.13965   2.46669E-14
   5217.61377   2.69916E-14
   5219.08789   2.99353E-14
   5220.56201   2.90344E-14
   5222.03662   2.75396E-14
   5223.51074   2.57052E-14
   5224.98486   2.60803E-14
   5226.45898   2.72287E-14
   5227.93311   2.68941E-14
   5229.40723   2.74373E-14
   5230.88135   2.99023E-14
   5232.35596   3.62107E-14
   5233.83008   4.22271E-14
   5235.30420   4.47938E-14
   5236.77832   3.89101E-14
   5238.25244   3.20241E-14
   5239.72656   2.82395E-14
   5241.20117   2.72742E-14
   5242.67529   2.66899E-14
   5244.14941   2.63181E-14
   5245.62354   2.49217E-14
   5247.09766   2.50536E-14
   5248.57178   2.61361E-14
   5250.04590   2.63681E-14
   5251.52051   2.64072E-14
   5252.99463   2.72853E-14
   5254.46875   2.91029E-14
   5255.94287   2.92359E-14
   5257.41699   3.09051E-14
   5258.89111   3.41682E-14
   5260.36572   3.97630E-14
   5261.83984   4.52107E-14
   5263.31396   4.14292E-14
   5264.78809   3.46988E-14
   5266.26221   3.18477E-14
   5267.73633   3.56524E-14
   5269.21045   4.05195E-14
   5270.68506   4.33935E-14
   5272.15918   4.56189E-14
   5273.63330   5.58952E-14
   5275.10742   7.80391E-14
   5276.58154   9.41125E-14
   5278.05566   8.97081E-14
   5279.53027   6.50972E-14
   5281.00439   4.43150E-14
   5282.47852   3.58470E-14
   5283.95264   3.52319E-14
   5285.42676   3.55380E-14
   5286.90088   3.24900E-14
   5288.37500   3.12020E-14
   5289.84961   3.13550E-14
   5291.32373   3.05714E-14
   5292.79785   3.00546E-14
   5294.27197   3.13639E-14
   5295.74609   3.26340E-14
   5297.22021   3.31124E-14
   5298.69482   3.21834E-14
   5300.16895   3.06988E-14
   5301.64307   3.17084E-14
   5303.11719   3.16014E-14
   5304.59131   3.47058E-14
   5306.06543   4.87956E-14
   5307.53955   7.63487E-14
   5309.01416   1.01813E-13
   5310.48828   1.01197E-13
   5311.96240   7.43140E-14
   5313.43652   5.05192E-14
   5314.91064   4.43766E-14
   5316.38477   4.73878E-14
   5317.85889   4.67428E-14
   5319.33350   3.90989E-14
   5320.80762   3.31267E-14
   5322.28174   2.99189E-14
   5323.75586   3.09480E-14
   5325.22998   3.27168E-14
   5326.70410   3.29146E-14
   5328.17871   3.07725E-14
   5329.65283   3.10214E-14
   5331.12695   3.65387E-14
   5332.60107   4.20727E-14
   5334.07520   5.05892E-14
   5335.54932   5.00054E-14
   5337.02344   4.65275E-14
   5338.49805   3.97206E-14
   5339.97217   3.39917E-14
   5341.44629   3.22696E-14
   5342.92041   3.04225E-14
   5344.39453   3.06374E-14
   5345.86865   3.11956E-14
   5347.34326   2.98063E-14
   5348.81738   3.03289E-14
   5350.29150   3.35948E-14
   5351.76562   3.34051E-14
   5353.23975   3.10139E-14
   5354.71387   3.24436E-14
   5356.18799   3.20994E-14
   5357.66260   3.10132E-14
   5359.13672   3.11993E-14
   5360.61084   3.27870E-14
   5362.08496   3.58562E-14
   5363.55908   3.80444E-14
   5365.03320   3.68640E-14
   5366.50781   3.19653E-14
   5367.98193   3.08890E-14
   5369.45605   3.14896E-14
   5370.93018   3.31783E-14
   5372.40430   3.30837E-14
   5373.87842   3.37832E-14
   5375.35254   3.89712E-14
   5376.82715   4.09736E-14
   5378.30127   3.78372E-14
   5379.77539   3.41184E-14
   5381.24951   3.18544E-14
   5382.72363   3.31564E-14
   5384.19775   3.17981E-14
   5385.67236   3.30193E-14
   5387.14648   3.25360E-14
   5388.62061   3.34581E-14
   5390.09473   3.18571E-14
   5391.56885   3.17530E-14
   5393.04297   3.25454E-14
   5394.51709   3.35593E-14
   5395.99170   3.42548E-14
   5397.46582   3.34535E-14
   5398.93994   3.28413E-14
   5400.41406   3.38108E-14
   5401.88818   3.41693E-14
   5403.36230   3.52306E-14
   5404.83691   3.52135E-14
   5406.31104   3.77564E-14
   5407.78516   5.16525E-14
   5409.25928   9.47714E-14
   5410.73340   1.45911E-13
   5412.20752   1.64571E-13
   5413.68164   1.23484E-13
   5415.15625   7.61556E-14
   5416.63037   4.61011E-14
   5418.10449   3.76726E-14
   5419.57861   3.44410E-14
   5421.05273   3.66209E-14
   5422.52686   4.38705E-14
   5424.00098   4.90068E-14
   5425.47559   5.38870E-14
   5426.94971   5.25784E-14
   5428.42383   4.73756E-14
   5429.89795   4.00107E-14
   5431.37207   3.72778E-14
   5432.84619   3.85334E-14
   5434.32080   3.83532E-14
   5435.79492   3.70413E-14
   5437.26904   3.57190E-14
   5438.74316   3.64833E-14
   5440.21729   3.57651E-14
   5441.69141   3.59701E-14
   5443.16553   3.58292E-14
   5444.64014   3.59370E-14
   5446.11426   3.40368E-14
   5447.58838   3.24237E-14
   5449.06250   3.00553E-14
   5450.53662   2.79739E-14
   5452.01074   2.83950E-14
   5453.48535   2.79853E-14
   5454.95947   2.79460E-14
   5456.43359   2.87369E-14
   5457.90771   3.20813E-14
   5459.38184   3.72576E-14
   5460.85596   4.20998E-14
   5462.33008   3.87893E-14
   5463.80469   3.38909E-14
   5465.27881   3.07776E-14
   5466.75293   2.95944E-14
   5468.22705   3.05444E-14
   5469.70117   3.13516E-14
   5471.17529   3.08321E-14
   5472.64990   3.00982E-14
   5474.12402   3.02253E-14
   5475.59814   2.91427E-14
   5477.07227   3.02888E-14
   5478.54639   3.04183E-14
   5480.02051   3.10080E-14
   5481.49463   3.12062E-14
   5482.96924   3.20240E-14
   5484.44336   3.52595E-14
   5485.91748   3.72203E-14
   5487.39160   3.34241E-14
   5488.86572   3.31012E-14
   5490.33984   3.22223E-14
   5491.81445   3.14189E-14
   5493.28857   3.27644E-14
   5494.76270   3.33354E-14
   5496.23682   3.49742E-14
   5497.71094   3.14879E-14
   5499.18506   3.01193E-14
   5500.65918   3.12373E-14
   5502.13379   2.97523E-14
   5503.60791   2.98223E-14
   5505.08203   3.00582E-14
   5506.55615   3.11356E-14
   5508.03027   3.02426E-14
   5509.50439   2.98638E-14
   5510.97852   3.02943E-14
   5512.45312   3.04941E-14
   5513.92725   2.99844E-14
   5515.40137   3.11277E-14
   5516.87549   3.32774E-14
   5518.34961   3.34629E-14
   5519.82373   3.32328E-14
   5521.29834   3.31623E-14
   5522.77246   3.37089E-14
   5524.24658   3.48788E-14
   5525.72070   3.79014E-14
   5527.19482   4.13492E-14
   5528.66895   4.17356E-14
   5530.14307   3.79235E-14
   5531.61768   3.40903E-14
   5533.09180   3.61465E-14
   5534.56592   4.16186E-14
   5536.04004   4.16578E-14
   5537.51416   3.84092E-14
   5538.98828   3.43897E-14
   5540.46289   3.31208E-14
   5541.93701   3.40659E-14
   5543.41113   3.33174E-14
   5544.88525   3.38140E-14
   5546.35938   3.38908E-14
   5547.83350   3.40290E-14
   5549.30762   3.39814E-14
   5550.78223   3.32989E-14
   5552.25635   3.44103E-14
   5553.73047   3.32939E-14
   5555.20459   3.19078E-14
   5556.67871   3.28406E-14
   5558.15283   3.27970E-14
   5559.62744   3.31808E-14
   5561.10156   3.31085E-14
   5562.57568   3.32160E-14
   5564.04980   3.26426E-14
   5565.52393   3.36540E-14
   5566.99805   3.35606E-14
   5568.47217   3.33129E-14
   5569.94678   3.25928E-14
   5571.42090   3.20665E-14
   5572.89502   3.15548E-14
   5574.36914   3.35206E-14
   5575.84326   3.46003E-14
   5577.31738   3.85390E-14
   5578.79199   3.94881E-14
   5580.26611   3.62945E-14
   5581.74023   3.55129E-14
   5583.21436   3.57505E-14
   5584.68848   3.69073E-14
   5586.16260   4.05834E-14
   5587.63672   4.04658E-14
   5589.11133   3.73396E-14
   5590.58545   3.60831E-14
   5592.05957   3.71279E-14
   5593.53369   3.63141E-14
   5595.00781   3.27122E-14
   5596.48193   3.20666E-14
   5597.95605   2.99217E-14
   5599.43066   3.14809E-14
   5600.90479   3.25555E-14
   5602.37891   3.25455E-14
   5603.85303   3.20334E-14
   5605.32715   3.13361E-14
   5606.80127   3.21474E-14
   5608.27588   3.24621E-14
   5609.75000   3.06259E-14
   5611.22412   3.03704E-14
   5612.69824   3.25035E-14
   5614.17236   3.33725E-14
   5615.64648   5.04709E-14
   5617.12061   8.33875E-14
   5618.59521   1.05404E-13
   5620.06934   9.82611E-14
   5621.54346   7.19985E-14
   5623.01758   4.65992E-14
   5624.49170   3.46445E-14
   5625.96582   3.20348E-14
   5627.44043   3.40818E-14
   5628.91455   3.98237E-14
   5630.38867   4.52941E-14
   5631.86279   4.98057E-14
   5633.33691   4.42695E-14
   5634.81104   3.62143E-14
   5636.28516   3.28831E-14
   5637.75977   3.12875E-14
   5639.23389   3.12852E-14
   5640.70801   3.13544E-14
   5642.18213   3.00233E-14
   5643.65625   3.10529E-14
   5645.13037   3.08739E-14
   5646.60498   3.21017E-14
   5648.07910   3.13059E-14
   5649.55322   3.23850E-14
   5651.02734   3.32571E-14
   5652.50146   3.37380E-14
   5653.97559   3.40194E-14
   5655.44971   3.47409E-14
   5656.92432   3.50754E-14
   5658.39844   3.38344E-14
   5659.87256   3.36442E-14
   5661.34668   3.20111E-14
   5662.82080   3.26051E-14
   5664.29492   3.35100E-14
   5665.76953   3.38194E-14
   5667.24365   3.21953E-14
   5668.71777   3.35018E-14
   5670.19189   3.22764E-14
   5671.66602   3.33345E-14
   5673.14014   3.45958E-14
   5674.61426   4.08573E-14
   5676.08887   4.80747E-14
   5677.56299   5.09205E-14
   5679.03711   4.66531E-14
   5680.51123   4.13787E-14
   5681.98535   3.63540E-14
   5683.45947   3.50733E-14
   5684.93359   3.42417E-14
   5686.40820   3.45745E-14
   5687.88232   3.37944E-14
   5689.35645   3.38532E-14
   5690.83057   3.36333E-14
   5692.30469   3.46362E-14
   5693.77881   3.44444E-14
   5695.25342   3.35116E-14
   5696.72754   3.41595E-14
   5698.20166   3.56946E-14
   5699.67578   3.44955E-14
   5701.14990   3.47895E-14
   5702.62402   3.56725E-14
   5704.09814   3.51412E-14
   5705.57275   3.49309E-14
   5707.04688   3.64340E-14
   5708.52100   3.68098E-14
   5709.99512   3.68249E-14
   5711.46924   3.80622E-14
   5712.94336   3.68280E-14
   5714.41797   3.87571E-14
   5715.89209   4.26810E-14
   5717.36621   7.58415E-14
   5718.84033   1.72714E-13
   5720.31445   3.35918E-13
   5721.78857   4.35079E-13
   5723.26270   3.86546E-13
   5724.73730   2.36017E-13
   5726.21143   1.08761E-13
   5727.68555   5.47092E-14
   5729.15967   4.04794E-14
   5730.63379   3.71968E-14
   5732.10791   3.76121E-14
   5733.58252   3.76215E-14
   5735.05664   3.62110E-14
   5736.53076   3.69817E-14
   5738.00488   3.63623E-14
   5739.47900   3.70109E-14
   5740.95312   3.63074E-14
   5742.42725   3.56640E-14
   5743.90186   3.66045E-14
   5745.37598   3.76186E-14
   5746.85010   4.09019E-14
   5748.32422   4.25694E-14
   5749.79834   4.91699E-14
   5751.27246   8.33841E-14
   5752.74707   1.40529E-13
   5754.22119   1.60619E-13
   5755.69531   1.23752E-13
   5757.16943   7.49674E-14
   5758.64355   4.93228E-14
   5760.11768   4.06325E-14
   5761.59180   3.70866E-14
   5763.06641   3.63184E-14
   5764.54053   3.63739E-14
   5766.01465   3.60093E-14
   5767.48877   3.58714E-14
   5768.96289   3.64182E-14
   5770.43701   3.63073E-14
   5771.91113   3.66373E-14
   5773.38574   3.74776E-14
   5774.85986   3.78484E-14
   5776.33398   3.73749E-14
   5777.80811   3.78460E-14
   5779.28223   3.78560E-14
   5780.75635   3.77306E-14
   5782.23096   3.82432E-14
   5783.70508   3.87362E-14
   5785.17920   3.93496E-14
   5786.65332   3.80081E-14
   5788.12744   3.74965E-14
   5789.60156   3.91266E-14
   5791.07568   3.96759E-14
   5792.55029   4.06842E-14
   5794.02441   4.12972E-14
   5795.49854   4.13241E-14
   5796.97266   4.35964E-14
   5798.44678   4.34419E-14
   5799.92090   4.54624E-14
   5801.39551   4.92149E-14
   5802.86963   4.62999E-14
   5804.34375   4.38338E-14
   5805.81787   4.42543E-14
   5807.29199   4.34502E-14
   5808.76611   4.18994E-14
   5810.24023   4.21576E-14
   5811.71484   4.26251E-14
   5813.18896   4.21284E-14
   5814.66309   3.95858E-14
   5816.13721   3.79279E-14
   5817.61133   3.64220E-14
   5819.08545   3.88390E-14
   5820.56006   3.85182E-14
   5822.03418   3.96115E-14
   5823.50830   3.74320E-14
   5824.98242   3.65076E-14
   5826.45654   3.95412E-14
   5827.93066   3.93824E-14
   5829.40479   3.97196E-14
   5830.87939   3.92832E-14
   5832.35352   3.92122E-14
   5833.82764   4.03800E-14
   5835.30176   4.20808E-14
   5836.77588   4.35785E-14
   5838.25000   4.03976E-14
   5839.72461   3.95558E-14
   5841.19873   3.78430E-14
   5842.67285   3.63476E-14
   5844.14697   3.85196E-14
   5845.62109   3.80453E-14
   5847.09521   3.91505E-14
   5848.56934   3.77056E-14
   5850.04395   3.38210E-14
   5851.51807   3.19982E-14
   5852.99219   3.27510E-14
   5854.46631   3.39979E-14
   5855.94043   3.55936E-14
   5857.41455   3.60982E-14
   5858.88867   3.64711E-14
   5860.36328   3.49684E-14
   5861.83740   3.44775E-14
   5863.31152   3.43874E-14
   5864.78564   3.32028E-14
   5866.25977   3.57926E-14
   5867.73389   3.79877E-14
   5869.20850   3.79853E-14
   5870.68262   4.18814E-14
   5872.15674   6.71035E-14
   5873.63086   1.55780E-13
   5875.10498   3.09476E-13
   5876.57910   3.83125E-13
   5878.05322   2.85142E-13
   5879.52783   1.27521E-13
   5881.00195   5.48557E-14
   5882.47607   3.88395E-14
   5883.95020   3.63006E-14
   5885.42432   3.63320E-14
   5886.89844   3.49243E-14
   5888.37305   2.98806E-14
   5889.84717   2.79987E-14
   5891.32129   2.86162E-14
   5892.79541   3.02135E-14
   5894.26953   3.10857E-14
   5895.74365   2.96409E-14
   5897.21777   2.98882E-14
   5898.69238   3.10348E-14
   5900.16650   3.22945E-14
   5901.64062   3.28429E-14
   5903.11475   3.35938E-14
   5904.58887   3.29310E-14
   5906.06299   3.32308E-14
   5907.53760   3.13883E-14
   5909.01172   3.26597E-14
   5910.48584   3.35218E-14
   5911.95996   3.45006E-14
   5913.43408   3.59198E-14
   5914.90820   3.59864E-14
   5916.38232   3.52708E-14
   5917.85693   3.27766E-14
   5919.33105   3.30869E-14
   5920.80518   3.25952E-14
   5922.27930   3.21538E-14
   5923.75342   3.25933E-14
   5925.22754   3.24814E-14
   5926.70215   3.21462E-14
   5928.17627   3.34564E-14
   5929.65039   3.46172E-14
   5931.12451   3.65884E-14
   5932.59863   3.55472E-14
   5934.07275   3.65368E-14
   5935.54688   3.42102E-14
   5937.02148   3.38460E-14
   5938.49561   3.36973E-14
   5939.96973   3.48283E-14
   5941.44385   3.56165E-14
   5942.91797   3.49995E-14
   5944.39209   3.50956E-14
   5945.86670   3.60539E-14
   5947.34082   3.64021E-14
   5948.81494   3.48141E-14
   5950.28906   3.40825E-14
   5951.76318   3.75887E-14
   5953.23730   3.99268E-14
   5954.71143   3.68112E-14
   5956.18604   3.56063E-14
   5957.66016   3.48087E-14
   5959.13428   3.45931E-14
   5960.60840   3.48028E-14
   5962.08252   3.54937E-14
   5963.55664   3.53492E-14
   5965.03076   3.50118E-14
   5966.50537   3.65425E-14
   5967.97949   3.60792E-14
   5969.45361   3.49735E-14
   5970.92773   3.53073E-14
   5972.40186   3.55958E-14
   5973.87598   3.68952E-14
   5975.35059   3.79142E-14
   5976.82471   3.86627E-14
   5978.29883   3.96932E-14
   5979.77295   3.99998E-14
   5981.24707   3.83589E-14
   5982.72119   3.83914E-14
   5984.19531   3.79983E-14
   5985.66992   3.79877E-14
   5987.14404   3.88223E-14
   5988.61816   3.79582E-14
   5990.09229   4.03134E-14
   5991.56641   4.29026E-14
   5993.04053   4.28900E-14
   5994.51514   4.10072E-14
   5995.98926   3.93497E-14
   5997.46338   3.99033E-14
   5998.93750   4.00759E-14
   6000.41162   3.86083E-14
   6001.88574   3.93712E-14
   6003.35986   4.11908E-14
   6004.83447   4.26193E-14
   6006.30859   4.29820E-14
   6007.78271   4.01315E-14
   6009.25684   3.97175E-14
   6010.73096   3.89056E-14
   6012.20508   3.74358E-14
   6013.67969   3.83706E-14
   6015.15381   3.93306E-14
   6016.62793   3.87182E-14
   6018.10205   3.92800E-14
   6019.57617   4.03521E-14
   6021.05029   4.00609E-14
   6022.52441   4.05786E-14
   6023.99902   3.89786E-14
   6025.47314   3.95639E-14
   6026.94727   4.03336E-14
   6028.42139   4.16033E-14
   6029.89551   4.27674E-14
   6031.36963   4.20216E-14
   6032.84424   4.17956E-14
   6034.31836   4.38706E-14
   6035.79248   4.55156E-14
   6037.26660   4.55602E-14
   6038.74072   4.36924E-14
   6040.21484   4.23650E-14
   6041.68896   4.50195E-14
   6043.16357   4.38984E-14
   6044.63770   4.38730E-14
   6046.11182   4.43184E-14
   6047.58594   4.37248E-14
   6049.06006   4.50012E-14
   6050.53418   4.54246E-14
   6052.00830   4.40284E-14
   6053.48291   4.38282E-14
   6054.95703   4.38682E-14
   6056.43115   4.37084E-14
   6057.90527   4.38095E-14
   6059.37939   4.40320E-14
   6060.85352   4.34254E-14
   6062.32812   4.33515E-14
   6063.80225   4.38245E-14
   6065.27637   4.52119E-14
   6066.75049   4.37987E-14
   6068.22461   4.48948E-14
   6069.69873   4.44561E-14
   6071.17285   4.62602E-14
   6072.64746   4.78181E-14
   6074.12158   5.00192E-14
   6075.59570   5.08927E-14
   6077.06982   5.12324E-14
   6078.54395   4.82794E-14
   6080.01807   4.71166E-14
   6081.49268   5.46193E-14
   6082.96680   9.77933E-14
   6084.44092   2.63287E-13
   6085.91504   5.57836E-13
   6087.38916   7.85015E-13
   6088.86328   7.23535E-13
   6090.33740   4.51303E-13
   6091.81201   2.02016E-13
   6093.28613   9.23635E-14
   6094.76025   5.79983E-14
   6096.23438   4.82856E-14
   6097.70850   4.92499E-14
   6099.18262   4.89715E-14
   6100.65723   5.10157E-14
   6102.13135   5.15264E-14
   6103.60547   5.06199E-14
   6105.07959   5.34212E-14
   6106.55371   5.78029E-14
   6108.02783   5.79146E-14
   6109.50195   5.22813E-14
   6110.97656   5.08178E-14
   6112.45068   4.95961E-14
   6113.92480   5.07835E-14
   6115.39893   5.09604E-14
   6116.87305   5.37719E-14
   6118.34717   5.49625E-14
   6119.82178   5.36232E-14
   6121.29590   5.18727E-14
   6122.77002   5.08389E-14
   6124.24414   5.00501E-14
   6125.71826   5.11637E-14
   6127.19238   5.02300E-14
   6128.66650   5.21690E-14
   6130.14111   5.26644E-14
   6131.61523   5.15036E-14
   6133.08936   4.97956E-14
   6134.56348   4.81203E-14
   6136.03760   4.80252E-14
   6137.51172   4.96801E-14
   6138.98584   4.87315E-14
   6140.46045   4.83748E-14
   6141.93457   4.89235E-14
   6143.40869   4.96860E-14
   6144.88281   5.07040E-14
   6146.35693   5.15268E-14
   6147.83105   5.19299E-14
   6149.30566   5.20842E-14
   6150.77979   5.04245E-14
   6152.25391   4.76301E-14
   6153.72803   4.54968E-14
   6155.20215   4.45812E-14
   6156.67627   4.55110E-14
   6158.15039   4.43907E-14
   6159.62500   4.24341E-14
   6161.09912   4.21127E-14
   6162.57324   4.12033E-14
   6164.04736   4.03132E-14
   6165.52148   4.05134E-14
   6166.99561   4.14640E-14
   6168.47021   4.32414E-14
   6169.94434   4.72354E-14
   6171.41846   4.99286E-14
   6172.89258   4.67569E-14
   6174.36670   4.26383E-14
   6175.84082   4.07806E-14
   6177.31494   3.96300E-14
   6178.78955   3.93262E-14
   6180.26367   3.91735E-14
   6181.73779   4.13329E-14
   6183.21191   4.11188E-14
   6184.68604   4.06766E-14
   6186.16016   3.92698E-14
   6187.63477   3.76255E-14
   6189.10889   3.89406E-14
   6190.58301   3.86922E-14
   6192.05713   3.75200E-14
   6193.53125   3.67353E-14
   6195.00537   3.69032E-14
   6196.47949   3.81203E-14
   6197.95410   3.81485E-14
   6199.42822   3.89524E-14
   6200.90234   3.92996E-14
   6202.37646   3.83335E-14
   6203.85059   3.83299E-14
   6205.32471   3.94636E-14
   6206.79932   4.05538E-14
   6208.27344   4.08006E-14
   6209.74756   4.01311E-14
   6211.22168   3.83261E-14
   6212.69580   3.95541E-14
   6214.16992   3.90072E-14
   6215.64404   3.83284E-14
   6217.11865   3.93382E-14
   6218.59277   3.86343E-14
   6220.06689   3.91432E-14
   6221.54102   3.89750E-14
   6223.01514   3.77087E-14
   6224.48926   3.71971E-14
   6225.96338   3.90686E-14
   6227.43799   4.11654E-14
   6228.91211   4.19193E-14
   6230.38623   4.36118E-14
   6231.86035   4.40691E-14
   6233.33447   4.69714E-14
   6234.80859   4.72815E-14
   6236.28320   4.49760E-14
   6237.75732   4.34283E-14
   6239.23145   4.45269E-14
   6240.70557   4.23885E-14
   6242.17969   3.91724E-14
   6243.65381   3.79978E-14
   6245.12793   3.85849E-14
   6246.60254   4.22675E-14
   6248.07666   4.65914E-14
   6249.55078   4.93180E-14
   6251.02490   4.58287E-14
   6252.49902   4.17552E-14
   6253.97314   4.03671E-14
   6255.44775   4.05811E-14
   6256.92188   4.14055E-14
   6258.39600   4.09454E-14
   6259.87012   4.17734E-14
   6261.34424   4.61120E-14
   6262.81836   4.78551E-14
   6264.29248   4.74024E-14
   6265.76709   4.36482E-14
   6267.24121   4.14534E-14
   6268.71533   4.11453E-14
   6270.18945   4.08004E-14
   6271.66357   4.08110E-14
   6273.13770   4.11138E-14
   6274.61230   4.19091E-14
   6276.08643   3.95713E-14
   6277.56055   3.90394E-14
   6279.03467   3.84628E-14
   6280.50879   3.91594E-14
   6281.98291   3.93602E-14
   6283.45703   3.91753E-14
   6284.93164   3.95138E-14
   6286.40576   4.21468E-14
   6287.87988   4.18737E-14
   6289.35400   4.33518E-14
   6290.82812   4.34186E-14
   6292.30225   4.36834E-14
   6293.77686   4.40964E-14
   6295.25098   4.32677E-14
   6296.72510   4.93816E-14
   6298.19922   6.98010E-14
   6299.67334   1.14660E-13
   6301.14746   1.51492E-13
   6302.62158   1.23563E-13
   6304.09619   7.15964E-14
   6305.57031   4.95580E-14
   6307.04443   4.81742E-14
   6308.51855   5.73689E-14
   6309.99268   7.65455E-14
   6311.46680   9.01300E-14
   6312.94092   8.30078E-14
   6314.41553   6.79328E-14
   6315.88965   5.59327E-14
   6317.36377   5.35205E-14
   6318.83789   5.70202E-14
   6320.31201   5.48323E-14
   6321.78613   5.11691E-14
   6323.26074   4.70409E-14
   6324.73486   4.78936E-14
   6326.20898   4.80944E-14
   6327.68311   4.78565E-14
   6329.15723   4.68859E-14
   6330.63135   4.87642E-14
   6332.10547   4.94790E-14
   6333.58008   4.98418E-14
   6335.05420   5.04637E-14
   6336.52832   4.92872E-14
   6338.00244   5.06361E-14
   6339.47656   5.15860E-14
   6340.95068   5.19571E-14
   6342.42529   5.20785E-14
   6343.89941   5.28739E-14
   6345.37354   5.57539E-14
   6346.84766   5.89026E-14
   6348.32178   5.91629E-14
   6349.79590   5.61796E-14
   6351.27002   5.30450E-14
   6352.74463   4.91588E-14
   6354.21875   5.08807E-14
   6355.69287   4.96016E-14
   6357.16699   5.00949E-14
   6358.64111   4.86820E-14
   6360.11523   5.05142E-14
   6361.58984   5.74341E-14
   6363.06396   7.30749E-14
   6364.53809   8.58801E-14
   6366.01221   7.77767E-14
   6367.48633   6.15865E-14
   6368.96045   5.90073E-14
   6370.43457   6.40508E-14
   6371.90918   6.67651E-14
   6373.38330   6.30202E-14
   6374.85742   5.82774E-14
   6376.33154   5.65497E-14
   6377.80566   5.81712E-14
   6379.27979   5.83370E-14
   6380.75439   5.63327E-14
   6382.22852   5.90618E-14
   6383.70264   6.32219E-14
   6385.17676   6.69923E-14
   6386.65088   6.34988E-14
   6388.12500   5.76553E-14
   6389.59912   5.53341E-14
   6391.07373   5.44363E-14
   6392.54785   5.44939E-14
   6394.02197   5.43206E-14
   6395.49609   5.57879E-14
   6396.97021   5.72617E-14
   6398.44434   5.67966E-14
   6399.91846   5.77582E-14
   6401.39307   6.11045E-14
   6402.86719   6.39601E-14
   6404.34131   6.88912E-14
   6405.81543   7.36957E-14
   6407.28955   7.49763E-14
   6408.76367   7.08828E-14
   6410.23828   6.40112E-14
   6411.71240   6.11200E-14
   6413.18652   5.95331E-14
   6414.66064   5.82162E-14
   6416.13477   5.98134E-14
   6417.60889   6.37426E-14
   6419.08301   6.28820E-14
   6420.55762   5.70497E-14
   6422.03174   5.62940E-14
   6423.50586   5.55317E-14
   6424.97998   5.51973E-14
   6426.45410   5.67370E-14
   6427.92822   5.78111E-14
   6429.40283   5.76628E-14
   6430.87695   6.17789E-14
   6432.35107   7.16024E-14
   6433.82520   8.35063E-14
   6435.29932   8.52446E-14
   6436.77344   8.28667E-14
   6438.24756   7.24535E-14
   6439.72217   6.45939E-14
   6441.19629   6.29296E-14
   6442.67041   6.46791E-14
   6444.14453   6.63808E-14
   6445.61865   6.65209E-14
   6447.09277   6.36791E-14
   6448.56738   6.18423E-14
   6450.04150   6.14929E-14
   6451.51562   6.25876E-14
   6452.98975   6.32790E-14
   6454.46387   6.58653E-14
   6455.93799   7.14333E-14
   6457.41211   7.73266E-14
   6458.88672   7.52267E-14
   6460.36084   6.90421E-14
   6461.83496   6.60576E-14
   6463.30908   6.73585E-14
   6464.78320   6.74747E-14
   6466.25732   7.16549E-14
   6467.73193   7.24032E-14
   6469.20605   7.05256E-14
   6470.68018   7.00145E-14
   6472.15430   7.00503E-14
   6473.62842   7.07523E-14
   6475.10254   6.88987E-14
   6476.57666   6.81053E-14
   6478.05127   6.91635E-14
   6479.52539   6.68864E-14
   6480.99951   6.38136E-14
   6482.47363   6.33396E-14
   6483.94775   6.72798E-14
   6485.42188   6.53831E-14
   6486.89648   6.26308E-14
   6488.37061   6.38830E-14
   6489.84473   6.47577E-14
   6491.31885   6.88793E-14
   6492.79297   7.20517E-14
   6494.26709   7.34082E-14
   6495.74121   6.93854E-14
   6497.21582   6.76227E-14
   6498.68994   6.98328E-14
   6500.16406   7.32515E-14
   6501.63818   7.51967E-14
   6503.11230   7.43714E-14
   6504.58643   7.55381E-14
   6506.06055   7.76784E-14
   6507.53516   7.77804E-14
   6509.00928   7.64913E-14
   6510.48340   7.59368E-14
   6511.95752   7.63168E-14
   6513.43164   7.79033E-14
   6514.90576   8.26905E-14
   6516.38037   9.00745E-14
   6517.85449   9.50005E-14
   6519.32861   9.06591E-14
   6520.80273   8.82432E-14
   6522.27686   8.84969E-14
   6523.75098   9.23355E-14
   6525.22510   1.02335E-13
   6526.69971   1.08662E-13
   6528.17383   1.14232E-13
   6529.64795   1.12681E-13
   6531.12207   1.10750E-13
   6532.59619   1.08204E-13
   6534.07031   1.16354E-13
   6535.54492   1.21124E-13
   6537.01904   1.29789E-13
   6538.49316   1.36772E-13
   6539.96729   1.51024E-13
   6541.44141   1.59275E-13
   6542.91553   1.73513E-13
   6544.38965   2.04234E-13
   6545.86426   2.47666E-13
   6547.33838   2.85924E-13
   6548.81250   2.88362E-13
   6550.28662   2.96239E-13
   6551.76074   3.27316E-13
   6553.23486   3.85016E-13
   6554.70947   5.23174E-13
   6556.18359   7.05029E-13
   6557.65771   1.74610E-12
   6559.13184   2.09123E-12
   6560.60596   4.02692E-12
   6562.08008   2.01516E-12
   6563.55420   2.03404E-12
   6565.02881   4.35286E-12
   6566.50293   3.88600E-12
   6567.97705   2.35108E-12
   6569.45117   1.32382E-12
   6570.92529   8.26563E-13
   6572.39941   5.82054E-13
   6573.87402   4.44108E-13
   6575.34814   3.57514E-13
   6576.82227   2.91774E-13
   6578.29639   2.60166E-13
   6579.77051   2.68954E-13
   6581.24463   3.32171E-13
   6582.71875   3.65802E-13
   6584.19336   2.93478E-13
   6585.66748   2.02447E-13
   6587.14160   1.60740E-13
   6588.61572   1.43714E-13
   6590.08984   1.31163E-13
   6591.56396   1.25588E-13
   6593.03809   1.17040E-13
   6594.51270   1.10181E-13
   6595.98682   1.07416E-13
   6597.46094   1.02033E-13
   6598.93506   9.93634E-14
   6600.40918   9.85818E-14
   6601.88330   9.47718E-14
   6603.35791   9.08219E-14
   6604.83203   9.01083E-14
   6606.30615   8.69661E-14
   6607.78027   8.64107E-14
   6609.25439   8.40143E-14
   6610.72852   8.15051E-14
   6612.20264   8.22674E-14
   6613.67725   8.13075E-14
   6615.15137   8.10969E-14
   6616.62549   7.89525E-14
   6618.09961   7.81479E-14
   6619.57373   7.87253E-14
   6621.04785   7.62371E-14
   6622.52246   7.50597E-14
   6623.99658   7.50826E-14
   6625.47070   7.40114E-14
   6626.94482   7.39733E-14
   6628.41895   7.41543E-14
   6629.89307   7.21482E-14
   6631.36719   7.26890E-14
   6632.84180   7.41299E-14
   6634.31592   6.91022E-14
   6635.79004   6.65608E-14
   6637.26416   6.63378E-14
   6638.73828   6.62568E-14
   6640.21240   6.96434E-14
   6641.68701   6.70534E-14
   6643.16113   6.59835E-14
   6644.63525   6.79436E-14
   6646.10938   6.74139E-14
   6647.58350   6.79350E-14
   6649.05762   6.59858E-14
   6650.53174   6.31616E-14
   6652.00635   6.18226E-14
   6653.48047   5.86050E-14
   6654.95459   5.68417E-14
   6656.42871   5.83802E-14
   6657.90283   5.87704E-14
   6659.37695   5.79151E-14
   6660.85156   5.92755E-14
   6662.32568   5.95922E-14
   6663.79980   5.98656E-14
   6665.27393   6.31609E-14
   6666.74805   6.42309E-14
   6668.22217   6.55532E-14
   6669.69629   6.28153E-14
   6671.17090   6.23842E-14
   6672.64502   6.34760E-14
   6674.11914   6.87297E-14
   6675.59326   8.62275E-14
   6677.06738   1.36038E-13
   6678.54150   2.04419E-13
   6680.01562   1.99500E-13
   6681.49023   1.27742E-13
   6682.96436   8.65725E-14
   6684.43848   7.83377E-14
   6685.91260   7.80257E-14
   6687.38672   7.48838E-14
   6688.86084   7.49141E-14
   6690.33545   7.21639E-14
   6691.80957   6.55545E-14
   6693.28369   6.05606E-14
   6694.75781   5.77205E-14
   6696.23193   5.78788E-14
   6697.70605   5.86633E-14
   6699.18018   5.89643E-14
   6700.65479   5.76990E-14
   6702.12891   5.90745E-14
   6703.60303   5.87376E-14
   6705.07715   5.93997E-14
   6706.55127   5.78495E-14
   6708.02539   6.00781E-14
   6709.50000   6.08435E-14
   6710.97412   5.87319E-14
   6712.44824   5.96298E-14
   6713.92236   5.68342E-14
   6715.39648   5.67787E-14
   6716.87061   5.28396E-14
   6718.34473   5.40703E-14
   6719.81934   5.19336E-14
   6721.29346   5.18570E-14
   6722.76758   5.41422E-14
   6724.24170   5.31625E-14
   6725.71582   5.29259E-14
   6727.18994   5.34786E-14
   6728.66455   5.65963E-14
   6730.13867   5.76712E-14
   6731.61279   5.95556E-14
   6733.08691   5.65063E-14
   6734.56104   5.61101E-14
   6736.03516   5.75124E-14
   6737.50928   5.64347E-14
   6738.98389   5.72609E-14
   6740.45801   5.85315E-14
   6741.93213   6.01193E-14
   6743.40625   5.85653E-14
   6744.88037   6.16581E-14
   6746.35449   6.06704E-14
   6747.82910   6.00347E-14
   6749.30322   5.79044E-14
   6750.77734   5.65036E-14
   6752.25146   5.69823E-14
   6753.72559   5.90413E-14
   6755.19971   5.66710E-14
   6756.67383   5.86124E-14
   6758.14844   5.78575E-14
   6759.62256   5.93516E-14
   6761.09668   5.97359E-14
   6762.57080   5.87566E-14
   6764.04492   5.97431E-14
   6765.51904   6.11339E-14
   6766.99316   6.10018E-14
   6768.46777   6.11570E-14
   6769.94189   6.32451E-14
   6771.41602   6.28916E-14
   6772.89014   6.19930E-14
   6774.36426   6.43157E-14
   6775.83838   6.44490E-14
   6777.31299   6.68565E-14
   6778.78711   6.55202E-14
   6780.26123   6.33459E-14
   6781.73535   6.25232E-14
   6783.20947   6.06616E-14
   6784.68359   5.72706E-14
   6786.15771   5.78905E-14
   6787.63232   5.76403E-14
   6789.10645   5.90930E-14
   6790.58057   6.12677E-14
   6792.05469   6.17860E-14
   6793.52881   6.30744E-14
   6795.00293   6.42042E-14
   6796.47754   6.47890E-14
   6797.95166   6.73769E-14
   6799.42578   6.70780E-14
   6800.89990   6.26750E-14
   6802.37402   6.51970E-14
   6803.84814   6.51297E-14
   6805.32227   6.40988E-14
   6806.79688   6.57560E-14
   6808.27100   6.64685E-14
   6809.74512   6.92764E-14
   6811.21924   6.99157E-14
   6812.69336   7.11288E-14
   6814.16748   7.72867E-14
   6815.64209   8.29090E-14
   6817.11621   8.82763E-14
   6818.59033   9.95884E-14
   6820.06445   1.20934E-13
   6821.53857   1.46985E-13
   6823.01270   1.71631E-13
   6824.48682   1.85076E-13
   6825.96143   1.88771E-13
   6827.43555   1.90284E-13
   6828.90967   1.99433E-13
   6830.38379   2.10344E-13
   6831.85791   2.09712E-13
   6833.33203   1.94528E-13
   6834.80664   1.72589E-13
   6836.28076   1.49118E-13
   6837.75488   1.32043E-13
   6839.22900   1.19758E-13
   6840.70312   1.11120E-13
   6842.17725   1.02055E-13
   6843.65137   1.00376E-13
   6845.12598   1.12784E-13
   6846.60010   1.35351E-13
   6848.07422   1.48906E-13
   6849.54834   1.32674E-13
   6851.02246   1.19917E-13
   6852.49658   9.67589E-14
   6853.97070   8.34809E-14
   6855.44531   7.74939E-14
   6856.91943   7.58939E-14
   6858.39355   7.44259E-14
   6859.86768   7.56299E-14
   6861.34180   7.81514E-14
   6862.81592   7.68646E-14
   6864.29053   7.53567E-14
   6865.76465   7.12198E-14
   6867.23877   6.31416E-14
   6868.71289   5.68005E-14
   6870.18701   5.53963E-14
   6871.66113   5.92511E-14
   6873.13525   6.41900E-14
   6874.60986   6.69787E-14
   6876.08398   6.87270E-14
   6877.55811   6.96626E-14
   6879.03223   7.43599E-14
   6880.50635   7.87802E-14
   6881.98047   8.10594E-14
   6883.45508   8.50639E-14
   6884.92920   8.21412E-14
   6886.40332   7.77937E-14
   6887.87744   7.85471E-14
   6889.35156   8.61948E-14
   6890.82568   9.60189E-14
   6892.29980   9.74378E-14
   6893.77441   9.01218E-14
   6895.24854   8.51492E-14
   6896.72266   8.27580E-14
   6898.19678   8.05000E-14
   6899.67090   7.98849E-14
   6901.14502   8.00727E-14
   6902.61963   8.16228E-14
   6904.09375   8.28111E-14
   6905.56787   8.35585E-14
   6907.04199   8.73169E-14
   6908.51611   9.04055E-14
   6909.99023   8.94355E-14
   6911.46436   9.05112E-14
   6912.93896   9.29575E-14
   6914.41309   9.22320E-14
   6915.88721   9.73011E-14
   6917.36133   9.44847E-14
   6918.83545   9.07983E-14
   6920.30957   8.72634E-14
   6921.78418   8.76613E-14
   6923.25830   8.55474E-14
   6924.73242   8.67731E-14
   6926.20654   8.89332E-14
   6927.68066   8.76458E-14
   6929.15479   8.86387E-14
   6930.62891   8.94468E-14
   6932.10352   8.91800E-14
   6933.57764   9.29374E-14
   6935.05176   9.23802E-14
   6936.52588   9.21707E-14
   6938.00000   9.08962E-14
   6939.47412   9.35826E-14
   6940.94824   9.27166E-14
   6942.42285   9.35231E-14
   6943.89697   9.69142E-14
   6945.37109   1.03255E-13
   6946.84521   1.00307E-13
   6948.31934   9.90967E-14
   6949.79346   9.94932E-14
   6951.26807   1.02090E-13
   6952.74219   9.90299E-14
   6954.21631   9.87720E-14
   6955.69043   9.88793E-14
   6957.16455   9.91415E-14
   6958.63867   9.90694E-14
   6960.11279   1.01756E-13
   6961.58740   1.04211E-13
   6963.06152   1.06279E-13
   6964.53564   1.08032E-13
   6966.00977   1.10653E-13
   6967.48389   1.12722E-13
   6968.95801   1.12610E-13
   6970.43262   1.14946E-13
   6971.90674   1.12455E-13
   6973.38086   1.13101E-13
   6974.85498   1.15540E-13
   6976.32910   1.17677E-13
   6977.80322   1.20609E-13
   6979.27734   1.19630E-13
   6980.75195   1.20791E-13
   6982.22607   1.21772E-13
   6983.70020   1.26775E-13
   6985.17432   1.23025E-13
   6986.64844   1.17123E-13
   6988.12256   1.16115E-13
   6989.59717   1.15496E-13
   6991.07129   1.11935E-13
   6992.54541   1.13278E-13
   6994.01953   1.16676E-13
   6995.49365   1.18965E-13
   6996.96777   1.22207E-13
   6998.44189   1.22898E-13
   6999.91650   1.21591E-13
   7001.39062   1.27605E-13
   7002.86475   1.34619E-13
   7004.33887   1.50316E-13
   7005.81299   1.64965E-13
   7007.28711   1.72445E-13
   7008.76172   1.58381E-13
   7010.23584   1.40832E-13
   7011.70996   1.32533E-13
   7013.18408   1.28075E-13
   7014.65820   8.95201E-14
   7016.13232   1.27019E-13
   7017.60645   1.27548E-13
   7019.08105   1.27630E-13
   7020.55518   1.26767E-13
   7022.02930   1.25509E-13
   7023.50342   1.25652E-13
   7024.97754   1.24156E-13
   7026.45166   1.26083E-13
   7027.92578   1.25920E-13
   7029.40039   1.28915E-13
   7030.87451   1.36126E-13
   7032.34863   1.34478E-13
   7033.82275   1.28627E-13
   7035.29688   1.33294E-13
   7036.77100   1.31917E-13
   7038.24561   1.24874E-13
   7039.71973   1.21089E-13
   7041.19385   1.22530E-13
   7042.66797   1.24585E-13
   7044.14209   1.29400E-13
   7045.61621   1.28271E-13
   7047.09033   1.30096E-13
   7048.56494   1.29971E-13
   7050.03906   1.31869E-13
   7051.51318   1.30551E-13
   7052.98730   1.26135E-13
   7054.46143   1.14933E-13
   7055.93555   9.30448E-14
   7057.41016   8.14342E-14
   7058.88428   8.20477E-14
   7060.35840   8.64859E-14
   7061.83252   1.06371E-13
   7063.30664   1.88974E-13
   7064.78076   3.82408E-13
   7066.25488   5.48020E-13
   7067.72949   4.49101E-13
   7069.20361   2.18971E-13
   7070.67773   1.08177E-13
   7072.15186   8.66106E-14
   7073.62598   8.34734E-14
   7075.10010   8.57318E-14
   7076.57471   8.97053E-14
   7078.04883   9.35301E-14
   7079.52295   9.70948E-14
   7080.99707   9.71565E-14
   7082.47119   9.57181E-14
   7083.94531   9.80698E-14
   7085.41943   1.02529E-13
   7086.89404   1.05940E-13
   7088.36816   1.05211E-13
   7089.84229   1.01322E-13
   7091.31641   9.71008E-14
   7092.79053   9.67719E-14
   7094.26465   9.23199E-14
   7095.73926   8.57410E-14
   7097.21338   7.89124E-14
   7098.68750   7.59578E-14
   7100.16162   7.75257E-14
   7101.63574   7.58922E-14
   7103.10986   7.55813E-14
   7104.58398   7.17273E-14
   7106.05859   7.36159E-14
   7107.53271   7.59287E-14
   7109.00684   7.63143E-14
   7110.48096   7.77365E-14
   7111.95508   7.74312E-14
   7113.42920   7.83343E-14
   7114.90381   7.78711E-14
   7116.37793   7.74500E-14
   7117.85205   7.74820E-14
   7119.32617   8.09069E-14
   7120.80029   8.09498E-14
   7122.27441   8.18442E-14
   7123.74854   8.14046E-14
   7125.22314   7.78129E-14
   7126.69727   7.13678E-14
   7128.17139   6.43675E-14
   7129.64551   6.55402E-14
   7131.11963   7.17818E-14
   7132.59375   8.60856E-14
   7134.06787   1.14015E-13
   7135.54248   1.24740E-13
   7137.01660   1.08695E-13
   7138.49072   8.83701E-14
   7139.96484   7.43325E-14
   7141.43896   6.79114E-14
   7142.91309   7.06915E-14
   7144.38770   6.99903E-14
   7145.86182   6.83515E-14
   7147.33594   7.03358E-14
   7148.81006   7.11204E-14
   7150.28418   7.25752E-14
   7151.75830   7.43620E-14
   7153.23242   8.70436E-14
   7154.70703   1.03552E-13
   7156.18115   1.11023E-13
   7157.65527   1.00804E-13
   7159.12939   8.35799E-14
   7160.60352   7.57437E-14
   7162.07764   7.41202E-14
   7163.55225   7.48748E-14
   7165.02637   7.49238E-14
   7166.50049   7.65343E-14
   7167.97461   7.97135E-14
   7169.44873   9.14543E-14
   7170.92285   1.00256E-13
   7172.39697   9.60991E-14
   7173.87158   8.76298E-14
   7175.34570   8.58570E-14
   7176.81982   9.62398E-14
   7178.29395   1.03587E-13
   7179.76807   1.00315E-13
   7181.24219   8.75857E-14
   7182.71680   7.81285E-14
   7184.19092   7.52914E-14
   7185.66504   7.14683E-14
   7187.13916   7.42315E-14
   7188.61328   7.88352E-14
   7190.08740   8.03462E-14
   7191.56152   8.06298E-14
   7193.03613   7.69695E-14
   7194.51025   7.99605E-14
   7195.98438   8.13133E-14
   7197.45850   7.66700E-14
   7198.93262   7.65722E-14
   7200.40674   7.34902E-14
   7201.88135   7.37395E-14
   7203.35547   7.60297E-14
   7204.82959   7.69017E-14
   7206.30371   7.69658E-14
   7207.77783   8.10354E-14
   7209.25195   8.54675E-14
   7210.72607   8.53935E-14
   7212.20068   8.78638E-14
   7213.67480   8.91901E-14
   7215.14893   8.64262E-14
   7216.62305   8.67931E-14
   7218.09717   8.83245E-14
   7219.57129   8.89310E-14
   7221.04541   9.27521E-14
   7222.52002   9.23280E-14
   7223.99414   9.15480E-14
   7225.46826   9.45139E-14
   7226.94238   9.36387E-14
   7228.41650   9.35076E-14
   7229.89062   9.55825E-14
   7231.36523   8.84910E-14
   7232.83936   8.28891E-14
   7234.31348   8.43760E-14
   7235.78760   9.61490E-14
   7237.26172   1.03857E-13
   7238.73584   1.03199E-13
   7240.20996   9.75415E-14
   7241.68457   9.39397E-14
   7243.15869   9.16854E-14
   7244.63281   9.07903E-14
   7246.10693   9.69114E-14
   7247.58105   9.89984E-14
   7249.05518   9.94630E-14
   7250.52979   1.02255E-13
   7252.00391   9.73273E-14
   7253.47803   9.75748E-14
   7254.95215   1.03603E-13
   7256.42627   1.09155E-13
   7257.90039   1.07560E-13
   7259.37451   1.08835E-13
   7260.84912   1.12555E-13
   7262.32324   1.14960E-13
   7263.79736   1.14953E-13
   7265.27148   1.13679E-13
   7266.74561   1.14123E-13
   7268.21973   1.16712E-13
   7269.69434   1.18081E-13
   7271.16846   1.13826E-13
   7272.64258   1.08891E-13
   7274.11670   1.03472E-13
   7275.59082   1.05342E-13
   7277.06494   1.04516E-13
   7278.53906   1.13525E-13
   7280.01367   1.35349E-13
   7281.48779   1.57604E-13
   7282.96191   1.64380E-13
   7284.43604   1.45740E-13
   7285.91016   1.24039E-13
   7287.38428   1.17195E-13
   7288.85889   1.17258E-13
   7290.33301   1.21051E-13
   7291.80713   1.37493E-13
   7293.28125   1.44592E-13
   7294.75537   1.38651E-13
   7296.22949   1.31179E-13
   7297.70361   1.33336E-13
   7299.17822   1.30353E-13
   7300.65234   1.28380E-13
   7302.12646   1.27040E-13
   7303.60059   1.27257E-13
   7305.07471   1.31847E-13
   7306.54883   1.43605E-13
   7308.02295   1.42832E-13
   7309.49756   1.44434E-13
   7310.97168   1.45106E-13
   7312.44580   1.43237E-13
   7313.91992   1.46222E-13
   7315.39404   1.49352E-13
   7316.86816   1.55133E-13
   7318.34277   1.76125E-13
   7319.81689   1.86861E-13
   7321.29102   1.81200E-13
   7322.76514   1.76815E-13
   7324.23926   1.76708E-13
   7325.71338   1.83654E-13
   7327.18750   1.82649E-13
   7328.66211   1.93081E-13
   7330.13623   1.97032E-13
   7331.61035   1.79942E-13
   7333.08447   1.69406E-13
   7334.55859   1.64091E-13
   7336.03271   1.71462E-13
   7337.50732   1.74069E-13
   7338.98145   1.78969E-13
   7340.45557   1.80716E-13
   7341.92969   1.82918E-13
   7343.40381   1.76405E-13
   7344.87793   1.66979E-13
   7346.35205   1.67515E-13
   7347.82666   1.68411E-13
   7349.30078   1.73232E-13
   7350.77490   1.75971E-13
   7352.24902   1.77502E-13
   7353.72314   1.78822E-13
   7355.19727   1.78527E-13
   7356.67188   1.77399E-13
   7358.14600   1.79915E-13
   7359.62012   1.79207E-13
   7361.09424   1.86866E-13
   7362.56836   1.84953E-13
   7364.04248   1.88433E-13
   7365.51660   1.89677E-13
   7366.99121   1.89790E-13
   7368.46533   1.92976E-13
   7369.93945   1.98912E-13
   7371.41357   2.04592E-13
   7372.88770   1.99455E-13
   7374.36182   1.99518E-13
   7375.83643   2.01733E-13
   7377.31055   2.07116E-13
   7378.78467   2.16869E-13
   7380.25879   2.15913E-13
   7381.73291   2.12761E-13
   7383.20703   2.08340E-13
   7384.68115   2.12443E-13
   7386.15576   2.13083E-13
   7387.62988   2.17295E-13
   7389.10400   2.25563E-13
   7390.57812   2.20242E-13
   7392.05225   2.17506E-13
   7393.52637   2.14950E-13
   7395.00049   2.10040E-13
   7396.47510   2.08626E-13
   7397.94922   2.10400E-13
   7399.42334   2.19875E-13
   7400.89746   2.16768E-13
   7402.37158   2.20042E-13
   7403.84570   2.21752E-13
   7405.32031   2.23865E-13
   7406.79443   2.18195E-13
   7408.26855   2.21673E-13
   7409.74268   2.23933E-13
   7411.21680   2.29720E-13
   7412.69092   2.36148E-13
   7414.16504   2.34140E-13
   7415.63965   2.26464E-13
   7417.11377   2.24473E-13
   7418.58789   2.14797E-13
