#  puvul.277  455353.93990    1.0
#     wave       flux
   3473.38135   2.29892E-12
   3474.85254   1.66027E-12
   3476.32373   1.11884E-12
   3477.79517   8.68214E-13
   3479.26636   1.19067E-12
   3480.73755   2.19690E-12
   3482.20874   1.69366E-13
   3483.68018  -6.81549E-13
   3485.15137   1.31376E-12
   3486.62256   1.09114E-12
   3488.09375   8.13447E-13
   3489.56519  -2.72076E-13
   3491.03638   4.32901E-13
   3492.50757   1.39068E-12
   3493.97876   9.61715E-14
   3495.45020  -1.68457E-13
   3496.92139  -9.06111E-14
   3498.39258   4.72176E-14
   3499.86377  -4.52161E-13
   3501.33496   1.00055E-12
   3502.80640  -6.63872E-13
   3504.27759  -6.32762E-13
   3505.74878   1.12408E-12
   3507.21997  -9.87668E-14
   3508.69141   1.44860E-13
   3510.16260   7.38696E-13
   3511.63379   3.14452E-13
   3513.10498  -7.59332E-13
   3514.57642   6.78686E-13
   3516.04761   8.96323E-13
   3517.51880   5.86130E-13
   3518.98999   2.15313E-12
   3520.46143   6.02521E-13
   3521.93262  -2.59556E-13
   3523.40381  -4.74425E-13
   3524.87500   8.57114E-13
   3526.34644   1.41852E-12
   3527.81763   1.49941E-12
   3529.28882   3.42328E-13
   3530.76001  -1.17929E-13
   3532.23120  -3.67540E-13
   3533.70264   1.99114E-13
   3535.17383  -7.36821E-13
   3536.64502   2.36796E-13
   3538.11621   4.79192E-13
   3539.58765   5.01258E-13
   3541.05884   2.47741E-12
   3542.53003   1.27026E-12
   3544.00122  -2.22867E-13
   3545.47266  -2.37391E-13
   3546.94385   1.17151E-12
   3548.41504  -4.00806E-13
   3549.88623  -8.11434E-13
   3551.35767  -1.26290E-13
   3552.82886   5.16035E-14
   3554.30005   4.86672E-13
   3555.77124   2.25459E-13
   3557.24243   8.76638E-13
   3558.71387  -7.98957E-13
   3560.18506   5.90195E-13
   3561.65625   6.36558E-13
   3563.12744   7.13080E-13
   3564.59888   5.26228E-13
   3566.07007  -1.09511E-13
   3567.54126  -1.13687E-12
   3569.01245   2.27760E-13
   3570.48389   1.15499E-14
   3571.95508   8.50778E-13
   3573.42627  -1.21158E-12
   3574.89746   5.72921E-13
   3576.36890  -7.45926E-13
   3577.84009   9.96909E-13
   3579.31128  -1.09821E-12
   3580.78247   9.28595E-13
   3582.25366   9.17748E-13
   3583.72510  -2.17273E-13
   3585.19629   1.23622E-12
   3586.66748  -5.27030E-15
   3588.13867  -7.04316E-13
   3589.61011  -2.33693E-13
   3591.08130  -8.48639E-14
   3592.55249  -1.59477E-13
   3594.02368   9.84756E-14
   3595.49512   6.23977E-13
   3596.96631  -9.92305E-13
   3598.43750   1.54375E-13
   3599.90869   1.90938E-13
   3601.38013   2.02153E-13
   3602.85132   1.16907E-14
   3604.32251   1.30505E-13
   3605.79370   1.16035E-12
   3607.26514   6.29486E-13
   3608.73633   5.04324E-13
   3610.20752  -1.30707E-13
   3611.67871  -1.28219E-13
   3613.14990   7.00823E-13
   3614.62134   1.59281E-13
   3616.09253  -1.51577E-13
   3617.56372   2.31444E-13
   3619.03491  -5.04919E-13
   3620.50635  -3.96155E-13
   3621.97754   4.80322E-13
   3623.44873   2.78233E-13
   3624.91992  -1.76557E-13
   3626.39136   1.14638E-12
   3627.86255   8.74142E-13
   3629.33374  -7.02917E-13
   3630.80493   1.30128E-13
   3632.27637   1.21891E-12
   3633.74756   1.57495E-13
   3635.21875   1.10875E-12
   3636.68994   7.46727E-13
   3638.16113   4.10300E-13
   3639.63257   4.03993E-13
   3641.10376  -5.53804E-14
   3642.57495  -3.76844E-13
   3644.04614   4.56285E-13
   3645.51758   8.61482E-13
   3646.98877  -3.33843E-13
   3648.45996   4.49833E-14
   3649.93115   1.75719E-13
   3651.40259   2.90819E-13
   3652.87378   1.40895E-12
   3654.34497   4.20796E-13
   3655.81616  -1.82234E-14
   3657.28760   6.39760E-14
   3658.75879   3.44443E-13
   3660.22998  -8.35540E-14
   3661.70117  -2.32634E-13
   3663.17236  -7.71132E-14
   3664.64380   6.06669E-15
   3666.11499   2.96045E-13
   3667.58618   8.09425E-13
   3669.05737   2.68861E-13
   3670.52881  -7.28617E-13
   3672.00000  -8.95957E-14
   3673.47119   7.02569E-13
   3674.94238   7.30703E-13
   3676.41382   1.92881E-13
   3677.88501   4.39542E-13
   3679.35620  -2.84108E-13
   3680.82739   8.26747E-14
   3682.29883   8.55400E-13
   3683.77002   4.00899E-13
   3685.24121  -1.86320E-13
   3686.71240  -1.95830E-13
   3688.18384   4.82304E-13
   3689.65503   4.36180E-13
   3691.12622   3.81992E-13
   3692.59741   7.84111E-13
   3694.06860  -3.00383E-13
   3695.54004   6.44653E-13
   3697.01123   4.17059E-13
   3698.48242   5.72743E-13
   3699.95361   4.54867E-13
   3701.42505  -3.44445E-13
   3702.89624  -5.48587E-13
   3704.36743  -6.47627E-14
   3705.83862  -4.55965E-13
   3707.31006  -1.72487E-15
   3708.78125   1.37087E-13
   3710.25244   3.82657E-14
   3711.72363   3.73018E-13
   3713.19507   1.46322E-13
   3714.66626   8.37017E-14
   3716.13745  -7.78251E-15
   3717.60864   8.19423E-14
   3719.07983   9.40249E-14
   3720.55127  -6.91538E-13
   3722.02246   2.50818E-13
   3723.49365  -9.36876E-14
   3724.96484  -4.65817E-14
   3726.43628  -1.56934E-13
   3727.90747   4.23538E-13
   3729.37866   6.23115E-13
   3730.84985   3.48728E-13
   3732.32129   4.27330E-13
   3733.79248  -1.53281E-13
   3735.26367   4.00889E-13
   3736.73486  -1.50029E-13
   3738.20630   4.48201E-13
   3739.67749  -4.74379E-14
   3741.14868  -4.00765E-13
   3742.61987   9.35996E-14
   3744.09106  -3.96277E-14
   3745.56250  -2.21864E-14
   3747.03369   5.82881E-13
   3748.50488   3.58903E-13
   3749.97607  -6.93180E-14
   3751.44751  -1.30369E-13
   3752.91870  -2.08131E-13
   3754.38989  -1.41360E-13
   3755.86108   4.29160E-13
   3757.33252  -4.52921E-13
   3758.80371   1.62564E-13
   3760.27490   5.53944E-13
   3761.74609   4.35473E-13
   3763.21753   1.99792E-13
   3764.68872  -1.60488E-13
   3766.15991   4.07094E-13
   3767.63110  -3.32412E-13
   3769.10254   5.20771E-13
   3770.57373   6.31874E-13
   3772.04492   1.52188E-13
   3773.51611  -1.02941E-13
   3774.98730   5.10477E-13
   3776.45874   9.11923E-14
   3777.92993   1.28854E-13
   3779.40112  -1.66351E-13
   3780.87231   4.89264E-13
   3782.34375   1.13125E-13
   3783.81494   2.80443E-13
   3785.28613  -2.44935E-13
   3786.75732  -4.46804E-13
   3788.22876   1.06102E-13
   3789.69995   2.70595E-13
   3791.17114  -3.55153E-13
   3792.64233  -2.45826E-13
   3794.11377  -3.15937E-13
   3795.58496  -2.60065E-13
   3797.05615  -3.27434E-13
   3798.52734  -1.40212E-13
   3799.99854   4.65569E-14
   3801.46997  -6.74090E-14
   3802.94116   2.03282E-13
   3804.41235   4.28382E-13
   3805.88354   5.42516E-13
   3807.35498   3.31154E-13
   3808.82617   4.51483E-15
   3810.29736   6.89032E-13
   3811.76855  -1.04649E-13
   3813.23999  -2.24200E-13
   3814.71118   3.00422E-13
   3816.18237   2.29613E-13
   3817.65356   2.97850E-13
   3819.12500  -3.14538E-13
   3820.59619  -1.41576E-14
   3822.06738  -5.40072E-14
   3823.53857   2.17544E-13
   3825.00977   3.85527E-13
   3826.48120  -2.68216E-13
   3827.95239   1.30438E-13
   3829.42358  -8.46704E-14
   3830.89478  -6.43827E-14
   3832.36621   3.52433E-13
   3833.83740   3.00174E-13
   3835.30859   2.41979E-13
   3836.77979   1.16895E-13
   3838.25122   7.76056E-14
   3839.72241  -2.37626E-13
   3841.19360   2.50143E-13
   3842.66479   5.74905E-14
   3844.13623   1.37597E-13
   3845.60742  -2.65976E-13
   3847.07861   3.95364E-13
   3848.54980   4.10693E-14
   3850.02100   2.07324E-13
   3851.49243   1.48679E-13
   3852.96362  -3.24737E-13
   3854.43481  -2.99346E-14
   3855.90601   5.67199E-14
   3857.37744   4.84383E-13
   3858.84863   2.17305E-13
   3860.31982   7.07415E-14
   3861.79102   4.97059E-13
   3863.26245   2.96407E-13
   3864.73364   2.27846E-13
   3866.20483   5.25900E-13
   3867.67603   3.67860E-13
   3869.14746   5.92441E-15
   3870.61865   4.65900E-14
   3872.08984   4.09944E-13
   3873.56104   2.24473E-13
   3875.03247   2.33032E-13
   3876.50366   1.34050E-13
   3877.97485  -7.75048E-14
   3879.44604  -1.36627E-13
   3880.91724   3.64533E-14
   3882.38867  -1.23975E-13
   3883.85986   7.18083E-14
   3885.33105   1.76404E-13
   3886.80225   2.92306E-13
   3888.27368   4.70674E-13
   3889.74487   5.98506E-13
   3891.21606   1.29628E-13
   3892.68726  -7.26842E-14
   3894.15869   2.49977E-13
   3895.62988   2.38595E-13
   3897.10107  -3.62826E-14
   3898.57227  -8.45963E-14
   3900.04370   1.37048E-13
   3901.51489   1.74935E-13
   3902.98608  -2.34731E-13
   3904.45728  -6.68444E-14
   3905.92847  -1.41358E-14
   3907.39990  -8.22093E-14
   3908.87109  -2.15285E-13
   3910.34229   2.99062E-13
   3911.81348   3.34735E-13
   3913.28491   2.04447E-13
   3914.75610   9.54499E-14
   3916.22729  -2.50776E-13
   3917.69849  -3.73872E-13
   3919.16992  -5.17199E-14
   3920.64111  -7.14432E-14
   3922.11230   1.36847E-13
   3923.58350   2.67320E-13
   3925.05493   4.51754E-13
   3926.52612   2.40827E-13
   3927.99731   2.16579E-13
   3929.46851   1.83793E-13
   3930.93970  -9.33249E-14
   3932.41113  -1.54784E-13
   3933.88232   4.29108E-13
   3935.35352  -1.82510E-13
   3936.82471   3.07745E-14
   3938.29614   8.72484E-14
   3939.76733   2.39712E-13
   3941.23853  -2.46498E-13
   3942.70972   1.00627E-14
   3944.18115  -1.95526E-15
   3945.65234  -2.32430E-14
   3947.12354   1.00769E-13
   3948.59473   9.34524E-14
   3950.06616   9.37091E-14
   3951.53735  -7.54850E-14
   3953.00854   3.13462E-13
   3954.47974  -7.55953E-14
   3955.95117  -4.11833E-14
   3957.42236   8.17404E-14
   3958.89355  -2.27254E-14
   3960.36475   1.75188E-13
   3961.83594   1.56270E-13
   3963.30737   2.28474E-13
   3964.77856   1.48169E-13
   3966.24976   2.60007E-14
   3967.72095   4.28411E-13
   3969.19238  -1.22550E-13
   3970.66357   1.08275E-13
   3972.13477  -1.40830E-14
   3973.60596   1.00565E-13
   3975.07739   1.64375E-13
   3976.54858  -1.39170E-13
   3978.01978   1.53171E-13
   3979.49097   4.16654E-13
   3980.96240  -2.58981E-14
   3982.43359  -1.02120E-13
   3983.90479  -1.73259E-13
   3985.37598  -8.77040E-15
   3986.84717   1.48374E-14
   3988.31860   1.35032E-13
   3989.78979   4.22330E-14
   3991.26099   1.23436E-13
   3992.73218   1.31957E-13
   3994.20361   3.81093E-14
   3995.67480   3.10971E-13
   3997.14600   1.98302E-13
   3998.61719  -8.61604E-14
   4000.08862  -9.27743E-14
   4001.55981   4.48517E-13
   4003.03101   2.24039E-14
   4004.50220  -2.50889E-13
   4005.97363  -1.35503E-13
   4007.44482  -3.03312E-14
   4008.91602  -2.09788E-13
   4010.38721  -1.32039E-13
   4011.85840   5.95444E-14
   4013.32983   6.69868E-14
   4014.80103   2.28080E-13
   4016.27222  -5.97078E-16
   4017.74341   7.92456E-14
   4019.21484   2.54720E-13
   4020.68604   2.19782E-13
   4022.15723  -2.82920E-14
   4023.62842  -6.96663E-14
   4025.09985   4.22550E-15
   4026.57104   6.96405E-14
   4028.04224  -7.92162E-15
   4029.51343   1.01946E-13
   4030.98486   8.47004E-14
   4032.45605   4.15942E-14
   4033.92725  -1.36684E-13
   4035.39844   4.74843E-14
   4036.86987  -4.32737E-14
   4038.34106   8.58513E-14
   4039.81226   9.03980E-14
   4041.28345   5.03427E-14
   4042.75464  -9.04514E-16
   4044.22607   6.84977E-14
   4045.69727   1.32065E-13
   4047.16846  -5.60750E-15
   4048.63965   1.28235E-13
   4050.11108   1.39667E-13
   4051.58228   2.49315E-14
   4053.05347  -2.46138E-13
   4054.52466  -1.55695E-15
   4055.99609   1.54622E-13
   4057.46729   9.06713E-15
   4058.93848  -6.10071E-14
   4060.40967   8.84124E-14
   4061.88110  -1.00132E-13
   4063.35229  -9.38008E-14
   4064.82349   8.73830E-14
   4066.29468   1.91804E-13
   4067.76587   1.64252E-16
   4069.23730   1.45797E-13
   4070.70850   8.25736E-14
   4072.17969  -1.12384E-13
   4073.65088   6.32253E-14
   4075.12231  -5.04639E-14
   4076.59351   2.30923E-13
   4078.06470   1.13073E-13
   4079.53589  -1.05982E-13
   4081.00732   2.08511E-14
   4082.47852  -9.31728E-14
   4083.94971   1.46700E-13
   4085.42090   5.74083E-14
   4086.89233   7.92329E-14
   4088.36353  -4.25421E-14
   4089.83472  -1.78943E-13
   4091.30591   1.46033E-13
   4092.77710   1.40009E-13
   4094.24854   3.04071E-13
   4095.71973  -5.97632E-15
   4097.19092  -1.47314E-13
   4098.66211   4.38897E-13
   4100.13330   2.72203E-14
   4101.60449   1.48247E-13
   4103.07617   2.38465E-13
   4104.54736   1.32455E-13
   4106.01855   2.07017E-13
   4107.48975  -1.16086E-13
   4108.96094   3.38790E-14
   4110.43213   3.01260E-13
   4111.90332  -5.12576E-14
   4113.37451   1.95779E-14
   4114.84619   1.71864E-13
   4116.31738   4.15007E-14
   4117.78857  -1.11313E-13
   4119.25977   3.93512E-13
   4120.73096   1.90669E-13
   4122.20215  -1.02828E-13
   4123.67334   2.53810E-13
   4125.14453   1.86234E-13
   4126.61572   6.19962E-14
   4128.08740   1.11125E-13
   4129.55859   9.37074E-14
   4131.02979   2.64880E-13
   4132.50098   1.62706E-13
   4133.97217  -1.94031E-14
   4135.44336   1.73225E-13
   4136.91455  -9.47689E-14
   4138.38574   1.50284E-13
   4139.85742   1.49887E-13
   4141.32861   3.39738E-14
   4142.79980   9.69860E-14
   4144.27100   1.25882E-13
   4145.74219   1.63674E-14
   4147.21338   1.26919E-13
   4148.68457   1.38920E-13
   4150.15576  -4.20730E-14
   4151.62695   4.72409E-14
   4153.09863  -4.41124E-14
   4154.56982  -1.89701E-13
   4156.04102  -9.42020E-14
   4157.51221   1.80792E-14
   4158.98340   1.08228E-13
   4160.45459   1.27422E-13
   4161.92578   1.40957E-13
   4163.39697   8.70063E-14
   4164.86865   8.56336E-14
   4166.33984  -4.96087E-14
   4167.81104  -2.74898E-14
   4169.28223  -3.01284E-14
   4170.75342   1.23937E-13
   4172.22461  -1.79438E-15
   4173.69580   1.29176E-14
   4175.16699  -3.80093E-14
   4176.63818   8.50949E-14
   4178.10986   1.42343E-13
   4179.58105  -1.88019E-13
   4181.05225  -9.15533E-16
   4182.52344   3.89746E-14
   4183.99463   1.14924E-13
   4185.46582  -1.30471E-13
   4186.93701  -1.57154E-13
   4188.40820   8.04782E-14
   4189.87988   1.09707E-13
   4191.35107   1.77378E-13
   4192.82227   1.16650E-13
   4194.29346   1.01249E-13
   4195.76465  -8.12353E-14
   4197.23584  -7.60709E-14
   4198.70703   8.09261E-14
   4200.17822  -1.44232E-13
   4201.64941   1.29124E-13
   4203.12109   6.46473E-14
   4204.59229   1.12588E-13
   4206.06348   1.46710E-13
   4207.53467  -8.24142E-14
   4209.00586   6.46637E-14
   4210.47705   1.57462E-14
   4211.94824   3.17495E-14
   4213.41943   2.07608E-14
   4214.89111   1.43185E-13
   4216.36230  -1.22366E-13
   4217.83350  -2.52369E-14
   4219.30469   2.38261E-13
   4220.77588  -6.49135E-14
   4222.24707  -1.41995E-15
   4223.71826  -6.46873E-14
   4225.18945  -7.46710E-14
   4226.66064   3.52164E-14
   4228.13232   5.31857E-14
   4229.60352  -1.65702E-13
   4231.07471  -5.06583E-14
   4232.54590  -3.29447E-14
   4234.01709   6.34448E-14
   4235.48828   2.60651E-15
   4236.95947  -2.53122E-14
   4238.43066   7.17204E-14
   4239.90234   1.36051E-13
   4241.37354  -3.18108E-16
   4242.84473   5.78989E-14
   4244.31592   7.27384E-14
   4245.78711   1.03687E-13
   4247.25830  -7.62972E-14
   4248.72949  -7.87561E-14
   4250.20068  -1.09441E-13
   4251.67236   8.89255E-14
   4253.14355   2.75870E-14
   4254.61475   1.07171E-13
   4256.08594   9.72203E-15
   4257.55713   9.35483E-15
   4259.02832  -1.45478E-13
   4260.49951   3.80259E-14
   4261.97070   8.44920E-14
   4263.44189   1.19786E-13
   4264.91357   1.30527E-13
   4266.38477  -1.45498E-13
   4267.85596  -2.41363E-14
   4269.32715   1.59898E-13
   4270.79834  -4.48228E-14
   4272.26953  -6.82209E-14
   4273.74072  -1.28783E-13
   4275.21191   1.91348E-14
   4276.68359   8.43861E-14
   4278.15479  -8.73404E-15
   4279.62598   2.44959E-14
   4281.09717  -6.38255E-14
   4282.56836  -1.02794E-13
   4284.03955  -8.93305E-14
   4285.51074  -3.57580E-14
   4286.98193   1.21281E-13
   4288.45312   1.91874E-14
   4289.92480   5.09825E-14
   4291.39600   2.55888E-13
   4292.86719   7.62049E-14
   4294.33838   2.25589E-14
   4295.80957   1.86819E-13
   4297.28076   9.03053E-14
   4298.75195  -5.17957E-14
   4300.22314  -4.95756E-14
   4301.69482  -9.77320E-14
   4303.16602   1.15529E-14
   4304.63721   6.87335E-14
   4306.10840   6.33367E-14
   4307.57959   4.81662E-14
   4309.05078   1.31067E-15
   4310.52197  -7.35723E-14
   4311.99316  -3.71014E-14
   4313.46436  -1.63642E-14
   4314.93604  -9.15063E-14
   4316.40723   1.96903E-14
   4317.87842   3.20645E-14
   4319.34961  -2.94784E-14
   4320.82080  -5.09317E-14
   4322.29199   2.09640E-13
   4323.76318   1.60266E-13
   4325.23438   1.13395E-13
   4326.70605   1.64141E-13
   4328.17725   1.14934E-13
   4329.64844   2.31831E-14
   4331.11963  -8.57440E-14
   4332.59082   3.66431E-14
   4334.06201   1.01990E-13
   4335.53320  -3.79243E-14
   4337.00439   1.21353E-13
   4338.47559   3.34605E-13
   4339.94727   3.06421E-13
   4341.41846   9.40885E-14
   4342.88965   1.09281E-13
   4344.36084   1.66903E-13
   4345.83203   8.76443E-14
   4347.30322   9.17542E-14
   4348.77441   1.54159E-13
   4350.24561   1.50568E-13
   4351.71729   7.80521E-14
   4353.18848   9.13133E-15
   4354.65967   7.63927E-15
   4356.13086   6.87720E-14
   4357.60205   1.29266E-13
   4359.07324   8.31591E-14
   4360.54443   1.64368E-13
   4362.01562   1.70222E-13
   4363.48682   2.42798E-13
   4364.95850   2.33745E-13
   4366.42969   1.25556E-13
   4367.90088   2.59556E-14
   4369.37207  -4.11475E-14
   4370.84326   3.17456E-14
   4372.31445   1.11622E-13
   4373.78564   1.14192E-13
   4375.25684  -1.27795E-14
   4376.72852   1.69846E-13
   4378.19971   2.53099E-13
   4379.67090   1.12367E-13
   4381.14209   1.68476E-13
   4382.61328   9.27750E-14
   4384.08447  -6.11180E-14
   4385.55566   1.23437E-13
   4387.02686   7.42100E-14
   4388.49805   1.02830E-13
   4389.96973   1.53212E-13
   4391.44092  -5.22773E-14
   4392.91211  -5.52925E-14
   4394.38330  -1.63623E-13
   4395.85449   1.60054E-13
   4397.32568   9.00323E-14
   4398.79688   1.17461E-13
   4400.26807   1.00726E-13
   4401.73975  -8.82639E-14
   4403.21094   2.20123E-14
   4404.68213   4.22045E-14
   4406.15332   9.60600E-15
   4407.62451   8.98196E-14
   4409.09570   7.57257E-14
   4410.56689   9.14336E-15
   4412.03809   2.10072E-13
   4413.50977   1.48473E-13
   4414.98096  -1.39378E-14
   4416.45215  -4.39240E-14
   4417.92334  -2.29796E-15
   4419.39453  -3.88137E-15
   4420.86572  -7.38824E-14
   4422.33691  -2.95730E-14
   4423.80811   4.40783E-14
   4425.27930  -5.86497E-14
   4426.75098   5.47987E-14
   4428.22217   6.60612E-14
   4429.69336  -9.37603E-14
   4431.16455  -1.87822E-14
   4432.63574   9.09006E-14
   4434.10693   6.99987E-14
   4435.57812   1.00144E-13
   4437.04932  -8.20465E-14
   4438.52100   5.29682E-14
   4439.99219  -7.06101E-14
   4441.46338   8.08764E-14
   4442.93457   1.15582E-13
   4444.40576   2.48190E-13
   4445.87695  -2.86847E-15
   4447.34814   1.20112E-13
   4448.81934   7.00871E-15
   4450.29053   1.37405E-13
   4451.76221  -1.78211E-14
   4453.23340   1.27662E-13
   4454.70459   1.04049E-13
   4456.17578   1.38924E-13
   4457.64697   1.17972E-13
   4459.11816  -9.09359E-14
   4460.58936   3.14606E-14
   4462.06055  -3.03329E-14
   4463.53223   5.39290E-15
   4465.00342   1.01786E-13
   4466.47461   6.86852E-14
   4467.94580   6.08681E-14
   4469.41699  -3.89979E-15
   4470.88818   1.93987E-13
   4472.35938   9.06786E-14
   4473.83057   1.93667E-13
   4475.30176  -5.59032E-14
   4476.77344  -1.75021E-14
   4478.24463  -9.10275E-14
   4479.71582   1.42188E-13
   4481.18701   2.99925E-14
   4482.65820   2.75583E-14
   4484.12939   9.10154E-14
   4485.60059  -5.11570E-14
   4487.07178   1.14365E-13
   4488.54346   1.39781E-14
   4490.01465   5.77615E-15
   4491.48584   4.50361E-14
   4492.95703  -8.45864E-15
   4494.42822  -3.01601E-14
   4495.89941   8.46805E-14
   4497.37061  -2.97051E-14
   4498.84180   5.41223E-14
   4500.31299   1.20241E-14
   4501.78467   1.28276E-13
   4503.25586   1.29830E-13
   4504.72705   5.98398E-14
   4506.19824   1.18372E-13
   4507.66943   1.09496E-13
   4509.14062   8.91725E-14
   4510.61182   1.77955E-13
   4512.08301  -3.37724E-14
   4513.55469  -5.58834E-14
   4515.02588   1.05602E-13
   4516.49707  -5.81766E-14
   4517.96826   1.57163E-14
   4519.43945   1.24238E-14
   4520.91064  -1.70274E-14
   4522.38184   1.13434E-13
   4523.85303   7.11420E-14
   4525.32422   1.02816E-14
   4526.79590   2.24249E-14
   4528.26709   2.40063E-14
   4529.73828   3.48164E-14
   4531.20947  -1.43897E-14
   4532.68066   6.27121E-14
   4534.15186   1.51207E-14
   4535.62305   1.13376E-13
   4537.09424  -2.01379E-15
   4538.56592  -4.35735E-14
   4540.03711  -4.58233E-14
   4541.50830   1.66513E-13
   4542.97949   1.02428E-13
   4544.45068   4.02169E-14
   4545.92188   1.39225E-14
   4547.39307  -5.98561E-14
   4548.86426   8.22791E-14
   4550.33545   9.61294E-14
   4551.80713  -1.67849E-14
   4553.27832  -1.70347E-14
   4554.74951   1.20747E-13
   4556.22070   6.44177E-14
   4557.69189   1.00107E-14
   4559.16309   3.03078E-14
   4560.63428   2.76465E-14
   4562.10547   5.54992E-14
   4563.57715   5.58244E-16
   4565.04834   4.96193E-14
   4566.51953   4.54705E-14
   4567.99072   1.53691E-15
   4569.46191   4.24001E-14
   4570.93311   6.04502E-14
   4572.40430   2.25944E-14
   4573.87549  -4.78762E-15
   4575.34717   1.83430E-14
   4576.81836   7.13975E-14
   4578.28955   1.38884E-14
   4579.76074   4.87435E-14
   4581.23193  -2.05889E-14
   4582.70312   1.77874E-14
   4584.17432   1.49659E-13
   4585.64551   5.77052E-14
   4587.11670  -3.63243E-14
   4588.58838   1.66422E-14
   4590.05957  -2.10755E-14
   4591.53076  -1.54320E-14
   4593.00195  -9.54670E-16
   4594.47314   2.69751E-14
   4595.94434   1.11981E-13
   4597.41553   6.60704E-15
   4598.88672  -1.83581E-14
   4600.35840  -1.01057E-14
   4601.82959   1.95421E-14
   4603.30078  -8.18900E-15
   4604.77197  -6.38306E-14
   4606.24316   3.02265E-14
   4607.71436   1.77382E-14
   4609.18555   3.59882E-14
   4610.65674   1.08475E-14
   4612.12793   3.37941E-14
   4613.59961   3.81779E-14
   4615.07080  -5.97956E-15
   4616.54199   2.12060E-14
   4618.01318   1.36960E-14
   4619.48438  -3.03823E-14
   4620.95557   4.14883E-14
   4622.42676   6.10926E-14
   4623.89795   4.00462E-14
   4625.36963   5.28468E-14
   4626.84082   9.87530E-14
   4628.31201   8.15398E-14
   4629.78320  -7.84685E-15
   4631.25439   3.70601E-14
   4632.72559   4.28345E-14
   4634.19678   2.27871E-14
   4635.66797  -3.95212E-15
   4637.13916   7.77821E-14
   4638.61084  -3.30782E-14
   4640.08203   7.12410E-14
   4641.55322   8.87109E-14
   4643.02441   5.40744E-14
   4644.49561   7.17706E-14
   4645.96680  -8.74439E-15
   4647.43799  -1.64113E-14
   4648.90918   5.32993E-14
   4650.38086   3.83110E-16
   4651.85205  -3.44520E-15
   4653.32324   1.06918E-13
   4654.79443   4.63497E-14
   4656.26562  -2.89585E-14
   4657.73682  -2.28094E-14
   4659.20801   9.74374E-14
   4660.67920   3.38940E-14
   4662.15039  -1.79152E-14
   4663.62207  -4.99583E-14
   4665.09326  -5.21591E-14
   4666.56445   2.54696E-15
   4668.03564   9.91472E-14
   4669.50684   3.22711E-14
   4670.97803  -5.47499E-14
   4672.44922  -8.96452E-15
   4673.92041   2.98313E-14
   4675.39209   2.85325E-14
   4676.86328   6.83494E-14
   4678.33447   5.82492E-14
   4679.80566   6.95794E-14
   4681.27686   2.22994E-13
   4682.74805   5.52787E-13
   4684.21924   6.97895E-13
   4685.69043   5.04853E-13
   4687.16162   3.59428E-13
   4688.63330   2.13295E-13
   4690.10449   7.54040E-14
   4691.57568   1.68252E-14
   4693.04688   1.82586E-14
   4694.51807   6.79266E-14
   4695.98926   1.24695E-13
   4697.46045   1.05992E-14
   4698.93164   5.18903E-14
   4700.40332   1.39257E-13
   4701.87451  -5.43950E-14
   4703.34570  -5.28243E-14
   4704.81689   3.37424E-14
   4706.28809   5.77438E-14
   4707.75928   8.60637E-15
   4709.23047   2.97481E-14
   4710.70166   5.66198E-14
   4712.17285   8.86867E-15
   4713.64453   5.06698E-14
   4715.11572   7.27515E-14
   4716.58691   3.11201E-14
   4718.05811   1.01829E-13
   4719.52930   5.84136E-14
   4721.00049   3.64542E-14
   4722.47168   7.21097E-15
   4723.94287   6.93166E-14
   4725.41455   4.12660E-14
   4726.88574   7.16768E-14
   4728.35693   2.13913E-14
   4729.82812   1.23599E-14
   4731.29932   1.81624E-15
   4732.77051   1.46793E-14
   4734.24170  -7.48895E-14
   4735.71289   3.10855E-14
   4737.18457   2.46324E-14
   4738.65576   2.00978E-14
   4740.12695  -1.14031E-14
   4741.59814  -3.33677E-15
   4743.06934  -1.78582E-15
   4744.54053   5.22320E-14
   4746.01172   1.35119E-14
   4747.48291   5.62696E-15
   4748.95410   1.06318E-13
   4750.42578   7.90785E-14
   4751.89697   7.99840E-14
   4753.36816  -1.31715E-14
   4754.83936   2.32912E-14
   4756.31055   3.62325E-14
   4757.78174   1.24613E-14
   4759.25293   5.09746E-14
   4760.72412   3.92963E-14
   4762.19580  -2.75713E-14
   4763.66699  -4.34139E-14
   4765.13818   5.37380E-14
   4766.60938   8.30553E-15
   4768.08057  -1.95266E-14
   4769.55176  -1.05561E-14
   4771.02295   3.34999E-14
   4772.49414  -1.32506E-14
   4773.96533  -1.23665E-14
   4775.43701   6.73043E-14
   4776.90820   8.28100E-14
   4778.37939  -3.60327E-14
   4779.85059   2.05538E-14
   4781.32178   3.33962E-14
   4782.79297   3.43747E-15
   4784.26416  -4.64302E-15
   4785.73535  -4.06871E-15
   4787.20703   8.30196E-15
   4788.67822  -2.74731E-14
   4790.14941   3.00074E-15
   4791.62061   7.43428E-14
   4793.09180   2.95657E-14
   4794.56299  -1.63116E-15
   4796.03418  -2.68870E-14
   4797.50537   5.39931E-14
   4798.97656   2.40894E-14
   4800.44824  -9.24281E-15
   4801.91943   6.88838E-14
   4803.39062   2.40212E-14
   4804.86182   1.73992E-15
   4806.33301   1.05967E-13
   4807.80420   1.53340E-14
   4809.27539  -3.45804E-14
   4810.74658   1.66588E-14
   4812.21826   7.80845E-15
   4813.68945   4.15676E-14
   4815.16064   3.82179E-14
   4816.63184   2.14742E-14
   4818.10303   8.01306E-14
   4819.57422   7.01395E-14
   4821.04541  -1.34505E-15
   4822.51660  -3.56663E-14
   4823.98779   1.13725E-13
   4825.45947   2.79408E-15
   4826.93066  -3.57142E-14
   4828.40186   9.28534E-14
   4829.87305   5.27099E-14
   4831.34424   3.33095E-14
   4832.81543   4.63343E-14
   4834.28662   3.22888E-14
   4835.75781   3.58655E-14
   4837.22949  -4.11020E-15
   4838.70068   4.89998E-14
   4840.17188   3.27036E-14
   4841.64307   7.87036E-14
   4843.11426   1.10457E-14
   4844.58545  -7.80247E-16
   4846.05664   1.70192E-14
   4847.52783  -6.76430E-15
   4848.99902   3.19517E-14
   4850.47070   6.18593E-14
   4851.94189  -2.82063E-14
   4853.41309   2.72878E-14
   4854.88428   6.73307E-14
   4856.35547   2.48188E-13
   4857.82666   4.18781E-13
   4859.29785   5.96125E-13
   4860.76904   5.71515E-13
   4862.24072   4.89316E-13
   4863.71191   2.65202E-13
   4865.18311   1.01774E-13
   4866.65430   1.98132E-14
   4868.12549  -1.47859E-15
   4869.59668   9.48029E-14
   4871.06787   9.88642E-14
   4872.53906   1.69712E-14
   4874.01025   7.56005E-14
   4875.48193  -7.00306E-15
   4876.95312   1.74178E-14
   4878.42432   7.22183E-14
   4879.89551   1.03117E-14
   4881.36670  -8.51275E-15
   4882.83789   2.76456E-14
   4884.30908   3.31371E-14
   4885.78027  -1.23806E-14
   4887.25195   7.23861E-14
   4888.72314  -2.66274E-14
   4890.19434   1.03228E-13
   4891.66553   6.59207E-14
   4893.13672   2.26994E-14
   4894.60791  -5.51384E-15
   4896.07910   1.07558E-13
   4897.55029   6.02720E-14
   4899.02197   3.75683E-14
   4900.49316   6.66510E-14
   4901.96436   5.19748E-14
   4903.43555   1.00663E-13
   4904.90674   5.24573E-14
   4906.37793  -2.08497E-14
   4907.84912  -1.35363E-14
   4909.32031  -1.96143E-14
   4910.79150   1.93982E-14
   4912.26318   1.62454E-14
   4913.73438   4.73062E-14
   4915.20557   4.87000E-14
   4916.67676   1.03720E-14
   4918.14795   4.04993E-14
   4919.61914   4.62590E-14
   4921.09033   2.25591E-14
   4922.56152   5.24581E-15
   4924.03320   6.37890E-14
   4925.50439  -1.71380E-14
   4926.97559   4.47963E-14
   4928.44678   1.81724E-14
   4929.91797   2.13784E-14
   4931.38916   7.65452E-15
   4932.86035   7.56350E-14
   4934.33154   3.70941E-14
   4935.80273  -2.11025E-16
   4937.27441   2.13824E-14
   4938.74561   9.77129E-14
   4940.21680   1.24560E-13
   4941.68799   9.58240E-14
   4943.15918   3.92615E-14
   4944.63037   7.23928E-14
   4946.10156   4.17678E-14
   4947.57275   4.59092E-14
   4949.04443   1.16229E-13
   4950.51562   1.67654E-14
   4951.98682   2.48138E-14
   4953.45801   2.73038E-15
   4954.92920   1.03433E-13
   4956.40039   2.56896E-13
   4957.87158   1.59213E-13
   4959.34277   1.12313E-13
   4960.81396   1.72313E-13
   4962.28564   6.83623E-14
   4963.75684   7.29636E-14
   4965.22803   1.15242E-13
   4966.69922   1.33302E-15
   4968.17041   8.00929E-14
   4969.64160   8.96065E-14
   4971.11279   9.80988E-15
   4972.58398   9.22199E-16
   4974.05566   1.01529E-15
   4975.52686   4.18532E-14
   4976.99805  -1.19419E-14
   4978.46924   5.16980E-14
   4979.94043   2.71140E-14
   4981.41162   3.55752E-14
   4982.88281   4.93563E-14
   4984.35400  -2.11746E-14
   4985.82520   7.50101E-14
   4987.29688   1.11474E-13
   4988.76807  -8.67508E-16
   4990.23926   7.60736E-14
   4991.71045   6.79132E-14
   4993.18164   2.43193E-14
   4994.65283   2.30135E-14
   4996.12402   9.83796E-15
   4997.59521   3.55678E-14
   4999.06689   3.21417E-14
   5000.53809   7.28992E-14
   5002.00928   2.48166E-13
   5003.48047   4.55501E-13
   5004.95166   4.11549E-13
   5006.42285   4.26054E-13
   5007.89404   3.13146E-13
   5009.36523   1.26274E-13
   5010.83643   7.73178E-14
   5012.30811   3.46920E-14
   5013.77930  -1.86574E-14
   5015.25049   1.94949E-14
   5016.72168   1.06035E-14
   5018.19287   5.69521E-14
   5019.66406   1.13646E-13
   5021.13525   1.96990E-15
   5022.60645  -3.07531E-14
   5024.07812   3.59792E-14
   5025.54932  -1.83425E-14
   5027.02051  -8.52534E-15
   5028.49170   5.85827E-14
   5029.96289   3.42636E-14
   5031.43408   5.71658E-14
   5032.90527   1.14155E-13
   5034.37646  -1.69102E-14
   5035.84766   1.89106E-14
   5037.31934   2.14402E-14
   5038.79053   5.31788E-14
   5040.26172   5.06892E-14
   5041.73291   4.77408E-14
   5043.20410   5.12332E-14
   5044.67529   5.24225E-14
   5046.14648   4.39495E-14
   5047.61768  -1.64069E-14
   5049.08936   3.76028E-14
   5050.56055   8.14949E-14
   5052.03174  -1.37138E-14
   5053.50293   1.48235E-14
   5054.97412   4.63137E-14
   5056.44531   4.43173E-14
   5057.91650   1.03316E-14
   5059.38770   1.95793E-14
   5060.85889   1.19903E-14
   5062.33057   1.35331E-14
   5063.80176  -7.94782E-15
   5065.27295   5.97519E-15
   5066.74414   3.57892E-14
   5068.21533   3.55411E-14
   5069.68652   1.04593E-14
   5071.15771   2.99564E-14
   5072.62891   8.77288E-14
   5074.10059   3.04674E-14
   5075.57178   6.13880E-14
   5077.04297   8.05772E-15
   5078.51416   2.96776E-14
   5079.98535   3.24211E-14
   5081.45654   2.65373E-14
   5082.92773   2.75286E-14
   5084.39893   4.97795E-15
   5085.87061   7.78562E-14
   5087.34180   1.92913E-14
   5088.81299   1.79817E-14
   5090.28418   2.31955E-14
   5091.75537   2.70225E-14
   5093.22656   4.35833E-14
   5094.69775   1.54895E-14
   5096.16895   8.63935E-15
   5097.64014   1.78504E-14
   5099.11182   2.95507E-14
   5100.58301   2.34117E-14
   5102.05420   3.94496E-14
   5103.52539   3.29978E-14
   5104.99658   5.23236E-14
   5106.46777   6.18572E-14
   5107.93896   9.09976E-15
   5109.41016   1.46369E-14
   5110.88184   7.54638E-14
   5112.35303   2.38581E-14
   5113.82422   6.27340E-14
   5115.29541   3.95907E-14
   5116.76660  -3.54196E-14
   5118.23779  -1.28421E-14
   5119.70898   6.25649E-14
   5121.18018   9.90403E-14
   5122.65137   5.12134E-14
   5124.12305   5.71507E-14
   5125.59424   1.23933E-14
   5127.06543   5.85958E-14
   5128.53662   2.91950E-14
   5130.00781   4.05788E-14
   5131.47900   7.40046E-14
   5132.95020   3.70522E-14
   5134.42139   9.46776E-14
   5135.89307   3.53648E-14
   5137.36426   6.06448E-14
   5138.83545   9.79513E-14
   5140.30664   6.16238E-14
   5141.77783   4.93375E-14
   5143.24902   6.38514E-14
   5144.72021   4.82822E-14
   5146.19141   8.66826E-14
   5147.66260   4.25485E-14
   5149.13428   8.46989E-15
   5150.60547   7.81372E-14
   5152.07666   4.56428E-14
   5153.54785   7.21316E-14
   5155.01904   7.29008E-14
   5156.49023   6.30799E-14
   5157.96143   6.72603E-14
   5159.43262   6.63748E-14
   5160.90430   7.47839E-14
   5162.37549   8.52693E-14
   5163.84668   5.67864E-14
   5165.31787   4.80216E-14
   5166.78906   8.05484E-14
   5168.26025  -5.25288E-15
   5169.73145   3.24781E-14
   5171.20264   8.71696E-14
   5172.67383   4.38795E-14
   5174.14551   3.50515E-14
   5175.61670  -3.37899E-15
   5177.08789   7.51377E-14
   5178.55908   7.82351E-14
   5180.03027  -7.75193E-15
   5181.50146   1.39632E-14
   5182.97266  -1.98517E-15
   5184.44385   3.08575E-14
   5185.91553   4.07887E-15
   5187.38672   4.60982E-14
   5188.85791   5.32935E-14
   5190.32910  -1.65656E-14
   5191.80029   5.08402E-14
   5193.27148   6.78541E-15
   5194.74268  -2.47935E-15
   5196.21387   2.33439E-14
   5197.68506   6.91832E-14
   5199.15674   6.65285E-14
   5200.62793  -3.17422E-14
   5202.09912   7.11742E-14
   5203.57031   8.09719E-14
   5205.04150   9.71455E-15
   5206.51270   7.11263E-14
   5207.98389   1.01034E-13
   5209.45508   6.06904E-14
   5210.92676   1.30054E-14
   5212.39795   1.34523E-14
   5213.86914   4.87546E-14
   5215.34033   4.49980E-14
   5216.81152   6.79955E-14
   5218.28271   8.20891E-14
   5219.75391   7.38209E-14
   5221.22510   7.34597E-14
   5222.69629   3.42953E-14
   5224.16797  -1.60157E-14
   5225.63916   3.25020E-15
   5227.11035   3.33239E-14
   5228.58154   1.87456E-14
   5230.05273   1.12770E-14
   5231.52393   5.01686E-14
   5232.99512   1.00939E-13
   5234.46631   4.48607E-14
   5235.93799   8.27841E-14
   5237.40918   8.00940E-14
   5238.88037   3.52844E-14
   5240.35156  -1.71093E-14
   5241.82275   2.51342E-14
   5243.29395   3.67310E-14
   5244.76514   5.37687E-14
   5246.23633   9.35368E-14
   5247.70801  -1.88496E-14
   5249.17920   7.69750E-14
   5250.65039  -2.46715E-15
   5252.12158   2.99336E-14
   5253.59277   7.16254E-14
   5255.06396   2.43617E-14
   5256.53516   1.71525E-14
   5258.00635   5.52478E-14
   5259.47754   8.80277E-14
   5260.94922   1.05938E-13
   5262.42041  -3.78266E-15
   5263.89160  -1.39270E-16
   5265.36279   5.38229E-14
   5266.83398  -1.48113E-14
   5268.30518   4.19975E-14
   5269.77637   1.90600E-14
   5271.24756   8.24807E-15
   5272.71924   1.27389E-14
   5274.19043   4.96796E-14
   5275.66162   1.04791E-13
   5277.13281   5.20627E-14
   5278.60400   1.29083E-13
   5280.07520   8.27145E-14
   5281.54639   1.21244E-13
   5283.01758   5.82260E-14
   5284.48877   3.39534E-14
   5285.96045   8.02093E-14
   5287.43164   3.96627E-14
   5288.90283   7.19230E-14
   5290.37402   5.00779E-14
   5291.84521  -4.70518E-15
   5293.31641   6.57675E-14
   5294.78760   4.99312E-14
   5296.25879   3.71047E-14
   5297.73047   8.40664E-14
   5299.20166  -5.85994E-14
   5300.67285   2.06951E-14
   5302.14404   1.65938E-14
   5303.61523   7.98808E-14
   5305.08643   7.05894E-14
   5306.55762   6.62786E-14
   5308.02881   1.26216E-13
   5309.50000   1.23684E-13
   5310.97168   1.03320E-13
   5312.44287   4.31621E-14
   5313.91406   1.36820E-13
   5315.38525   4.87537E-15
   5316.85645   4.02395E-14
   5318.32764   7.26442E-14
   5319.79883   4.85292E-14
   5321.27002   2.16964E-14
   5322.74170   3.47329E-14
   5324.21289   6.31014E-14
   5325.68408   2.87427E-14
   5327.15527   6.04427E-14
   5328.62646   3.20486E-14
   5330.09766   3.41944E-14
   5331.56885   6.73275E-15
   5333.04004   7.09764E-14
   5334.51123   6.24391E-14
   5335.98291   1.15593E-13
   5337.45410   9.81214E-14
   5338.92529   2.98387E-14
   5340.39648   1.07705E-13
   5341.86768   6.29810E-14
   5343.33887   7.36471E-14
   5344.81006   5.37457E-14
   5346.28125  -2.46793E-15
   5347.75293   5.69347E-15
   5349.22412  -3.22073E-15
   5350.69531   5.38032E-14
   5352.16650   2.21033E-14
   5353.63770   4.25615E-14
   5355.10889   3.62797E-14
   5356.58008   1.42255E-13
   5358.05127  -4.57097E-14
   5359.52246  -3.70755E-15
   5360.99414   3.32592E-14
   5362.46533   7.84681E-14
   5363.93652   1.10499E-13
   5365.40771   4.92662E-14
   5366.87891   4.84964E-14
   5368.35010   9.04655E-14
   5369.82129   8.81130E-14
   5371.29248   8.80094E-14
   5372.76416  -6.57649E-15
   5374.23535   4.70766E-14
   5375.70654   6.43739E-14
   5377.17773   8.16187E-14
   5378.64893  -2.83583E-14
   5380.12012   8.72952E-14
   5381.59131   3.37252E-14
   5383.06250   4.20706E-14
   5384.53369   6.81000E-14
   5386.00537   1.13304E-13
   5387.47656   7.23877E-14
   5388.94775   8.22738E-14
   5390.41895  -7.82645E-15
   5391.89014   1.20902E-13
   5393.36133  -1.15502E-14
   5394.83252   6.67751E-14
   5396.30371   4.27165E-14
   5397.77539   5.86074E-14
   5399.24658  -5.76295E-14
   5400.71777   1.09430E-13
   5402.18896   1.87465E-14
   5403.66016   4.90699E-14
   5405.13135   2.85161E-15
   5406.60254   3.43472E-14
   5408.07373   7.81287E-14
   5409.54541   8.43736E-14
   5411.01660   1.08763E-13
   5412.48779   4.51037E-14
   5413.95898   1.15507E-13
   5415.43018   1.43456E-13
   5416.90137   7.82609E-14
   5418.37256   5.06609E-14
   5419.84375   4.66224E-14
   5421.31494   1.31338E-15
   5422.78662   7.71886E-14
   5424.25781   3.23535E-14
   5425.72900   7.71800E-14
   5427.20020   7.45812E-14
   5428.67139   4.39323E-14
   5430.14258   5.46133E-14
   5431.61377   5.97122E-14
   5433.08496   8.03273E-14
   5434.55664   1.09577E-13
   5436.02783   3.01590E-14
   5437.49902   1.80056E-14
   5438.97021   4.94386E-14
   5440.44141  -4.03448E-15
   5441.91260   7.45410E-16
   5443.38379   4.29006E-14
   5444.85498   2.90655E-14
   5446.32617   1.47631E-14
   5447.79785   1.05538E-13
   5449.26904   2.15852E-14
   5450.74023  -3.99412E-14
   5452.21143   5.12422E-14
   5453.68262   1.14072E-13
   5455.15381   5.78128E-14
   5456.62500   1.16168E-13
   5458.09619   6.87370E-14
   5459.56787   5.93599E-14
   5461.03906   5.57216E-14
   5462.51025   2.33301E-15
   5463.98145   2.36730E-14
   5465.45264   7.77188E-14
   5466.92383   6.51571E-14
   5468.39502   4.18042E-14
   5469.86621   1.50605E-13
   5471.33740   6.55136E-14
   5472.80908   5.32213E-14
   5474.28027   3.81450E-14
   5475.75146  -2.37840E-14
   5477.22266   5.43359E-14
   5478.69385   2.50848E-14
   5480.16504   5.21942E-14
   5481.63623   5.58751E-14
   5483.10742   2.27028E-14
   5484.57910   6.96015E-14
   5486.05029   3.07238E-14
   5487.52148   4.31476E-14
   5488.99268   1.16671E-14
   5490.46387   2.92244E-14
   5491.93506   5.11278E-14
   5493.40625   3.87737E-14
   5494.87744   5.74560E-14
   5496.34863   8.65940E-15
   5497.82031   2.67492E-14
   5499.29150  -4.85925E-15
   5500.76270  -1.08989E-15
   5502.23389   4.77797E-14
   5503.70508   5.67631E-14
   5505.17627  -6.17751E-15
   5506.64746   3.94090E-14
   5508.11865   8.68485E-14
   5509.59033   2.91880E-14
   5511.06152   5.55191E-14
   5512.53271   3.27802E-14
   5514.00391  -3.82799E-15
   5515.47510   2.97563E-14
   5516.94629   2.27125E-14
   5518.41748   6.74328E-15
   5519.88867   2.51657E-14
   5521.35986   3.72652E-14
   5522.83154   6.32746E-14
   5524.30273   1.19277E-14
   5525.77393  -7.78564E-15
   5527.24512   2.47718E-14
   5528.71631   4.48820E-14
   5530.18750   5.10756E-14
   5531.65869   3.76090E-14
   5533.12988   6.38346E-14
   5534.60156   8.11594E-14
   5536.07275   5.01207E-14
   5537.54395   1.46677E-14
   5539.01514  -4.24541E-14
   5540.48633   6.68259E-15
   5541.95752   1.20645E-14
   5543.42871   1.39890E-14
   5544.89990   9.42930E-14
   5546.37109   6.17237E-14
   5547.84277   1.74288E-14
   5549.31396   6.82486E-14
   5550.78516   4.66108E-14
   5552.25635   4.73570E-14
   5553.72754  -6.77967E-16
   5555.19873  -1.17774E-14
   5556.66992   6.57776E-15
   5558.14111   6.93780E-14
   5559.61279   5.48501E-14
   5561.08398   5.61676E-14
   5562.55518   2.53830E-14
   5564.02637   2.52296E-14
   5565.49756   2.07274E-14
   5566.96875  -1.56300E-14
   5568.43994   6.25082E-14
   5569.91113   5.55088E-14
   5571.38281   1.67145E-14
   5572.85400   4.29270E-14
   5574.32520   4.80537E-14
   5575.79639   1.86947E-15
   5577.26758   2.18714E-14
   5578.73877   1.26107E-14
   5580.20996   7.69073E-14
   5581.68115   4.41347E-14
   5583.15234   4.35151E-14
   5584.62402   3.49274E-14
   5586.09521   1.46335E-14
   5587.56641   1.41785E-14
   5589.03760   4.34617E-14
   5590.50879   3.06642E-14
   5591.97998   1.27811E-14
   5593.45117  -2.36286E-14
   5594.92236   1.66767E-14
   5596.39404   3.39145E-14
   5597.86523   5.42570E-14
   5599.33643  -1.30989E-14
   5600.80762   1.49479E-14
   5602.27881   3.44551E-14
   5603.75000  -2.89827E-14
   5605.22119   4.98827E-14
   5606.69238   8.14646E-14
   5608.16357   2.64254E-14
   5609.63525   2.39625E-14
   5611.10645   4.40951E-14
   5612.57764   1.50252E-14
   5614.04883   4.86690E-14
   5615.52002   1.22354E-13
   5616.99121   8.25639E-14
   5618.46240   6.36928E-14
   5619.93359   8.85392E-14
   5621.40527   3.36081E-14
   5622.87646   3.76976E-14
   5624.34766   3.94829E-14
   5625.81885   5.73123E-14
   5627.29004   8.01254E-14
   5628.76123   4.38846E-14
   5630.23242   1.33030E-14
   5631.70361   2.77279E-15
   5633.17480   3.24090E-14
   5634.64648   1.26686E-14
   5636.11768  -9.62528E-15
   5637.58887   4.47682E-14
   5639.06006   7.27910E-14
   5640.53125   1.96542E-15
   5642.00244   3.36005E-14
   5643.47363   4.79977E-14
   5644.94482   6.78404E-15
   5646.41650   2.75278E-14
   5647.88770   1.56111E-14
   5649.35889   1.26301E-14
   5650.83008   1.41524E-14
   5652.30127   2.69808E-14
   5653.77246   4.11411E-14
   5655.24365   2.70509E-14
   5656.71484  -3.43724E-14
   5658.18604   2.78953E-14
   5659.65771   6.81060E-14
   5661.12891  -1.50654E-14
   5662.60010   4.75432E-15
   5664.07129   2.63671E-14
   5665.54248   3.87314E-14
   5667.01367   4.81958E-14
   5668.48486  -3.58275E-15
   5669.95605   5.86432E-14
   5671.42773   6.75757E-14
   5672.89893   3.75735E-14
   5674.37012   1.06779E-14
   5675.84131   4.31283E-14
   5677.31250   3.08122E-14
   5678.78369   4.89388E-14
   5680.25488   4.41790E-14
   5681.72607  -5.42642E-14
   5683.19727  -9.97508E-15
   5684.66895   4.13376E-14
   5686.14014   1.01302E-13
   5687.61133   3.83104E-14
   5689.08252   1.28757E-14
   5690.55371   2.61159E-14
   5692.02490  -7.72813E-16
   5693.49609   2.81796E-14
   5694.96729  -1.21560E-14
   5696.43896   2.07602E-14
   5697.91016   4.57828E-14
   5699.38135   6.72703E-14
   5700.85254   4.99201E-14
   5702.32373   3.13812E-14
   5703.79492   6.47053E-14
   5705.26611   3.77371E-14
   5706.73730   1.40691E-14
   5708.20850  -3.09014E-14
   5709.68018   2.00869E-14
   5711.15137   2.01682E-14
   5712.62256   4.12006E-14
   5714.09375   4.66099E-14
   5715.56494   6.12097E-14
   5717.03613   1.38915E-13
   5718.50732   2.06434E-13
   5719.97852   2.93646E-13
   5721.45020   3.11559E-13
   5722.92139   2.44192E-13
   5724.39258   1.58807E-13
   5725.86377   7.15863E-14
   5727.33496   9.17689E-14
   5728.80615   4.80410E-14
   5730.27734   1.91763E-14
   5731.74854   1.33298E-14
   5733.21973   4.70557E-14
   5734.69141   7.05884E-14
   5736.16260   4.94798E-14
   5737.63379   3.65103E-14
   5739.10498   1.85564E-14
   5740.57617   1.60958E-15
   5742.04736   8.55921E-14
   5743.51855   4.34716E-14
   5744.98975  -1.77239E-14
   5746.46143   4.53986E-15
   5747.93262   3.54106E-14
   5749.40381   2.21940E-14
   5750.87500   1.03885E-13
   5752.34619   1.49794E-13
   5753.81738   7.47582E-14
   5755.28857   8.66494E-14
   5756.75977   7.07297E-14
   5758.23145   3.43670E-14
   5759.70264   1.53407E-14
   5761.17383   3.41928E-14
   5762.64502   5.93286E-14
   5764.11621   4.22358E-14
   5765.58740   5.36539E-14
   5767.05859   3.58192E-14
   5768.52979   8.76808E-14
   5770.00098   8.23782E-14
   5771.47266   4.39613E-14
   5772.94385   2.12020E-14
   5774.41504  -8.03576E-15
   5775.88623   6.54403E-14
   5777.35742   4.50861E-14
   5778.82861   2.33647E-14
   5780.29980   3.78751E-14
   5781.77100   2.89059E-14
   5783.24268   5.14347E-14
   5784.71387   1.62039E-14
   5786.18506   3.82310E-14
   5787.65625   7.33504E-14
   5789.12744   3.14597E-14
   5790.59863  -9.03283E-15
   5792.06982   2.10033E-14
   5793.54102   6.06122E-14
   5795.01221   3.71029E-14
   5796.48389   4.76115E-14
   5797.95508   3.45566E-14
   5799.42627   5.26784E-14
   5800.89746   3.58989E-14
   5802.36865   1.05518E-14
   5803.83984   6.14841E-14
   5805.31104   5.55081E-14
   5806.78223   1.24511E-14
   5808.25391   5.84065E-14
   5809.72510   7.46247E-14
   5811.19629   6.17587E-15
   5812.66748   2.13974E-14
   5814.13867   4.37712E-14
   5815.60986   6.36699E-14
   5817.08105   8.90243E-14
   5818.55225   4.65761E-14
   5820.02344   1.73617E-14
   5821.49512   1.98754E-15
   5822.96631   2.85642E-14
   5824.43750   6.11665E-14
   5825.90869   1.95215E-14
   5827.37988   7.14559E-14
   5828.85107   2.88510E-14
   5830.32227   5.28629E-14
   5831.79346   6.09742E-14
   5833.26514   6.15147E-14
   5834.73633   5.66250E-14
   5836.20752  -9.69034E-15
   5837.67871   2.07648E-14
   5839.14990   4.41765E-14
   5840.62109   9.85666E-14
   5842.09229   3.77864E-14
   5843.56348   4.53671E-14
   5845.03467   3.68789E-14
   5846.50635   3.56675E-14
   5847.97754   4.82080E-14
   5849.44873  -6.28515E-14
   5850.91992   3.14873E-14
   5852.39111   1.19421E-15
   5853.86230   9.27722E-14
   5855.33350   3.41764E-14
   5856.80469   7.77878E-15
   5858.27637   9.63195E-14
   5859.74756   2.68636E-14
   5861.21875   1.43180E-14
   5862.68994   4.65341E-14
   5864.16113  -9.26839E-15
   5865.63232   3.91871E-14
   5867.10352   5.80742E-14
   5868.57471   5.89233E-14
   5870.04590   2.17122E-14
   5871.51758   1.06272E-13
   5872.98877   1.31849E-13
   5874.45996   1.58588E-13
   5875.93115   1.73350E-13
   5877.40234   1.40626E-13
   5878.87354   7.86837E-14
   5880.34473   7.84366E-14
   5881.81592   3.03896E-14
   5883.28760   3.67805E-14
   5884.75879   4.89641E-14
   5886.22998   3.97404E-15
   5887.70117  -1.27346E-14
   5889.17236   1.41628E-14
   5890.64355   3.20840E-14
   5892.11475   3.22523E-15
   5893.58594   3.79574E-14
   5895.05713   2.65290E-14
   5896.52881  -1.84866E-15
   5898.00000   3.02129E-14
   5899.47119   1.88553E-14
   5900.94238   5.14149E-14
   5902.41357   4.15743E-14
   5903.88477  -1.94243E-14
   5905.35596   4.15585E-14
   5906.82715   5.78394E-14
   5908.29883   1.07991E-14
   5909.77002   1.37983E-14
   5911.24121   1.08240E-14
   5912.71240   5.71237E-14
   5914.18359   2.27953E-14
   5915.65479   5.08713E-14
   5917.12598  -8.37245E-15
   5918.59717   3.25545E-14
   5920.06885   5.44601E-14
   5921.54004   4.19803E-14
   5923.01123   4.16705E-14
   5924.48242   2.49532E-14
   5925.95361   8.49688E-15
   5927.42480   4.28372E-14
   5928.89600   4.41649E-14
   5930.36719   1.17935E-14
   5931.83838   7.73689E-14
   5933.31006   8.48006E-14
   5934.78125   6.43336E-14
   5936.25244   6.51832E-14
   5937.72363   7.06046E-14
   5939.19482   3.91840E-14
   5940.66602   4.34347E-14
   5942.13721   1.53154E-14
   5943.60840   5.20564E-14
   5945.08008   8.47736E-14
   5946.55127   2.32181E-14
   5948.02246   2.47764E-14
   5949.49365   4.97933E-14
   5950.96484   1.12614E-14
   5952.43604   1.40096E-14
   5953.90723   4.77126E-14
   5955.37842   1.60314E-14
   5956.84961  -6.09454E-15
   5958.32129   4.03779E-14
   5959.79248   3.54045E-14
   5961.26367   6.03054E-15
   5962.73486   7.22260E-15
   5964.20605  -5.56941E-15
   5965.67725   2.05635E-14
   5967.14844   1.28164E-13
   5968.61963   6.22537E-14
   5970.09131   6.88069E-14
   5971.56250   7.29963E-14
   5973.03369   7.67748E-14
   5974.50488   7.30640E-14
   5975.97607   4.83201E-14
   5977.44727   1.77333E-14
   5978.91846  -4.33630E-15
   5980.38965   3.99631E-14
   5981.86084   4.97888E-14
   5983.33252   3.49001E-14
   5984.80371   2.26276E-14
   5986.27490   1.54345E-14
   5987.74609   6.99978E-14
   5989.21729   4.22481E-14
   5990.68848   2.69397E-14
   5992.15967   3.77209E-14
   5993.63086   5.88360E-14
   5995.10254   9.24966E-15
   5996.57373   2.07720E-14
   5998.04492   6.10946E-14
   5999.51611   3.46276E-14
   6000.98730  -6.17372E-15
   6002.45850   3.38628E-14
   6003.92969   6.37973E-14
   6005.40088   4.37214E-14
   6006.87207   5.68854E-14
   6008.34375   2.74814E-14
   6009.81494   7.77452E-14
   6011.28613   5.94250E-14
   6012.75732   1.99939E-14
   6014.22852   5.93216E-15
   6015.69971   2.95558E-14
   6017.17090   3.08456E-14
   6018.64209   6.19610E-14
   6020.11377   6.20669E-14
   6021.58496   2.83922E-14
   6023.05615  -4.39815E-15
   6024.52734  -5.53441E-15
   6025.99854   2.02245E-14
   6027.46973   7.06879E-14
   6028.94092   2.83083E-14
   6030.41211   9.02277E-14
   6031.88330   6.43859E-14
   6033.35498   8.45663E-14
   6034.82617   3.69021E-14
   6036.29736  -7.18713E-15
   6037.76855   4.59572E-14
   6039.23975   7.66012E-16
   6040.71094   1.32047E-13
   6042.18213   6.77832E-14
   6043.65332   3.52591E-14
   6045.12500   3.51209E-14
   6046.59619   5.39129E-14
   6048.06738   4.03426E-14
   6049.53857   2.12453E-14
   6051.00977   9.48489E-15
   6052.48096   6.20037E-14
   6053.95215   5.85406E-14
   6055.42334   3.66392E-14
   6056.89453   6.70051E-14
   6058.36621   8.19924E-14
   6059.83740   3.90744E-14
   6061.30859   3.22721E-14
   6062.77979   5.62567E-14
   6064.25098   3.35564E-14
   6065.72217   5.47870E-14
   6067.19336   9.22437E-15
   6068.66455   3.89879E-14
   6070.13623   2.49188E-14
   6071.60742   5.66066E-14
   6073.07861   7.39553E-14
   6074.54980   6.39500E-14
   6076.02100   6.92629E-14
   6077.49219   2.03547E-14
   6078.96338   3.65342E-14
   6080.43457   6.98465E-14
   6081.90625   8.45867E-14
   6083.37744   2.42591E-13
   6084.84863   4.64721E-13
   6086.31982   5.87939E-13
   6087.79102   4.41201E-13
   6089.26221   4.02188E-13
   6090.73340   1.91660E-13
   6092.20459   1.01581E-13
   6093.67578   7.64375E-14
   6095.14746   7.29131E-14
   6096.61865   6.69910E-14
   6098.08984   2.61907E-14
   6099.56104   2.47918E-14
   6101.03223   1.18071E-14
   6102.50342   7.69691E-14
   6103.97461   6.25760E-14
   6105.44580   5.77187E-14
   6106.91748   4.55634E-14
   6108.38867   1.13420E-13
   6109.85986   3.83395E-14
   6111.33105   5.99627E-14
   6112.80225   5.79913E-14
   6114.27344  -5.50514E-15
   6115.74463   2.29601E-14
   6117.21582   2.41819E-14
   6118.68701   6.43028E-14
   6120.15869   5.81034E-14
   6121.62988   1.08231E-13
   6123.10107   3.08277E-14
   6124.57227   2.21001E-14
   6126.04346   7.29741E-14
   6127.51465   3.38973E-14
   6128.98584   2.80443E-14
   6130.45703   5.59543E-14
   6131.92871   2.80502E-15
   6133.39990   7.12533E-14
   6134.87109   6.64772E-14
   6136.34229   7.06733E-14
   6137.81348   4.68818E-14
   6139.28467   9.77722E-14
   6140.75586   1.23196E-13
   6142.22705   7.52414E-14
   6143.69824   3.32137E-14
   6145.16992   8.79746E-14
   6146.64111  -5.61780E-16
   6148.11230  -6.65621E-15
   6149.58350  -3.94415E-15
   6151.05469   5.36609E-14
   6152.52588   8.05026E-14
   6153.99707   4.68465E-14
   6155.46826   2.71908E-14
   6156.93994   8.92874E-14
   6158.41113   3.79974E-14
   6159.88232   6.77919E-14
   6161.35352   8.66772E-14
   6162.82471   2.90970E-14
   6164.29590   5.48600E-14
   6165.76709   5.50535E-14
   6167.23828   4.57383E-14
   6168.70947   3.59148E-14
   6170.18115   3.10574E-14
   6171.65234   5.67912E-14
   6173.12354   3.28560E-14
   6174.59473   1.57409E-14
   6176.06592  -2.28685E-14
   6177.53711   3.41515E-14
   6179.00830   1.27009E-14
   6180.47949   3.87076E-15
   6181.95117   6.09031E-14
   6183.42236   7.20764E-14
   6184.89355   5.66403E-14
   6186.36475   8.16641E-15
   6187.83594   1.58167E-14
   6189.30713   9.60331E-14
   6190.77832   5.59969E-15
   6192.24951  -2.59551E-14
   6193.72070   4.50392E-14
   6195.19238   1.70392E-14
   6196.66357   1.66744E-14
   6198.13477   3.80663E-14
   6199.60596   3.33910E-14
   6201.07715   5.73908E-14
   6202.54834   8.52909E-14
   6204.01953   5.28251E-14
   6205.49072   5.22457E-14
   6206.96240   1.97521E-14
   6208.43359  -5.12551E-15
   6209.90479   3.35228E-14
   6211.37598   5.15460E-14
   6212.84717   8.63221E-14
   6214.31836   7.52419E-14
   6215.78955   8.69026E-14
   6217.26074   4.83556E-14
   6218.73193   6.98018E-14
   6220.20361   7.53006E-14
   6221.67480   7.12412E-15
   6223.14600   9.76307E-14
   6224.61719   2.67706E-14
   6226.08838   3.38324E-14
   6227.55957   6.54817E-14
   6229.03076   3.94677E-14
   6230.50195   2.61030E-15
   6231.97363   3.06178E-14
   6233.44482   4.07183E-14
   6234.91602  -5.34546E-15
   6236.38721  -8.75649E-15
   6237.85840   4.57321E-14
   6239.32959   8.13449E-14
   6240.80078   1.78240E-14
   6242.27197   5.79616E-14
   6243.74365   3.38923E-14
   6245.21484   3.07403E-14
   6246.68604   6.07720E-14
   6248.15723   3.53907E-14
   6249.62842   5.58881E-14
   6251.09961   3.21292E-14
   6252.57080   2.06073E-14
   6254.04199   4.50689E-14
   6255.51318   7.83415E-14
   6256.98486   3.97726E-14
   6258.45605   3.98000E-14
   6259.92725   1.07002E-14
   6261.39844   8.32258E-14
   6262.86963   2.19292E-14
   6264.34082   2.62369E-14
   6265.81201   2.91815E-14
   6267.28320   2.09528E-14
   6268.75488   6.24507E-14
   6270.22607   3.72294E-14
   6271.69727   8.62410E-14
   6273.16846   7.92567E-14
   6274.63965   1.96615E-14
   6276.11084   5.45469E-14
   6277.58203   1.94363E-14
   6279.05322   7.58993E-14
   6280.52441   2.16302E-14
   6281.99609   2.89273E-14
   6283.46729   4.15478E-14
   6284.93848   9.01363E-14
   6286.40967   1.50197E-15
   6287.88086   5.05902E-14
   6289.35205   6.21642E-14
   6290.82324   6.80343E-14
   6292.29443   1.67936E-14
   6293.76611   8.86157E-14
   6295.23730   1.87478E-14
   6296.70850   4.30250E-14
   6298.17969   1.28568E-13
   6299.65088   5.22967E-14
   6301.12207   1.06774E-13
   6302.59326   7.49340E-14
   6304.06445   5.75318E-14
   6305.53564   4.63417E-14
   6307.00732   4.19531E-14
   6308.47852   9.71039E-14
   6309.94971   3.55698E-14
   6311.42090   1.00866E-13
   6312.89209   8.68177E-14
   6314.36328   6.08383E-14
   6315.83447   5.39890E-14
   6317.30566   7.69195E-14
   6318.77734   2.02307E-15
   6320.24854   1.37702E-14
   6321.71973   6.70320E-14
   6323.19092   6.60377E-14
   6324.66211   6.33301E-14
   6326.13330   1.10018E-13
   6327.60449  -5.86416E-15
   6329.07568   4.13852E-14
   6330.54688   6.35197E-14
   6332.01855   4.95089E-14
   6333.48975   9.01031E-14
   6334.96094   7.69860E-14
   6336.43213   5.82156E-14
   6337.90332   6.32942E-14
   6339.37451   8.37421E-14
   6340.84570   1.18191E-13
   6342.31689   7.72129E-14
   6343.78857   6.58267E-14
   6345.25977  -1.46500E-16
   6346.73096   6.14882E-15
   6348.20215   6.67718E-14
   6349.67334   4.07231E-14
   6351.14453   4.17987E-14
   6352.61572   1.11929E-14
   6354.08691   1.03018E-14
   6355.55811   3.83403E-14
   6357.02979   1.98488E-14
   6358.50098   8.78150E-14
   6359.97217   1.04827E-13
   6361.44336   4.26016E-14
   6362.91455   2.57567E-14
   6364.38574   9.83195E-14
   6365.85693   1.13467E-13
   6367.32812   5.21408E-14
   6368.79980   2.00054E-14
   6370.27100   2.13780E-14
   6371.74219   5.14623E-14
   6373.21338   5.88600E-14
   6374.68457   3.34798E-14
   6376.15576   2.82184E-14
   6377.62695   1.18543E-13
   6379.09814   7.58236E-14
   6380.56934   2.20816E-14
   6382.04102   2.16342E-14
   6383.51221   4.04374E-14
   6384.98340   6.88107E-14
   6386.45459   7.03805E-14
   6387.92578   9.57594E-14
   6389.39697   6.49086E-14
   6390.86816   5.83539E-14
   6392.33936   6.91772E-15
   6393.81104   3.30427E-14
   6395.28223   2.09390E-14
   6396.75342   1.83092E-14
   6398.22461   6.65026E-14
   6399.69580   5.52057E-14
   6401.16699   4.94328E-14
   6402.63818   2.95203E-14
   6404.10938   4.24469E-14
   6405.58105   4.25516E-14
   6407.05225   3.59586E-15
   6408.52344   9.47006E-14
   6409.99463   6.62905E-14
   6411.46582   1.64514E-14
   6412.93701   7.91405E-14
   6414.40820   7.64128E-14
   6415.87939   5.22485E-14
   6417.35059   6.11558E-14
   6418.82227   7.70755E-14
   6420.29346   3.98462E-14
   6421.76465   1.19463E-14
   6423.23584   6.48226E-14
   6424.70703   7.90818E-14
   6426.17822   3.98877E-14
   6427.64941   6.63748E-14
   6429.12061   5.08178E-14
   6430.59229   7.84663E-14
   6432.06348   7.00520E-14
   6433.53467   6.89295E-14
   6435.00586   1.04577E-13
   6436.47705   5.52651E-15
   6437.94824   7.36500E-14
   6439.41943   4.50654E-14
   6440.89062   3.78478E-14
   6442.36182   4.11543E-14
   6443.83350   4.79941E-14
   6445.30469   5.58209E-14
   6446.77588   4.90466E-14
   6448.24707   7.20607E-14
   6449.71826   5.31403E-14
   6451.18945   2.96693E-14
   6452.66064   7.73677E-14
   6454.13184   1.28363E-13
   6455.60352   6.70006E-14
   6457.07471   4.92046E-14
   6458.54590   4.22289E-14
   6460.01709   6.36035E-14
   6461.48828   5.37440E-14
   6462.95947   9.91041E-14
   6464.43066   7.02811E-14
   6465.90186   6.64726E-14
   6467.37305   5.40339E-14
   6468.84473   6.13873E-14
   6470.31592   3.85957E-14
   6471.78711   4.54098E-14
   6473.25830   7.23957E-14
   6474.72949   2.76449E-14
   6476.20068   7.58523E-14
   6477.67188   1.91806E-14
   6479.14307   4.16321E-14
   6480.61475   1.02463E-13
   6482.08594   5.52879E-14
   6483.55713   9.32439E-14
   6485.02832   7.41948E-14
   6486.49951   4.29998E-14
   6487.97070   4.84516E-14
   6489.44189   1.01441E-13
   6490.91309   4.67149E-14
   6492.38428   3.39124E-14
   6493.85596   5.66408E-14
   6495.32715   9.58701E-14
   6496.79834   6.09285E-14
   6498.26953   9.05046E-14
   6499.74072   1.10377E-13
   6501.21191   6.45070E-14
   6502.68311   8.68983E-14
   6504.15430   6.88522E-14
   6505.62598   5.66880E-14
   6507.09717   7.00255E-14
   6508.56836   4.92338E-14
   6510.03955   4.98878E-14
   6511.51074   8.88034E-14
   6512.98193   8.61827E-14
   6514.45312   2.95478E-14
   6515.92432   8.40954E-14
   6517.39551   8.48104E-14
   6518.86719   6.08880E-14
   6520.33838   8.36438E-14
   6521.80957   4.15844E-14
   6523.28076   9.75358E-14
   6524.75195   4.90497E-14
   6526.22314   1.18339E-13
   6527.69434   9.74137E-14
   6529.16553   6.01026E-14
   6530.63721   9.38155E-14
   6532.10840   8.36883E-14
   6533.57959   7.72796E-14
   6535.05078   1.48054E-13
   6536.52197   1.12292E-13
   6537.99316   8.62601E-14
   6539.46436   1.36045E-13
   6540.93555   1.21268E-13
   6542.40674   1.26020E-13
   6543.87842   1.38883E-13
   6545.34961   1.75766E-13
   6546.82080   2.64434E-13
   6548.29199   2.14197E-13
   6549.76318   1.92936E-13
   6551.23438   2.81127E-13
   6552.70557   3.30054E-13
   6554.17676   3.84054E-13
   6555.64844   6.15144E-13
   6557.11963   1.22091E-12
   6558.59082   2.45524E-12
   6560.06201   3.60943E-12
   6561.53320   4.15443E-12
   6563.00439   4.03496E-12
   6564.47559   3.24787E-12
   6565.94678   2.18915E-12
   6567.41797   1.42600E-12
   6568.88965   8.41395E-13
   6570.36084   5.04321E-13
   6571.83203   4.08046E-13
   6573.30322   2.97897E-13
   6574.77441   1.99581E-13
   6576.24561   1.33652E-13
   6577.71680   1.65137E-13
   6579.18799   2.11118E-13
   6580.65967   1.76561E-13
   6582.13086   1.68045E-13
   6583.60205   1.93389E-13
   6585.07324   1.65443E-13
   6586.54443   1.40013E-13
   6588.01562   7.60014E-14
   6589.48682   8.84051E-14
   6590.95801   1.04120E-13
   6592.42969   8.49755E-14
   6593.90088   6.87103E-14
   6595.37207   1.22095E-13
   6596.84326   8.52351E-14
   6598.31445   5.54981E-14
   6599.78564   9.78423E-14
   6601.25684   8.80004E-14
   6602.72803   8.63393E-14
   6604.19922   4.76698E-14
   6605.67090   5.39602E-14
   6607.14209   4.55068E-14
   6608.61328   3.75886E-14
   6610.08447   7.39993E-14
   6611.55566   5.35558E-14
   6613.02686   5.06332E-14
   6614.49805   8.79283E-14
   6615.96924   7.37555E-14
   6617.44092   5.29144E-14
   6618.91211   8.39479E-14
   6620.38330   8.03911E-14
   6621.85449   8.07517E-14
   6623.32568   4.54282E-14
   6624.79688   9.41198E-15
   6626.26807   4.37568E-14
   6627.73926   7.46121E-14
   6629.21045   4.54534E-14
   6630.68213   5.11150E-14
   6632.15332   2.80680E-14
   6633.62451   3.96887E-14
   6635.09570   8.46169E-14
   6636.56689   6.55460E-14
   6638.03809   8.76021E-14
   6639.50928   6.02822E-14
   6640.98047   5.99310E-14
   6642.45215   1.02462E-13
   6643.92334   5.45021E-14
   6645.39453   8.12404E-14
   6646.86572   8.15996E-14
   6648.33691   6.39902E-14
   6649.80811   5.89753E-14
   6651.27930   6.91100E-14
   6652.75049   2.46023E-14
   6654.22168   2.78348E-14
   6655.69336   8.56203E-14
   6657.16455   6.16017E-14
   6658.63574   5.12675E-14
   6660.10693   3.98518E-14
   6661.57812   4.48778E-14
   6663.04932   6.39868E-14
   6664.52051   6.71603E-14
   6665.99170   3.93616E-14
   6667.46338   4.52341E-14
   6668.93457   9.45212E-14
   6670.40576   1.05718E-13
   6671.87695   6.65717E-14
   6673.34814   4.90789E-14
   6674.81934   9.59381E-14
   6676.29053   1.21748E-13
   6677.76172   1.68010E-13
   6679.23291   1.69440E-13
   6680.70459   7.90805E-14
   6682.17578   2.30100E-14
   6683.64697   6.70583E-14
   6685.11816   4.51618E-14
   6686.58936   3.82241E-14
   6688.06055   3.92887E-14
   6689.53174   7.30039E-14
   6691.00293   5.29849E-14
   6692.47461   3.91017E-14
   6693.94580   7.98138E-14
   6695.41699   4.74225E-14
   6696.88818   6.42167E-14
   6698.35938   6.33113E-14
   6699.83057   1.39840E-14
   6701.30176   1.69931E-14
   6702.77295   3.29698E-14
   6704.24414   4.41614E-14
   6705.71582   7.19485E-14
   6707.18701   1.00099E-13
   6708.65820   4.46217E-14
   6710.12939   5.38814E-14
   6711.60059   4.81497E-14
   6713.07178   1.75900E-14
   6714.54297   6.82345E-14
   6716.01416   5.73223E-14
   6717.48584   3.96537E-14
   6718.95703   4.51593E-14
   6720.42822   7.03064E-14
   6721.89941   6.63241E-14
   6723.37061   7.65669E-14
   6724.84180   8.72804E-14
   6726.31299   6.74521E-14
   6727.78418   6.00133E-14
   6729.25537   6.68083E-14
   6730.72705   7.73532E-14
   6732.19824   5.88730E-14
   6733.66943   7.77413E-14
   6735.14062   7.88519E-14
   6736.61182   3.56765E-14
   6738.08301   3.16180E-14
   6739.55420   2.75337E-14
   6741.02539   3.52860E-14
   6742.49707   9.83821E-14
   6743.96826   3.17718E-14
   6745.43945   4.27852E-14
   6746.91064   1.19722E-14
   6748.38184   7.16771E-14
   6749.85303   4.84350E-14
   6751.32422   5.07928E-14
   6752.79541   8.61304E-14
   6754.26709   5.73186E-14
   6755.73828   8.31651E-14
   6757.20947   8.01663E-14
   6758.68066   3.43834E-14
   6760.15186   5.57901E-14
   6761.62305   4.26855E-14
   6763.09424   5.37935E-14
   6764.56543   1.03644E-13
   6766.03662   2.61315E-14
   6767.50830   3.40979E-14
   6768.97949   9.38584E-14
   6770.45068   8.64198E-14
   6771.92188   7.33419E-14
   6773.39307   2.70672E-14
   6774.86426   7.21524E-14
   6776.33545   4.93190E-14
   6777.80664   6.07620E-14
   6779.27832   7.19559E-14
   6780.74951   4.65732E-14
   6782.22070   6.70853E-14
   6783.69189   8.30224E-14
   6785.16309   7.50519E-14
   6786.63428   4.86401E-14
   6788.10547   5.62278E-14
   6789.57666   6.38246E-14
   6791.04785   2.83030E-14
   6792.51953   7.19993E-14
   6793.99072   4.29247E-14
   6795.46191   6.08679E-14
   6796.93311   8.11803E-14
   6798.40430   1.19712E-14
   6799.87549   2.38399E-14
   6801.34668   8.71433E-14
   6802.81787   7.51746E-14
   6804.28955   5.84771E-14
   6805.76074   3.64314E-14
   6807.23193   6.47909E-14
   6808.70312   7.69614E-14
   6810.17432   5.63268E-14
   6811.64551   6.31185E-14
   6813.11670   5.96778E-14
   6814.58789   4.65895E-14
   6816.05908   4.54781E-14
   6817.53076   1.17787E-13
   6819.00195   1.02494E-13
   6820.47314   1.26832E-13
   6821.94434   1.40815E-13
   6823.41553   1.55174E-13
   6824.88672   1.79277E-13
   6826.35791   2.12850E-13
   6827.82910   1.01789E-13
   6829.30078   1.98061E-13
   6830.77197   2.14633E-13
   6832.24316   1.36700E-13
   6833.71436   1.17641E-13
   6835.18555   1.14518E-13
   6836.65674   1.30665E-13
   6838.12793   8.78836E-14
   6839.59912   1.01662E-13
   6841.07031   6.83301E-14
   6842.54199   4.90623E-14
   6844.01318   5.49546E-14
   6845.48438   1.00369E-13
   6846.95557   5.30927E-14
   6848.42676   1.09635E-13
   6849.89795   1.41640E-13
   6851.36914   8.30314E-14
   6852.84033   1.22273E-13
   6854.31201   9.59356E-14
   6855.78320   6.15032E-14
   6857.25439   1.07207E-13
   6858.72559   4.74334E-14
   6860.19678   6.62703E-14
   6861.66797   1.28555E-13
   6863.13916   5.94820E-14
   6864.61035   1.19605E-14
   6866.08154   3.84266E-14
   6867.55322   6.67723E-14
   6869.02441   5.15641E-14
   6870.49561   3.60906E-14
   6871.96680   6.76271E-14
   6873.43799   8.33150E-14
   6874.90918   7.69976E-14
   6876.38037   6.83685E-14
   6877.85156   1.09648E-13
   6879.32324   6.06516E-14
   6880.79443   8.53351E-14
   6882.26562   1.01675E-13
   6883.73682   3.56698E-14
   6885.20801   1.11705E-13
   6886.67920   1.15243E-13
   6888.15039   7.55274E-14
   6889.62158   9.75911E-14
   6891.09277   9.60910E-14
   6892.56445   1.07581E-13
   6894.03564   7.46837E-14
   6895.50684   4.03336E-14
   6896.97803   5.93172E-14
   6898.44922   7.83339E-14
   6899.92041   8.36347E-14
   6901.39160   4.27895E-14
   6902.86279   4.11548E-14
   6904.33447   3.72785E-14
   6905.80566   1.40947E-14
   6907.27686   8.38572E-14
   6908.74805   7.26859E-14
   6910.21924   3.28588E-14
   6911.69043   5.89811E-14
   6913.16162   6.28706E-14
   6914.63281   1.26522E-13
   6916.10449   9.24985E-14
   6917.57568   7.88109E-14
   6919.04688   1.49992E-13
   6920.51807   6.01720E-14
   6921.98926   7.63607E-14
   6923.46045   4.24476E-14
   6924.93164   7.15287E-14
   6926.40283   5.74490E-14
   6927.87402   1.18431E-13
   6929.34570   4.82127E-14
   6930.81689   4.80044E-14
   6932.28809   9.40172E-14
   6933.75928   7.97122E-14
   6935.23047   1.21804E-13
   6936.70166   7.92364E-14
   6938.17285   5.96929E-14
   6939.64404   7.49464E-14
   6941.11572   7.76578E-14
   6942.58691   1.05331E-13
   6944.05811   3.16125E-14
   6945.52930   1.86782E-14
   6947.00049   8.13384E-14
   6948.47168   7.49539E-14
   6949.94287   4.84646E-14
   6951.41406   6.58732E-14
   6952.88525   1.19951E-13
   6954.35693   1.00026E-13
   6955.82812   9.90479E-14
   6957.29932   1.17135E-13
   6958.77051   1.10600E-13
   6960.24170   9.38375E-14
   6961.71289   7.77606E-14
   6963.18408   1.00540E-13
   6964.65527   1.16150E-13
   6966.12695   1.11531E-13
   6967.59814   9.58016E-14
   6969.06934   8.02901E-14
   6970.54053   8.38364E-14
   6972.01172   9.52314E-14
   6973.48291   9.04772E-14
   6974.95410   7.07055E-14
   6976.42529   1.04473E-13
   6977.89648   7.80146E-14
   6979.36816   9.62305E-14
   6980.83936   9.51209E-14
   6982.31055   1.39384E-13
   6983.78174   1.23301E-13
   6985.25293   6.62839E-14
   6986.72412   1.14952E-13
   6988.19531   8.03135E-14
   6989.66650  -1.12259E-14
   6991.13818   1.10647E-13
   6992.60938   8.80870E-14
   6994.08057   1.17515E-13
   6995.55176   6.17526E-14
   6997.02295   7.19936E-14
   6998.49414   1.08108E-13
   6999.96533   1.18289E-13
   7001.43652   2.02859E-14
   7002.90771   1.42199E-13
   7004.37939   1.37857E-13
   7005.85059   1.72330E-13
   7007.32178   1.09408E-13
   7008.79297   1.31096E-13
   7010.26416   1.07348E-13
   7011.73535   1.33715E-13
   7013.20654  -1.71907E-14
   7014.67773   4.94973E-14
   7016.14941   1.18309E-13
   7017.62061   1.45314E-13
   7019.09180   5.98859E-14
   7020.56299   6.74142E-14
   7022.03418   7.93052E-14
   7023.50537   1.15073E-13
   7024.97656   1.48696E-13
   7026.44775   1.51225E-13
   7027.91895   8.95483E-14
   7029.39062   1.31241E-13
   7030.86182   1.18599E-13
   7032.33301   8.50253E-14
   7033.80420   1.29122E-13
   7035.27539   7.41545E-14
   7036.74658   1.10926E-13
   7038.21777   1.07006E-13
   7039.68896   9.79117E-14
   7041.16064   1.10321E-13
   7042.63184   9.49560E-14
   7044.10303   8.84728E-14
   7045.57422   1.08002E-13
   7047.04541   1.40308E-13
   7048.51660   9.86628E-14
   7049.98779   1.15189E-13
   7051.45898   1.00507E-13
   7052.93018   7.71923E-14
   7054.40186   6.27368E-14
   7055.87305   1.24335E-13
   7057.34424   5.69328E-14
   7058.81543   4.88727E-14
   7060.28662   8.89782E-14
   7061.75781   1.36027E-13
   7063.22900   2.36238E-13
   7064.70020   2.47938E-13
   7066.17188   2.73876E-13
   7067.64307   1.12102E-13
   7069.11426   1.20523E-13
   7070.58545   7.13827E-14
   7072.05664   8.25087E-14
   7073.52783   8.21189E-14
   7074.99902   4.88849E-14
   7076.47021   5.76757E-14
   7077.94189   5.80061E-14
   7079.41309   1.85804E-14
   7080.88428   3.90689E-14
   7082.35547   1.06285E-13
   7083.82666   9.63914E-14
   7085.29785   1.01774E-13
   7086.76904   8.74098E-14
   7088.24023   7.57453E-14
   7089.71143   2.85630E-14
   7091.18311   9.35047E-14
   7092.65430   1.19269E-13
   7094.12549   3.28861E-14
   7095.59668   3.76335E-14
   7097.06787   9.06568E-14
   7098.53906   9.82257E-14
   7100.01025   2.70519E-14
   7101.48145   4.92974E-14
   7102.95312   6.03078E-14
   7104.42432   1.02934E-13
   7105.89551   3.81839E-14
   7107.36670   9.30584E-14
   7108.83789   1.82294E-14
   7110.30908   3.46312E-14
   7111.78027   1.00701E-13
   7113.25146   6.13677E-14
   7114.72266   7.45904E-14
   7116.19434   2.77733E-14
   7117.66553   4.05310E-14
   7119.13672   9.92449E-14
   7120.60791   4.94927E-14
   7122.07910   5.85769E-14
   7123.55029   5.46369E-14
   7125.02148   7.16999E-14
   7126.49268   1.06834E-13
   7127.96436   8.78587E-14
   7129.43555   6.18438E-14
   7130.90674   7.15010E-14
   7132.37793   5.76701E-14
   7133.84912   9.90764E-14
   7135.32031   1.04643E-13
   7136.79150   1.05762E-13
   7138.26270   4.98739E-14
   7139.73389   1.23275E-14
   7141.20557   5.71642E-14
   7142.67676   5.63282E-14
   7144.14795   5.90459E-14
   7145.61914   9.34129E-14
   7147.09033   6.44160E-14
   7148.56152   4.79377E-14
   7150.03271   7.65858E-14
   7151.50391   9.12758E-14
   7152.97559   9.42953E-14
   7154.44678   6.16542E-14
   7155.91797   4.16143E-14
   7157.38916   8.52904E-14
   7158.86035   6.20122E-14
   7160.33154   2.48048E-14
   7161.80273   5.13894E-14
   7163.27393   5.84533E-14
   7164.74512   4.41443E-14
   7166.21680   7.22950E-14
   7167.68799   9.81458E-14
   7169.15918   1.04968E-13
   7170.63037   6.60802E-14
   7172.10156   3.59816E-14
   7173.57275   6.18893E-14
   7175.04395   6.77121E-14
   7176.51514   4.85372E-14
   7177.98682   1.28948E-14
   7179.45801   3.10382E-14
   7180.92920   3.39058E-14
   7182.40039   1.65141E-14
   7183.87158   1.07216E-13
   7185.34277   9.16744E-14
   7186.81396   8.02622E-14
   7188.28516   9.74902E-14
   7189.75635   7.57668E-14
   7191.22803   6.52124E-14
   7192.69922   4.89319E-14
   7194.17041   1.00045E-13
   7195.64160   6.06958E-14
   7197.11279   5.67155E-14
   7198.58398   6.23732E-14
   7200.05518   3.80124E-14
   7201.52637   1.83628E-14
   7202.99805   6.01638E-14
   7204.46924   8.06519E-14
   7205.94043   9.46571E-14
   7207.41162   3.04501E-14
   7208.88281   6.40093E-14
   7210.35400   4.97071E-14
   7211.82520   1.00451E-13
   7213.29639   8.15157E-14
   7214.76758   8.89729E-14
   7216.23926   1.54762E-13
   7217.71045   9.13555E-14
   7219.18164   1.11636E-13
   7220.65283   8.83370E-14
   7222.12402   6.29638E-14
   7223.59521   7.96160E-14
   7225.06641   3.56552E-14
   7226.53760   1.87907E-14
   7228.00928   7.46195E-14
   7229.48047   4.49891E-14
   7230.95166   7.32319E-14
   7232.42285   7.26815E-14
   7233.89404   2.50389E-14
   7235.36523   6.34662E-14
   7236.83643   4.13825E-14
   7238.30762   2.95064E-14
   7239.77881   1.37330E-14
   7241.25049   4.78167E-14
   7242.72168   1.30312E-13
   7244.19287   5.55911E-14
   7245.66406   9.82690E-14
   7247.13525   8.95260E-14
   7248.60645   1.85175E-14
   7250.07764   5.50781E-14
   7251.54883   9.46379E-14
   7253.02051   7.92914E-14
   7254.49170   8.92513E-14
   7255.96289   1.19695E-13
   7257.43408   7.96499E-14
   7258.90527   6.38175E-14
   7260.37646   5.50863E-14
   7261.84766   1.14628E-13
   7263.31885   1.02009E-13
   7264.79053   8.97837E-14
   7266.26172   9.38954E-14
   7267.73291   7.43175E-14
   7269.20410   5.88293E-14
   7270.67529   1.08755E-14
   7272.14648   5.23734E-14
   7273.61768   4.47475E-14
   7275.08887   1.33914E-14
   7276.56006   1.03583E-13
   7278.03174   1.05221E-13
   7279.50293   1.17450E-13
   7280.97412   1.04982E-13
   7282.44531   7.06062E-14
   7283.91650   1.17021E-13
   7285.38770   1.20049E-13
   7286.85889   6.89254E-14
   7288.33008   7.61157E-14
   7289.80176   1.66820E-13
   7291.27295   8.75191E-14
   7292.74414   2.12716E-14
   7294.21533   7.11089E-14
   7295.68652   1.37113E-13
   7297.15771   1.13062E-13
   7298.62891   7.52880E-14
   7300.10010   6.04673E-14
   7301.57129   4.97170E-14
   7303.04297   1.02620E-13
   7304.51416   7.13299E-14
   7305.98535   1.18020E-13
   7307.45654   1.58646E-13
   7308.92773   1.55750E-13
   7310.39893   9.53866E-14
   7311.87012   1.62550E-13
   7313.34131   1.64637E-13
   7314.81299   1.14858E-13
   7316.28418   1.14833E-13
   7317.75537   1.41860E-13
   7319.22656   1.38039E-13
   7320.69775   6.74131E-14
   7322.16895   1.28441E-13
   7323.64014   8.40060E-14
   7325.11133   1.03620E-13
   7326.58252   1.38609E-13
   7328.05420   1.35505E-13
   7329.52539   1.16290E-13
   7330.99658   8.43313E-14
   7332.46777   1.27577E-13
   7333.93896   1.65827E-13
   7335.41016   1.41875E-13
   7336.88135   1.37975E-13
   7338.35254   1.29897E-13
   7339.82422   1.29399E-13
   7341.29541   1.39381E-13
   7342.76660   1.23574E-13
   7344.23779   1.53413E-13
   7345.70898   1.42766E-13
   7347.18018   9.69714E-14
   7348.65137   8.04914E-14
   7350.12256   4.22582E-14
   7351.59375   1.14208E-13
   7353.06543   6.06433E-14
   7354.53662   8.07512E-14
   7356.00781   1.06719E-13
   7357.47900   8.36440E-14
   7358.95020   1.18627E-13
   7360.42139   1.05711E-13
   7361.89258   5.93880E-14
   7363.36377   1.17000E-13
   7364.83545   1.45265E-13
   7366.30664   1.13896E-13
   7367.77783   1.01592E-13
   7369.24902   8.93969E-14
   7370.72021   1.28617E-13
   7372.19141   6.06737E-14
   7373.66260   1.37714E-13
   7375.13379   1.08574E-13
   7376.60498   1.37955E-13
   7378.07666   1.02585E-13
   7379.54785   1.02122E-13
   7381.01904   9.66277E-14
   7382.49023   1.17468E-13
   7383.96143   1.09937E-13
   7385.43262   1.26350E-13
   7386.90381   9.21537E-14
   7388.37500   1.08881E-13
   7389.84668   9.41610E-14
   7391.31787   1.04353E-13
   7392.78906   1.41848E-13
   7394.26025   1.14174E-13
   7395.73145   1.10209E-13
   7397.20264   1.15347E-13
   7398.67383   1.02618E-13
   7400.14502   1.12063E-13
   7401.61621   9.55426E-14
   7403.08789   1.21198E-13
   7404.55908   9.38140E-14
   7406.03027   1.10613E-13
   7407.50146   9.38620E-14
   7408.97266   7.11762E-14
   7410.44385   1.29444E-13
   7411.91504   1.02645E-13
   7413.38623   8.34388E-14
   7414.85791   5.61141E-14
   7416.32910   8.79529E-14
