#  puvul.271  455147.56501   30.0
#     wave       flux
   3467.74365   6.19574E-14
   3469.21777   1.39533E-14
   3470.69214   2.81621E-14
   3472.16626   2.41967E-14
   3473.64038   3.83176E-14
   3475.11475   4.45484E-14
   3476.58887   2.24247E-14
   3478.06299   3.33474E-14
   3479.53711   1.42242E-14
   3481.01147   4.51815E-14
   3482.48560   2.54458E-14
   3483.95972   3.73278E-14
   3485.43408   3.74357E-14
   3486.90820   2.78961E-14
   3488.38232   2.59756E-14
   3489.85669   4.12950E-14
   3491.33081   4.41749E-14
   3492.80493   2.21188E-14
   3494.27905   5.73213E-14
   3495.75342   4.60449E-14
   3497.22754   3.40968E-14
   3498.70166   4.73668E-14
   3500.17603   6.53903E-14
   3501.65015   4.37668E-14
   3503.12427   2.96244E-14
   3504.59863   2.67453E-14
   3506.07275   4.92055E-14
   3507.54688   7.10409E-14
   3509.02124   5.09860E-14
   3510.49536   3.72198E-14
   3511.96948   2.94210E-14
   3513.44360   3.71996E-14
   3514.91797   4.00170E-14
   3516.39209   3.72187E-14
   3517.86621   5.15305E-14
   3519.34058   2.97044E-14
   3520.81470   2.34657E-14
   3522.28882   3.21583E-14
   3523.76318   3.31530E-14
   3525.23730   2.52315E-14
   3526.71143   3.65753E-14
   3528.18579   3.25126E-14
   3529.65991   3.33672E-14
   3531.13403   5.33354E-14
   3532.60815   5.07160E-14
   3534.08252   5.20713E-14
   3535.55664   2.25394E-14
   3537.03076   4.31833E-14
   3538.50513   2.69259E-14
   3539.97925   5.65114E-14
   3541.45337   4.89756E-14
   3542.92773   2.36663E-14
   3544.40186   4.56022E-14
   3545.87598   4.63175E-14
   3547.35010   2.44629E-14
   3548.82446   3.77797E-14
   3550.29858   4.34340E-14
   3551.77271   4.14017E-14
   3553.24707   4.38848E-14
   3554.72119   2.23565E-14
   3556.19531   3.86369E-14
   3557.66968   3.86733E-14
   3559.14380   4.48563E-14
   3560.61792   2.27842E-14
   3562.09229   5.12362E-14
   3563.56641   3.44353E-14
   3565.04053   5.15137E-14
   3566.51465   3.14310E-14
   3567.98901   3.04733E-14
   3569.46313   2.92090E-14
   3570.93726   9.39956E-15
   3572.41162   2.83136E-14
   3573.88574   3.47406E-14
   3575.35986   5.97059E-14
   3576.83423   3.00182E-14
   3578.30835   3.55622E-14
   3579.78247   3.43520E-14
   3581.25659   2.73052E-14
   3582.73096   8.44199E-14
   3584.20508   1.66648E-13
   3585.67920   2.07869E-13
   3587.15356   1.62456E-13
   3588.62769   1.17136E-13
   3590.10181   8.39364E-14
   3591.57617   4.06377E-14
   3593.05029   4.67261E-14
   3594.52441   3.63752E-14
   3595.99878   3.85550E-14
   3597.47290   4.08159E-14
   3598.94702   3.53478E-14
   3600.42114   3.38436E-14
   3601.89551   2.19794E-14
   3603.36963   2.08382E-14
   3604.84375   4.22881E-14
   3606.31812   4.25832E-14
   3607.79224   5.84786E-14
   3609.26636   4.07906E-14
   3610.74072   2.43678E-14
   3612.21484   5.56850E-14
   3613.68896   2.85811E-14
   3615.16333   3.16193E-14
   3616.63745   2.12863E-14
   3618.11157   3.18892E-14
   3619.58569   2.25297E-14
   3621.06006   3.18589E-14
   3622.53418   4.08603E-14
   3624.00830   3.00816E-14
   3625.48267   2.96888E-14
   3626.95679   2.15031E-14
   3628.43091   3.48634E-14
   3629.90527   2.59487E-14
   3631.37939   3.78407E-14
   3632.85352   4.21990E-14
   3634.32764   4.66843E-14
   3635.80200   3.83948E-14
   3637.27612   3.72468E-14
   3638.75024   1.14440E-15
   3640.22461   3.76708E-14
   3641.69873   3.02464E-14
   3643.17285   3.71898E-14
   3644.64722   3.68760E-14
   3646.12134   2.29152E-14
   3647.59546   3.66414E-14
   3649.06982   4.30243E-14
   3650.54395   3.80064E-14
   3652.01807   2.94195E-14
   3653.49219   2.37162E-14
   3654.96655   3.41805E-14
   3656.44067   3.63355E-14
   3657.91479   3.09691E-14
   3659.38916   4.87531E-14
   3660.86328   5.66062E-14
   3662.33740   3.66403E-14
   3663.81177   3.44140E-14
   3665.28589   3.86856E-14
   3666.76001   2.56901E-14
   3668.23438   4.18778E-14
   3669.70850   4.25140E-14
   3671.18262   2.73957E-14
   3672.65674   3.81096E-14
   3674.13110   4.18131E-14
   3675.60522   2.56365E-14
   3677.07935   2.70473E-14
   3678.55371   1.73920E-14
   3680.02783   1.96580E-14
   3681.50195   2.97490E-14
   3682.97632   1.86403E-14
   3684.45044   2.66685E-14
   3685.92456   3.62462E-14
   3687.39868   3.70883E-14
   3688.87305   1.43093E-14
   3690.34717   1.55285E-14
   3691.82129   2.73509E-14
   3693.29565   2.23167E-14
   3694.76978   2.13341E-14
   3696.24390   3.22093E-14
   3697.71826   1.77621E-14
   3699.19238   2.84709E-14
   3700.66650   2.07990E-14
   3702.14087   2.87766E-14
   3703.61499   3.93635E-14
   3705.08911   3.31785E-14
   3706.56323   3.50520E-14
   3708.03760   1.92421E-14
   3709.51172   2.52285E-14
   3710.98584   3.82869E-14
   3712.46021   3.02202E-14
   3713.93433   2.89803E-14
   3715.40845   2.40412E-14
   3716.88281   2.16063E-14
   3718.35693   3.43383E-14
   3719.83105   4.54080E-14
   3721.30518   4.75959E-14
   3722.77954   6.60479E-14
   3724.25366   6.82434E-14
   3725.72778   6.60218E-14
   3727.20215   4.38467E-14
   3728.67627   3.12803E-14
   3730.15039   2.40399E-14
   3731.62476   2.84871E-14
   3733.09888   4.83859E-14
   3734.57300   3.33131E-14
   3736.04736   3.26731E-14
   3737.52148   2.05645E-14
   3738.99561   2.50037E-14
   3740.46973   2.43097E-14
   3741.94409   2.16524E-14
   3743.41821   1.95052E-14
   3744.89233   1.05435E-14
   3746.36670   2.99176E-14
   3747.84082   3.97649E-14
   3749.31494   2.87961E-14
   3750.78931   2.59577E-14
   3752.26343   3.72459E-14
   3753.73755   5.44008E-14
   3755.21191   8.76858E-14
   3756.68604   2.23591E-13
   3758.16016   2.99479E-13
   3759.63428   2.50529E-13
   3761.10864   1.66081E-13
   3762.58276   7.89054E-14
   3764.05688   2.60306E-14
   3765.53125   2.55410E-14
   3767.00537   3.15868E-14
   3768.47949   3.76111E-14
   3769.95386   4.32613E-14
   3771.42798   4.23563E-14
   3772.90210   3.01423E-14
   3774.37622   2.12811E-14
   3775.85059   1.29956E-14
   3777.32471   1.25593E-14
   3778.79883   1.60215E-14
   3780.27319   1.81526E-14
   3781.74731   2.05920E-14
   3783.22144   2.90603E-14
   3784.69580   1.90553E-14
   3786.16992   1.68904E-14
   3787.64404   2.08617E-14
   3789.11841   1.56825E-14
   3790.59253   1.97714E-14
   3792.06665   2.73449E-14
   3793.54077   2.97304E-14
   3795.01514   5.68825E-14
   3796.48926   5.71650E-14
   3797.96338   5.07208E-14
   3799.43774   3.23244E-14
   3800.91187   2.77481E-14
   3802.38599   2.56461E-14
   3803.86035   1.93952E-14
   3805.33447   2.08608E-14
   3806.80859   2.76847E-14
   3808.28271   1.31232E-14
   3809.75708   2.52093E-14
   3811.23120   1.48102E-14
   3812.70532   2.05846E-14
   3814.17969   4.21059E-14
   3815.65381   1.93020E-14
   3817.12793   3.35724E-14
   3818.60229   3.65056E-14
   3820.07642   1.78872E-14
   3821.55054   3.32187E-14
   3823.02490   2.50179E-14
   3824.49902   1.66662E-14
   3825.97314   1.45586E-14
   3827.44727   2.07887E-14
   3828.92163   1.86029E-14
   3830.39575   2.41720E-14
   3831.86987   4.20607E-14
   3833.34424   6.37751E-14
   3834.81836   7.03984E-14
   3836.29248   5.56939E-14
   3837.76685   4.36543E-14
   3839.24097   3.15131E-14
   3840.71509   1.59638E-14
   3842.18945   1.54761E-14
   3843.66357   1.77550E-14
   3845.13770   2.08175E-14
   3846.61182   2.02524E-14
   3848.08618   1.21428E-14
   3849.56030   8.74754E-15
   3851.03442   1.51465E-14
   3852.50879   2.22411E-14
   3853.98291   1.62495E-14
   3855.45703   1.88226E-14
   3856.93140   2.46735E-14
   3858.40552   2.97376E-14
   3859.87964   2.21242E-14
   3861.35376   2.00024E-14
   3862.82812   2.32355E-14
   3864.30225   9.31038E-14
   3865.77637   2.45127E-13
   3867.25073   3.43147E-13
   3868.72485   2.80656E-13
   3870.19897   1.81417E-13
   3871.67334   9.51491E-14
   3873.14746   3.83306E-14
   3874.62158   2.51800E-14
   3876.09595   1.78806E-14
   3877.57007   1.24302E-14
   3879.04419   1.88206E-14
   3880.51831   1.62257E-14
   3881.99268   1.88187E-14
   3883.46680   2.60329E-14
   3884.94092   5.06536E-14
   3886.41528   8.14439E-14
   3887.88940   1.01354E-13
   3889.36353   9.83719E-14
   3890.83789   7.59629E-14
   3892.31201   5.08575E-14
   3893.78613   3.56775E-14
   3895.26050   3.56041E-14
   3896.73462   3.35582E-14
   3898.20874   1.40814E-14
   3899.68286   1.12171E-14
   3901.15723   1.65974E-14
   3902.63135   2.13060E-14
   3904.10547   1.64052E-14
   3905.57983   1.87479E-14
   3907.05396   1.42766E-14
   3908.52808   2.58361E-14
   3910.00244   1.47363E-14
   3911.47656   2.01284E-14
   3912.95068   1.87690E-14
   3914.42480   9.64735E-15
   3915.89917   1.15215E-14
   3917.37329   1.16389E-14
   3918.84741   8.39864E-15
   3920.32178   1.80003E-14
   3921.79590   1.82074E-14
   3923.27002   2.26656E-14
   3924.74438   2.08460E-14
   3926.21851   9.65106E-15
   3927.69263   1.47579E-14
   3929.16699   2.24695E-14
   3930.64111   1.59887E-14
   3932.11523   1.79011E-14
   3933.58936   1.70240E-14
   3935.06372   1.95797E-14
   3936.53784   2.43055E-14
   3938.01196   1.80336E-14
   3939.48633   1.46071E-14
   3940.96045   1.43432E-14
   3942.43457   2.10020E-14
   3943.90894   1.86961E-14
   3945.38306   8.58005E-15
   3946.85718   1.83905E-14
   3948.33130   1.62168E-14
   3949.80566   1.41796E-14
   3951.27979   1.27399E-14
   3952.75391   1.38086E-14
   3954.22827   1.17933E-14
   3955.70239   1.44716E-14
   3957.17651   1.30172E-14
   3958.65088   1.31137E-14
   3960.12500   1.62486E-14
   3961.59912   1.70278E-14
   3963.07349   4.98224E-14
   3964.54761   1.04385E-13
   3966.02173   1.43517E-13
   3967.49585   1.70640E-13
   3968.97021   1.53646E-13
   3970.44434   1.03113E-13
   3971.91846   6.77956E-14
   3973.39282   3.51395E-14
   3974.86694   1.77751E-14
   3976.34106   1.10633E-14
   3977.81543   1.53856E-14
   3979.28955   1.29320E-14
   3980.76367   9.77618E-15
   3982.23804   1.70672E-14
   3983.71216   1.77003E-14
   3985.18628   1.27679E-14
   3986.66040   1.77973E-14
   3988.13477   1.87999E-14
   3989.60889   1.96976E-14
   3991.08301   1.37814E-14
   3992.55737   1.82641E-14
   3994.03149   1.86239E-14
   3995.50562   9.11584E-15
   3996.97998   1.50880E-14
   3998.45410   1.44570E-14
   3999.92822   1.77822E-14
   4001.40234   1.82420E-14
   4002.87671   1.60086E-14
   4004.35083   1.89761E-14
   4005.82495   1.68146E-14
   4007.29932   1.71058E-14
   4008.77344   1.80498E-14
   4010.24756   1.68703E-14
   4011.72192   1.85798E-14
   4013.19604   1.53771E-14
   4014.67017   1.42759E-14
   4016.14453   1.08394E-14
   4017.61865   1.80635E-14
   4019.09277   1.41716E-14
   4020.56689   1.79802E-14
   4022.04126   1.68209E-14
   4023.51538   3.42467E-14
   4024.98950   4.10150E-14
   4026.46387   3.67491E-14
   4027.93799   2.48546E-14
   4029.41211   1.57801E-14
   4030.88647   1.52095E-14
   4032.36060   1.68761E-14
   4033.83472   1.09116E-14
   4035.30884   1.12446E-14
   4036.78320   2.14828E-14
   4038.25732   1.47714E-14
   4039.73145   1.15911E-14
   4041.20581   1.28403E-14
   4042.67993   1.20661E-14
   4044.15405   1.42381E-14
   4045.62842   1.39667E-14
   4047.10254   1.38464E-14
   4048.57666   1.56613E-14
   4050.05103   5.85450E-15
   4051.52515   1.76207E-14
   4052.99927   1.34980E-14
   4054.47339   1.74617E-14
   4055.94775   1.26025E-14
   4057.42188   1.59010E-14
   4058.89600   1.39092E-14
   4060.37036   1.62670E-14
   4061.84448   1.40711E-14
   4063.31860   1.37260E-14
   4064.79297   1.77666E-14
   4066.26709   3.07014E-14
   4067.74121   3.09430E-14
   4069.21558   3.63759E-14
   4070.68970   3.52841E-14
   4072.16382   2.31038E-14
   4073.63794   2.23570E-14
   4075.11230   2.38333E-14
   4076.58643   2.00119E-14
   4078.06055   1.47842E-14
   4079.53491   1.00467E-14
   4081.00903   1.41109E-14
   4082.48315   9.45462E-15
   4083.95752   1.43407E-14
   4085.43164   1.54845E-14
   4086.90576   1.56410E-14
   4088.37988   1.40013E-14
   4089.85425   1.33668E-14
   4091.32837   1.47480E-14
   4092.80249   1.84942E-14
   4094.27686   2.53852E-14
   4095.75098   3.45914E-14
   4097.22510   6.59822E-14
   4098.69922   1.22200E-13
   4100.17334   1.63221E-13
   4101.64795   1.58866E-13
   4103.12207   1.11264E-13
   4104.59619   6.23853E-14
   4106.07031   3.07523E-14
   4107.54443   1.96363E-14
   4109.01855   1.47795E-14
   4110.49316   1.12630E-14
   4111.96729   1.52070E-14
   4113.44141   1.51097E-14
   4114.91553   1.48703E-14
   4116.38965   1.64385E-14
   4117.86377   1.60578E-14
   4119.33789   1.20686E-14
   4120.81250   2.06365E-14
   4122.28662   1.91523E-14
   4123.76074   1.63721E-14
   4125.23486   1.19733E-14
   4126.70898   9.38919E-15
   4128.18311   1.28768E-14
   4129.65771   1.81571E-14
   4131.13184   1.76758E-14
   4132.60596   1.62211E-14
   4134.08008   1.27506E-14
   4135.55420   1.13012E-14
   4137.02832   1.55120E-14
   4138.50244   1.32888E-14
   4139.97705   1.39527E-14
   4141.45117   2.08355E-14
   4142.92529   2.19168E-14
   4144.39941   2.14175E-14
   4145.87354   2.13918E-14
   4147.34766   1.33470E-14
   4148.82178   1.58721E-14
   4150.29639   1.98963E-14
   4151.77051   1.64291E-14
   4153.24463   1.45319E-14
   4154.71875   4.75322E-15
   4156.19287   1.37426E-14
   4157.66699   1.56315E-14
   4159.14160   1.39143E-14
   4160.61572   1.43431E-14
   4162.08984   1.48664E-14
   4163.56396   1.43308E-14
   4165.03809   1.65218E-14
   4166.51221   1.58302E-14
   4167.98633   1.41977E-14
   4169.46094   1.57364E-14
   4170.93506   1.39765E-14
   4172.40918   1.85842E-14
   4173.88330   2.08766E-14
   4175.35742   1.92958E-14
   4176.83154   1.97712E-14
   4178.30615   2.38653E-14
   4179.78027   2.47344E-14
   4181.25439   2.25878E-14
   4182.72852   1.82009E-14
   4184.20264   1.43305E-14
   4185.67676   1.77851E-14
   4187.15088   1.43621E-14
   4188.62549   1.45925E-14
   4190.09961   1.43089E-14
   4191.57373   1.24808E-14
   4193.04785   1.39848E-14
   4194.52197   1.73755E-14
   4195.99609   7.91524E-15
   4197.47070   2.87671E-14
   4198.94482   3.15053E-14
   4200.41895   2.61131E-14
   4201.89307   2.25961E-14
   4203.36719   1.80088E-14
   4204.84131   1.60375E-14
   4206.31543   2.23291E-14
   4207.79004   1.92757E-14
   4209.26416   1.68465E-14
   4210.73828   1.56027E-14
   4212.21240   1.78605E-14
   4213.68652   1.41269E-14
   4215.16064   1.39920E-14
   4216.63525   1.54399E-14
   4218.10938   1.41720E-14
   4219.58350   1.43206E-14
   4221.05762   1.72229E-14
   4222.53174   1.37895E-14
   4224.00586   1.69000E-14
   4225.47998   1.58804E-14
   4226.95459   1.35844E-14
   4228.42871   1.41740E-14
   4229.90283   1.67146E-14
   4231.37695   1.82159E-14
   4232.85107   1.68236E-14
   4234.32520   1.51580E-14
   4235.79932   1.61523E-14
   4237.27393   1.47195E-14
   4238.74805   1.50155E-14
   4240.22217   1.94580E-14
   4241.69629   1.87472E-14
   4243.17041   1.70355E-14
   4244.64453   3.19170E-14
   4246.11914   2.61255E-14
   4247.59326   1.61853E-14
   4249.06738   1.61358E-14
   4250.54150   1.70884E-14
   4252.01562   1.41100E-14
   4253.48975   1.43822E-14
   4254.96387   1.50017E-14
   4256.43848   1.38652E-14
   4257.91260   1.33651E-14
   4259.38672   1.51596E-14
   4260.86084   1.34690E-14
   4262.33496   1.46049E-14
   4263.80908   1.61795E-14
   4265.28369   1.38712E-14
   4266.75781   1.62422E-14
   4268.23193   1.74214E-14
   4269.70605   1.50250E-14
   4271.18018   1.48717E-14
   4272.65430   1.03109E-14
   4274.12842   1.60862E-14
   4275.60303   2.33291E-14
   4277.07715   2.27363E-14
   4278.55127   2.12429E-14
   4280.02539   1.57430E-14
   4281.49951   1.52089E-14
   4282.97363   1.16177E-14
   4284.44824   1.91820E-14
   4285.92236   2.41940E-14
   4287.39648   2.03220E-14
   4288.87061   2.07673E-14
   4290.34473   1.66833E-14
   4291.81885   1.62459E-14
   4293.29297   1.47522E-14
   4294.76758   1.49939E-14
   4296.24170   1.62927E-14
   4297.71582   1.62008E-14
   4299.18994   1.59727E-14
   4300.66406   1.64455E-14
   4302.13818   1.52362E-14
   4303.61279   1.50352E-14
   4305.08691   1.42464E-14
   4306.56104   1.81353E-14
   4308.03516   1.39894E-14
   4309.50928   1.58483E-14
   4310.98340   1.62179E-14
   4312.45752   1.55224E-14
   4313.93213   1.74023E-14
   4315.40625   1.61979E-14
   4316.88037   1.59502E-14
   4318.35449   2.10642E-14
   4319.82861   2.01737E-14
   4321.30273   1.67432E-14
   4322.77734   1.63959E-14
   4324.25146   1.72163E-14
   4325.72559   1.60461E-14
   4327.19971   1.69064E-14
   4328.67383   1.70671E-14
   4330.14795   1.84676E-14
   4331.62207   2.05021E-14
   4333.09668   2.11099E-14
   4334.57080   3.04382E-14
   4336.04492   7.69602E-14
   4337.51904   1.88166E-13
   4338.99316   2.72884E-13
   4340.46729   2.63244E-13
   4341.94141   1.83577E-13
   4343.41602   9.35300E-14
   4344.89014   4.80077E-14
   4346.36426   2.75918E-14
   4347.83838   1.93127E-14
   4349.31250   1.99641E-14
   4350.78662   2.26058E-14
   4352.26123   2.31374E-14
   4353.73535   2.12431E-14
   4355.20947   2.08253E-14
   4356.68359   2.77511E-14
   4358.15771   4.14679E-14
   4359.63184   8.89945E-14
   4361.10596   1.66468E-13
   4362.58057   1.89916E-13
   4364.05469   1.41736E-13
   4365.52881   7.13284E-14
   4367.00293   3.50816E-14
   4368.47705   2.00312E-14
   4369.95117   1.68788E-14
   4371.42578   1.45337E-14
   4372.89990   1.91112E-14
   4374.37402   1.90126E-14
   4375.84814   1.63562E-14
   4377.32227   1.75379E-14
   4378.79639   1.71577E-14
   4380.27051   1.66693E-14
   4381.74512   1.68999E-14
   4383.21924   1.75220E-14
   4384.69336   1.70864E-14
   4386.16748   2.49875E-14
   4387.64160   2.51322E-14
   4389.11572   2.08843E-14
   4390.59033   1.69786E-14
   4392.06445   1.53786E-14
   4393.53857   1.47450E-14
   4395.01270   1.68614E-14
   4396.48682   1.44898E-14
   4397.96094   1.87176E-14
   4399.43506   1.09093E-14
   4400.90967   1.43955E-14
   4402.38379   1.66900E-14
   4403.85791   1.63658E-14
   4405.33203   1.47166E-14
   4406.80615   1.65729E-14
   4408.28027   1.57482E-14
   4409.75488   1.64869E-14
   4411.22900   1.92081E-14
   4412.70312   2.56097E-14
   4414.17725   3.03279E-14
   4415.65137   3.26997E-14
   4417.12549   2.56392E-14
   4418.59961   1.95301E-14
   4420.07422   1.91457E-14
   4421.54834   1.46988E-14
   4423.02246   1.59603E-14
   4424.49658   1.58041E-14
   4425.97070   1.41870E-14
   4427.44482   1.36458E-14
   4428.91895   1.25229E-14
   4430.39355   1.45608E-14
   4431.86768   1.31786E-14
   4433.34180   1.53082E-14
   4434.81592   1.38327E-14
   4436.29004   1.54425E-14
   4437.76416   1.37105E-14
   4439.23877   1.45604E-14
   4440.71289   1.50522E-14
   4442.18701   1.43901E-14
   4443.66113   1.48123E-14
   4445.13525   1.61541E-14
   4446.60938   1.67187E-14
   4448.08350   1.68669E-14
   4449.55811   2.05152E-14
   4451.03223   1.94549E-14
   4452.50635   1.84860E-14
   4453.98047   1.46571E-14
   4455.45459   1.16982E-14
   4456.92871   2.20034E-14
   4458.40332   1.95027E-14
   4459.87744   1.77657E-14
   4461.35156   1.61090E-14
   4462.82568   1.47281E-14
   4464.29980   1.55534E-14
   4465.77393   1.63640E-14
   4467.24805   2.05919E-14
   4468.72266   3.47922E-14
   4470.19678   4.35373E-14
   4471.67090   4.42469E-14
   4473.14502   3.59955E-14
   4474.61914   2.48921E-14
   4476.09326   1.82978E-14
   4477.56787   1.71843E-14
   4479.04199   1.64453E-14
   4480.51611   1.31206E-14
   4481.99023   1.43772E-14
   4483.46436   1.52315E-14
   4484.93848   1.31449E-14
   4486.41260   1.52996E-14
   4487.88721   2.02420E-14
   4489.36133   2.35202E-14
   4490.83545   2.29398E-14
   4492.30957   1.89439E-14
   4493.78369   1.79467E-14
   4495.25781   1.49131E-14
   4496.73242   1.57119E-14
   4498.20654   1.60652E-14
   4499.68066   1.56047E-14
   4501.15479   1.62702E-14
   4502.62891   1.54432E-14
   4504.10303   1.39046E-14
   4505.57715   1.39228E-14
   4507.05176   1.47211E-14
   4508.52588   1.88269E-14
   4510.00000   2.02536E-14
   4511.47412   1.65419E-14
   4512.94824   1.86903E-14
   4514.42236   1.79692E-14
   4515.89648   2.16078E-14
   4517.37109   2.24840E-14
   4518.84521   2.19253E-14
   4520.31934   2.09533E-14
   4521.79346   1.88763E-14
   4523.26758   2.21071E-14
   4524.74170   1.67325E-14
   4526.21631   1.49804E-14
   4527.69043   1.57885E-14
   4529.16455   1.54004E-14
   4530.63867   1.70919E-14
   4532.11279   1.63248E-14
   4533.58691   1.58376E-14
   4535.06104   1.58894E-14
   4536.53564   1.62756E-14
   4538.00977   2.35090E-14
   4539.48389   3.72028E-14
   4540.95801   4.91656E-14
   4542.43213   4.58575E-14
   4543.90625   2.95786E-14
   4545.38086   1.98349E-14
   4546.85498   1.56011E-14
   4548.32910   1.84818E-14
   4549.80322   1.62992E-14
   4551.27734   1.70372E-14
   4552.75146   2.00165E-14
   4554.22559   2.13225E-14
   4555.70020   2.00853E-14
   4557.17432   1.86585E-14
   4558.64844   1.77530E-14
   4560.12256   1.72532E-14
   4561.59668   1.55380E-14
   4563.07080   1.65660E-14
   4564.54541   1.59232E-14
   4566.01953   1.57929E-14
   4567.49365   1.78207E-14
   4568.96777   1.69180E-14
   4570.44189   2.21347E-14
   4571.91602   2.37499E-14
   4573.39014   2.10466E-14
   4574.86475   2.14630E-14
   4576.33887   2.07960E-14
   4577.81299   1.64936E-14
   4579.28711   1.78779E-14
   4580.76123   2.16751E-14
   4582.23535   2.22822E-14
   4583.70996   2.30312E-14
   4585.18408   1.94344E-14
   4586.65820   1.71580E-14
   4588.13232   1.60968E-14
   4589.60645   1.24974E-14
   4591.08057   1.51527E-14
   4592.55469   1.44788E-14
   4594.02930   1.48144E-14
   4595.50342   1.70437E-14
   4596.97754   1.60251E-14
   4598.45166   1.38252E-14
   4599.92578   1.37045E-14
   4601.39990   1.40710E-14
   4602.87402   1.81885E-14
   4604.34863   1.91787E-14
   4605.82275   2.01591E-14
   4607.29688   1.86711E-14
   4608.77100   1.76062E-14
   4610.24512   1.52398E-14
   4611.71924   1.54835E-14
   4613.19385   1.69250E-14
   4614.66797   1.77291E-14
   4616.14209   1.47025E-14
   4617.61621   1.76434E-14
   4619.09033   1.59787E-14
   4620.56445   1.51139E-14
   4622.03857   1.75728E-14
   4623.51318   1.68737E-14
   4624.98730   1.73641E-14
   4626.46143   1.82327E-14
   4627.93555   2.28367E-14
   4629.40967   2.97819E-14
   4630.88379   2.96593E-14
   4632.35840   3.07989E-14
   4633.83252   3.33622E-14
   4635.30664   2.72313E-14
   4636.78076   2.47314E-14
   4638.25488   3.66544E-14
   4639.72900   4.77841E-14
   4641.20312   4.16974E-14
   4642.67773   3.34988E-14
   4644.15186   2.55039E-14
   4645.62598   2.22397E-14
   4647.10010   2.42995E-14
   4648.57422   2.44647E-14
   4650.04834   2.35973E-14
   4651.52295   2.56402E-14
   4652.99707   2.18095E-14
   4654.47119   2.41733E-14
   4655.94531   2.80016E-14
   4657.41943   3.23768E-14
   4658.89355   2.72773E-14
   4660.36768   2.07085E-14
   4661.84229   2.09312E-14
   4663.31641   2.03401E-14
   4664.79053   2.18150E-14
   4666.26465   2.37898E-14
   4667.73877   2.29963E-14
   4669.21289   2.39035E-14
   4670.68750   2.09737E-14
   4672.16162   2.26917E-14
   4673.63574   2.38943E-14
   4675.10986   2.63958E-14
   4676.58398   2.41163E-14
   4678.05811   2.78718E-14
   4679.53223   3.85854E-14
   4681.00684   8.91095E-14
   4682.48096   3.24008E-13
   4683.95508   6.94914E-13
   4685.42920   8.64870E-13
   4686.90332   6.73163E-13
   4688.37744   3.69026E-13
   4689.85156   1.48070E-13
   4691.32617   5.16109E-14
   4692.80029   2.79056E-14
   4694.27441   2.51073E-14
   4695.74854   2.81145E-14
   4697.22266   3.23195E-14
   4698.69678   4.03712E-14
   4700.17139   3.67253E-14
   4701.64551   3.10755E-14
   4703.11963   2.57995E-14
   4704.59375   2.56130E-14
   4706.06787   2.10139E-14
   4707.54199   2.08817E-14
   4709.01611   2.35730E-14
   4710.49072   3.10978E-14
   4711.96484   3.68228E-14
   4713.43896   4.61283E-14
   4714.91309   4.46335E-14
   4716.38721   3.32868E-14
   4717.86133   2.46581E-14
   4719.33594   1.87803E-14
   4720.81006   2.51644E-14
   4722.28418   3.91999E-14
   4723.75830   4.81457E-14
   4725.23242   4.28113E-14
   4726.70654   3.91903E-14
   4728.18066   3.12449E-14
   4729.65527   2.65502E-14
   4731.12939   2.22104E-14
   4732.60352   1.89697E-14
   4734.07764   2.01887E-14
   4735.55176   1.67725E-14
   4737.02588   1.76167E-14
   4738.50049   2.17761E-14
   4739.97461   2.10589E-14
   4741.44873   1.67843E-14
   4742.92285   1.94912E-14
   4744.39697   1.70703E-14
   4745.87109   1.33883E-14
   4747.34521   1.60967E-14
   4748.81982   1.59735E-14
   4750.29395   1.88954E-14
   4751.76807   1.88006E-14
   4753.24219   2.01284E-14
   4754.71631   1.82187E-14
   4756.19043   1.80313E-14
   4757.66504   1.50406E-14
   4759.13916   1.58109E-14
   4760.61328   1.25667E-14
   4762.08740   1.56607E-14
   4763.56152   1.55366E-14
   4765.03564   1.46372E-14
   4766.50977   1.63576E-14
   4767.98438   1.27948E-14
   4769.45850   1.48704E-14
   4770.93262   1.54327E-14
   4772.40674   1.61600E-14
   4773.88086   1.55623E-14
   4775.35498   1.78006E-14
   4776.82910   1.66114E-14
   4778.30371   1.66584E-14
   4779.77783   1.52908E-14
   4781.25195   1.42132E-14
   4782.72607   1.51388E-14
   4784.20020   1.41810E-14
   4785.67432   1.39315E-14
   4787.14893   1.51845E-14
   4788.62305   1.60885E-14
   4790.09717   1.69634E-14
   4791.57129   1.38696E-14
   4793.04541   1.49950E-14
   4794.51953   1.64594E-14
   4795.99365   1.67659E-14
   4797.46826   1.53072E-14
   4798.94238   1.72686E-14
   4800.41650   1.65588E-14
   4801.89062   1.67356E-14
   4803.36475   1.62655E-14
   4804.83887   1.63449E-14
   4806.31348   1.54186E-14
   4807.78760   1.59456E-14
   4809.26172   1.44521E-14
   4810.73584   1.58614E-14
   4812.20996   1.91203E-14
   4813.68408   1.97368E-14
   4815.15820   2.27601E-14
   4816.63281   1.68013E-14
   4818.10693   1.67535E-14
   4819.58105   1.51907E-14
   4821.05518   1.74804E-14
   4822.52930   1.57165E-14
   4824.00342   1.83590E-14
   4825.47803   1.72671E-14
   4826.95215   1.56163E-14
   4828.42627   1.57512E-14
   4829.90039   1.59198E-14
   4831.37451   1.74871E-14
   4832.84863   1.44577E-14
   4834.32275   1.68894E-14
   4835.79736   1.74364E-14
   4837.27148   1.87824E-14
   4838.74561   1.84425E-14
   4840.21973   1.79233E-14
   4841.69385   1.89070E-14
   4843.16797   1.91388E-14
   4844.64258   1.85620E-14
   4846.11670   2.00080E-14
   4847.59082   2.42429E-14
   4849.06494   1.17849E-14
   4850.53906   2.24028E-14
   4852.01318   2.77189E-14
   4853.48730   3.13622E-14
   4854.96191   4.88886E-14
   4856.43604   1.12219E-13
   4857.91016   3.12266E-13
   4859.38428   5.81859E-13
   4860.85840   7.13121E-13
   4862.33252   6.01552E-13
   4863.80713   3.81050E-13
   4865.28125   1.73020E-13
   4866.75537   7.67309E-14
   4868.22949   4.33796E-14
   4869.70361   3.01889E-14
   4871.17773   2.62303E-14
   4872.65186   2.70342E-14
   4874.12646   2.52422E-14
   4875.60059   2.49069E-14
   4877.07471   2.42720E-14
   4878.54883   2.28555E-14
   4880.02295   1.99738E-14
   4881.49707   2.11448E-14
   4882.97119   2.13930E-14
   4884.44580   2.03830E-14
   4885.91992   1.91529E-14
   4887.39404   2.30290E-14
   4888.86816   2.75250E-14
   4890.34229   3.11276E-14
   4891.81641   4.13848E-14
   4893.29102   4.57297E-14
   4894.76514   4.23876E-14
   4896.23926   3.85360E-14
   4897.71338   2.69168E-14
   4899.18750   2.02033E-14
   4900.66162   1.96555E-14
   4902.13574   2.18485E-14
   4903.61035   2.45254E-14
   4905.08447   2.70333E-14
   4906.55859   2.54307E-14
   4908.03271   2.37376E-14
   4909.50684   1.83036E-14
   4910.98096   1.92166E-14
   4912.45557   1.97708E-14
   4913.92969   2.08062E-14
   4915.40381   1.95838E-14
   4916.87793   2.06418E-14
   4918.35205   2.54505E-14
   4919.82617   3.03334E-14
   4921.30029   3.89592E-14
   4922.77490   3.88718E-14
   4924.24902   3.62160E-14
   4925.72314   2.74533E-14
   4927.19727   2.54614E-14
   4928.67139   2.65271E-14
   4930.14551   2.93501E-14
   4931.62012   3.19548E-14
   4933.09424   2.32935E-14
   4934.56836   2.23802E-14
   4936.04248   2.80467E-14
   4937.51660   4.24984E-14
   4938.99072   5.12795E-14
   4940.46484   7.06234E-14
   4941.93945   8.01542E-14
   4943.41357   7.85591E-14
   4944.88770   6.40339E-14
   4946.36182   4.61397E-14
   4947.83594   3.35463E-14
   4949.31006   2.88403E-14
   4950.78467   2.54264E-14
   4952.25879   2.22946E-14
   4953.73291   4.00212E-14
   4955.20703   8.51606E-14
   4956.68115   1.69674E-13
   4958.15527   1.88637E-13
   4959.62939   1.51615E-13
   4961.10400   8.20223E-14
   4962.57812   3.90724E-14
   4964.05225   2.62754E-14
   4965.52637   3.07580E-14
   4967.00049   3.84749E-14
   4968.47461   3.72986E-14
   4969.94873   3.84497E-14
   4971.42334   4.10580E-14
   4972.89746   4.33894E-14
   4974.37158   3.39224E-14
   4975.84570   2.71907E-14
   4977.31982   2.25057E-14
   4978.79395   1.76830E-14
   4980.26855   1.74974E-14
   4981.74268   1.71315E-14
   4983.21680   1.52038E-14
   4984.69092   2.25158E-14
   4986.16504   3.32889E-14
   4987.63916   4.71608E-14
   4989.11328   5.39040E-14
   4990.58789   4.55189E-14
   4992.06201   3.25761E-14
   4993.53613   2.16721E-14
   4995.01025   1.94556E-14
   4996.48438   1.58154E-14
   4997.95850   1.94546E-14
   4999.43311   1.95438E-14
   5000.90723   3.28875E-14
   5002.38135   1.20640E-13
   5003.85547   3.60000E-13
   5005.32959   5.30852E-13
   5006.80371   5.12495E-13
   5008.27783   3.54743E-13
   5009.75244   1.53273E-13
   5011.22656   5.64232E-14
   5012.70068   3.03469E-14
   5014.17480   3.39948E-14
   5015.64893   3.59424E-14
   5017.12305   3.53579E-14
   5018.59766   2.93704E-14
   5020.07178   2.62992E-14
   5021.54590   2.25418E-14
   5023.02002   2.05545E-14
   5024.49414   1.79195E-14
   5025.96826   1.74140E-14
   5027.44238   1.73664E-14
   5028.91699   1.85465E-14
   5030.39111   2.27725E-14
   5031.86523   1.97966E-14
   5033.33936   2.15735E-14
   5034.81348   2.05595E-14
   5036.28760   1.92212E-14
   5037.76221   2.10940E-14
   5039.23633   2.99155E-14
   5040.71045   2.95632E-14
   5042.18457   2.93086E-14
   5043.65869   2.64563E-14
   5045.13281   2.37160E-14
   5046.60693   2.28900E-14
   5048.08154   2.19589E-14
   5049.55566   2.15777E-14
   5051.02979   1.92685E-14
   5052.50391   1.95782E-14
   5053.97803   2.37356E-14
   5055.45215   2.34833E-14
   5056.92627   2.49677E-14
   5058.40088   2.13247E-14
   5059.87500   1.94001E-14
   5061.34912   2.21462E-14
   5062.82324   2.17370E-14
   5064.29736   2.28444E-14
   5065.77148   1.89168E-14
   5067.24609   2.07714E-14
   5068.72021   2.05677E-14
   5070.19434   1.93640E-14
   5071.66846   2.07865E-14
   5073.14258   2.01058E-14
   5074.61670   2.14179E-14
   5076.09082   2.05016E-14
   5077.56543   2.09459E-14
   5079.03955   1.94223E-14
   5080.51367   2.01395E-14
   5081.98779   2.09421E-14
   5083.46191   2.33298E-14
   5084.93604   2.22121E-14
   5086.41064   2.01185E-14
   5087.88477   2.23825E-14
   5089.35889   1.94500E-14
   5090.83301   2.06826E-14
   5092.30713   2.46987E-14
   5093.78125   2.34772E-14
   5095.25537   2.31112E-14
   5096.72998   2.27916E-14
   5098.20410   2.38486E-14
   5099.67822   2.34283E-14
   5101.15234   2.41508E-14
   5102.62646   2.31891E-14
   5104.10059   2.06507E-14
   5105.57520   2.47561E-14
   5107.04932   2.54737E-14
   5108.52344   2.43792E-14
   5109.99756   2.67622E-14
   5111.47168   2.62726E-14
   5112.94580   2.62340E-14
   5114.41992   2.42886E-14
   5115.89453   2.28798E-14
   5117.36865   2.46912E-14
   5118.84277   2.54607E-14
   5120.31689   2.40267E-14
   5121.79102   2.27639E-14
   5123.26514   2.27787E-14
   5124.73975   2.24817E-14
   5126.21387   2.48211E-14
   5127.68799   2.46674E-14
   5129.16211   2.60274E-14
   5130.63623   2.82089E-14
   5132.11035   2.53759E-14
   5133.58447   2.88976E-14
   5135.05908   2.69297E-14
   5136.53320   2.68514E-14
   5138.00732   2.52587E-14
   5139.48145   2.56487E-14
   5140.95557   2.75038E-14
   5142.42969   3.22519E-14
   5143.90381   4.01502E-14
   5145.37842   4.90135E-14
   5146.85254   5.01776E-14
   5148.32666   4.10341E-14
   5149.80078   3.36455E-14
   5151.27490   2.92341E-14
   5152.74902   2.52950E-14
   5154.22363   3.22867E-14
   5155.69775   4.97870E-14
   5157.17188   8.14574E-14
   5158.64600   1.00423E-13
   5160.12012   9.19085E-14
   5161.59424   6.62251E-14
   5163.06836   4.76134E-14
   5164.54297   3.46185E-14
   5166.01709   2.79469E-14
   5167.49121   2.66215E-14
   5168.96533   2.59609E-14
   5170.43945   2.44525E-14
   5171.91357   2.69569E-14
   5173.38818   4.03675E-14
   5174.86230   6.26900E-14
   5176.33643   7.16184E-14
   5177.81055   6.21722E-14
   5179.28467   4.34256E-14
   5180.75879   2.95467E-14
   5182.23291   2.32314E-14
   5183.70752   2.16287E-14
   5185.18164   2.30118E-14
   5186.65576   1.99788E-14
   5188.12988   1.91330E-14
   5189.60400   1.89113E-14
   5191.07812   2.04085E-14
   5192.55273   2.05611E-14
   5194.02686   1.92366E-14
   5195.50098   2.41348E-14
   5196.97510   2.69985E-14
   5198.44922   2.81227E-14
   5199.92334   2.72287E-14
   5201.39746   2.50202E-14
   5202.87207   2.27694E-14
   5204.34619   2.03177E-14
   5205.82031   2.05597E-14
   5207.29443   1.86995E-14
   5208.76855   1.70129E-14
   5210.24268   2.05731E-14
   5211.71729   2.16420E-14
   5213.19141   1.87099E-14
   5214.66553   1.89684E-14
   5216.13965   2.15394E-14
   5217.61377   2.36196E-14
   5219.08789   2.18674E-14
   5220.56201   2.28113E-14
   5222.03662   2.41247E-14
   5223.51074   2.11984E-14
   5224.98486   2.04182E-14
   5226.45898   2.21798E-14
   5227.93311   2.11593E-14
   5229.40723   2.09116E-14
   5230.88135   2.38198E-14
   5232.35596   2.98453E-14
   5233.83008   3.61620E-14
   5235.30420   3.34428E-14
   5236.77832   3.08681E-14
   5238.25244   2.97414E-14
   5239.72656   2.11131E-14
   5241.20117   2.05889E-14
   5242.67529   2.26064E-14
   5244.14941   2.07334E-14
   5245.62354   2.31523E-14
   5247.09766   2.14617E-14
   5248.57178   1.94032E-14
   5250.04590   2.14329E-14
   5251.52051   2.20967E-14
   5252.99463   2.14937E-14
   5254.46875   2.44353E-14
   5255.94287   2.29912E-14
   5257.41699   2.43463E-14
   5258.89111   3.08164E-14
   5260.36572   3.34310E-14
   5261.83984   3.66222E-14
   5263.31396   3.22565E-14
   5264.78809   2.77779E-14
   5266.26221   2.94322E-14
   5267.73633   3.14721E-14
   5269.21045   3.10403E-14
   5270.68506   3.57917E-14
   5272.15918   3.96356E-14
   5273.63330   4.98522E-14
   5275.10742   6.82468E-14
   5276.58154   7.81946E-14
   5278.05566   7.30884E-14
   5279.53027   5.07682E-14
   5281.00439   3.36475E-14
   5282.47852   2.99327E-14
   5283.95264   3.11400E-14
   5285.42676   2.72853E-14
   5286.90088   2.62550E-14
   5288.37500   2.71455E-14
   5289.84961   2.51896E-14
   5291.32373   2.34806E-14
   5292.79785   2.46148E-14
   5294.27197   2.68013E-14
   5295.74609   2.67903E-14
   5297.22021   2.93886E-14
   5298.69482   2.63643E-14
   5300.16895   2.39649E-14
   5301.64307   2.73925E-14
   5303.11719   2.60032E-14
   5304.59131   2.91978E-14
   5306.06543   4.82319E-14
   5307.53955   7.02534E-14
   5309.01416   8.17622E-14
   5310.48828   7.54131E-14
   5311.96240   5.70770E-14
   5313.43652   4.36627E-14
   5314.91064   3.61364E-14
   5316.38477   3.77776E-14
   5317.85889   3.67702E-14
   5319.33350   3.11479E-14
   5320.80762   2.46353E-14
   5322.28174   2.81054E-14
   5323.75586   2.61753E-14
   5325.22998   2.50755E-14
   5326.70410   2.74467E-14
   5328.17871   2.75855E-14
   5329.65283   2.59073E-14
   5331.12695   2.85281E-14
   5332.60107   3.57595E-14
   5334.07520   3.93638E-14
   5335.54932   3.97321E-14
   5337.02344   3.84379E-14
   5338.49805   3.08549E-14
   5339.97217   2.93317E-14
   5341.44629   2.58382E-14
   5342.92041   2.44233E-14
   5344.39453   2.51922E-14
   5345.86865   2.53493E-14
   5347.34326   2.67793E-14
   5348.81738   2.42222E-14
   5350.29150   2.54457E-14
   5351.76562   2.91744E-14
   5353.23975   2.83167E-14
   5354.71387   2.51564E-14
   5356.18799   2.61808E-14
   5357.66260   2.78782E-14
   5359.13672   2.65010E-14
   5360.61084   2.64162E-14
   5362.08496   3.27397E-14
   5363.55908   3.23055E-14
   5365.03320   2.93978E-14
   5366.50781   2.70602E-14
   5367.98193   2.57474E-14
   5369.45605   2.79625E-14
   5370.93018   2.61248E-14
   5372.40430   2.85044E-14
   5373.87842   3.04986E-14
   5375.35254   3.40074E-14
   5376.82715   3.48951E-14
   5378.30127   3.15141E-14
   5379.77539   2.84288E-14
   5381.24951   2.76076E-14
   5382.72363   2.91768E-14
   5384.19775   2.65746E-14
   5385.67236   2.57275E-14
   5387.14648   2.88068E-14
   5388.62061   2.88548E-14
   5390.09473   2.77072E-14
   5391.56885   2.98865E-14
   5393.04297   2.73772E-14
   5394.51709   2.69481E-14
   5395.99170   2.90928E-14
   5397.46582   2.84437E-14
   5398.93994   2.72511E-14
   5400.41406   2.78928E-14
   5401.88818   2.92396E-14
   5403.36230   3.07261E-14
   5404.83691   3.04834E-14
   5406.31104   3.30345E-14
   5407.78516   4.58368E-14
   5409.25928   8.48637E-14
   5410.73340   1.18928E-13
   5412.20752   1.26590E-13
   5413.68164   9.43883E-14
   5415.15625   5.95845E-14
   5416.63037   3.75911E-14
   5418.10449   3.04700E-14
   5419.57861   2.93824E-14
   5421.05273   3.07867E-14
   5422.52686   3.41491E-14
   5424.00098   4.07034E-14
   5425.47559   4.14376E-14
   5426.94971   4.15548E-14
   5428.42383   3.72478E-14
   5429.89795   3.27666E-14
   5431.37207   3.20003E-14
   5432.84619   3.54526E-14
   5434.32080   3.28635E-14
   5435.79492   3.26562E-14
   5437.26904   3.00311E-14
   5438.74316   2.99217E-14
   5440.21729   2.77000E-14
   5441.69141   3.13992E-14
   5443.16553   2.98772E-14
   5444.64014   3.01882E-14
   5446.11426   3.03428E-14
   5447.58838   2.49203E-14
   5449.06250   2.65158E-14
   5450.53662   2.45094E-14
   5452.01074   2.29569E-14
   5453.48535   2.06936E-14
   5454.95947   2.40716E-14
   5456.43359   2.50378E-14
   5457.90771   2.84764E-14
   5459.38184   3.21215E-14
   5460.85596   3.32091E-14
   5462.33008   2.97731E-14
   5463.80469   2.74492E-14
   5465.27881   2.77505E-14
   5466.75293   2.42232E-14
   5468.22705   2.55416E-14
   5469.70117   2.62000E-14
   5471.17529   2.76309E-14
   5472.64990   2.65731E-14
   5474.12402   2.67483E-14
   5475.59814   2.59031E-14
   5477.07227   2.71926E-14
   5478.54639   2.68912E-14
   5480.02051   2.82771E-14
   5481.49463   2.67450E-14
   5482.96924   2.71171E-14
   5484.44336   2.78586E-14
   5485.91748   2.96558E-14
   5487.39160   2.86911E-14
   5488.86572   2.65357E-14
   5490.33984   2.62659E-14
   5491.81445   2.51247E-14
   5493.28857   2.65158E-14
   5494.76270   2.93209E-14
   5496.23682   2.65621E-14
   5497.71094   2.71773E-14
   5499.18506   2.78613E-14
   5500.65918   2.25180E-14
   5502.13379   2.29405E-14
   5503.60791   2.50457E-14
   5505.08203   2.57349E-14
   5506.55615   2.40432E-14
   5508.03027   2.72985E-14
   5509.50439   2.50315E-14
   5510.97852   2.40511E-14
   5512.45312   2.52027E-14
   5513.92725   2.46459E-14
   5515.40137   2.51001E-14
   5516.87549   2.79742E-14
   5518.34961   2.64354E-14
   5519.82373   2.76930E-14
   5521.29834   2.73939E-14
   5522.77246   2.60191E-14
   5524.24658   2.79221E-14
   5525.72070   3.28898E-14
   5527.19482   3.61091E-14
   5528.66895   3.20721E-14
   5530.14307   3.04966E-14
   5531.61768   2.85155E-14
   5533.09180   2.88302E-14
   5534.56592   3.55508E-14
   5536.04004   3.62330E-14
   5537.51416   3.30175E-14
   5538.98828   2.78085E-14
   5540.46289   2.54429E-14
   5541.93701   2.97946E-14
   5543.41113   2.97955E-14
   5544.88525   2.88152E-14
   5546.35938   2.88734E-14
   5547.83350   3.02291E-14
   5549.30762   2.88652E-14
   5550.78223   2.88932E-14
   5552.25635   2.65988E-14
   5553.73047   2.45693E-14
   5555.20459   2.84754E-14
   5556.67871   2.90096E-14
   5558.15283   2.84927E-14
   5559.62744   3.04796E-14
   5561.10156   3.07622E-14
   5562.57568   2.77784E-14
   5564.04980   2.64108E-14
   5565.52393   2.66909E-14
   5566.99805   2.83858E-14
   5568.47217   2.82409E-14
   5569.94678   2.52277E-14
   5571.42090   2.46427E-14
   5572.89502   2.60490E-14
   5574.36914   2.73521E-14
   5575.84326   2.81872E-14
   5577.31738   3.21798E-14
   5578.79199   3.33178E-14
   5580.26611   3.09743E-14
   5581.74023   2.77646E-14
   5583.21436   3.16384E-14
   5584.68848   3.26099E-14
   5586.16260   3.56508E-14
   5587.63672   3.36662E-14
   5589.11133   2.97187E-14
   5590.58545   2.93281E-14
   5592.05957   3.20732E-14
   5593.53369   2.96754E-14
   5595.00781   2.75233E-14
   5596.48193   2.69309E-14
   5597.95605   2.71465E-14
   5599.43066   2.69210E-14
   5600.90479   2.46029E-14
   5602.37891   2.72793E-14
   5603.85303   2.72499E-14
   5605.32715   2.69302E-14
   5606.80127   2.67357E-14
   5608.27588   2.54270E-14
   5609.75000   2.56385E-14
   5611.22412   2.58976E-14
   5612.69824   2.62034E-14
   5614.17236   2.94585E-14
   5615.64648   4.79069E-14
   5617.12061   7.61657E-14
   5618.59521   8.93440E-14
   5620.06934   7.55886E-14
   5621.54346   5.45336E-14
   5623.01758   3.74789E-14
   5624.49170   3.00106E-14
   5625.96582   3.14962E-14
   5627.44043   2.78081E-14
   5628.91455   3.45901E-14
   5630.38867   3.79286E-14
   5631.86279   4.21990E-14
   5633.33691   3.65436E-14
   5634.81104   3.16685E-14
   5636.28516   2.91156E-14
   5637.75977   2.61786E-14
   5639.23389   2.37755E-14
   5640.70801   2.29602E-14
   5642.18213   2.43524E-14
   5643.65625   2.74864E-14
   5645.13037   2.55600E-14
   5646.60498   2.41593E-14
   5648.07910   2.59717E-14
   5649.55322   2.85487E-14
   5651.02734   2.60215E-14
   5652.50146   2.54861E-14
   5653.97559   2.91752E-14
   5655.44971   2.70541E-14
   5656.92432   2.78895E-14
   5658.39844   2.85719E-14
   5659.87256   2.92600E-14
   5661.34668   2.65108E-14
   5662.82080   2.56240E-14
   5664.29492   2.72149E-14
   5665.76953   2.74734E-14
   5667.24365   2.80965E-14
   5668.71777   2.88882E-14
   5670.19189   2.61279E-14
   5671.66602   2.95679E-14
   5673.14014   3.21399E-14
   5674.61426   3.50397E-14
   5676.08887   4.05821E-14
   5677.56299   4.48255E-14
   5679.03711   3.77472E-14
   5680.51123   3.39742E-14
   5681.98535   2.80903E-14
   5683.45947   2.96763E-14
   5684.93359   2.81973E-14
   5686.40820   2.81595E-14
   5687.88232   3.00408E-14
   5689.35645   3.09127E-14
   5690.83057   3.02634E-14
   5692.30469   2.85281E-14
   5693.77881   2.65635E-14
   5695.25342   3.02394E-14
   5696.72754   2.82056E-14
   5698.20166   2.94328E-14
   5699.67578   2.87598E-14
   5701.14990   3.00168E-14
   5702.62402   3.19482E-14
   5704.09814   2.55797E-14
   5705.57275   2.76868E-14
   5707.04688   3.04728E-14
   5708.52100   2.96519E-14
   5709.99512   2.91267E-14
   5711.46924   3.32301E-14
   5712.94336   3.17262E-14
   5714.41797   2.78589E-14
   5715.89209   3.84000E-14
   5717.36621   6.80304E-14
   5718.84033   1.74717E-13
   5720.31445   2.96745E-13
   5721.78857   3.47655E-13
   5723.26270   2.75711E-13
   5724.73730   1.66208E-13
   5726.21143   8.53653E-14
   5727.68555   4.45646E-14
   5729.15967   3.32626E-14
   5730.63379   3.16819E-14
   5732.10791   3.10249E-14
   5733.58252   3.25548E-14
   5735.05664   3.00644E-14
   5736.53076   2.99790E-14
   5738.00488   2.95751E-14
   5739.47900   3.05436E-14
   5740.95312   2.74387E-14
   5742.42725   3.09647E-14
   5743.90186   3.14797E-14
   5745.37598   3.28786E-14
   5746.85010   3.16736E-14
   5748.32422   3.44504E-14
   5749.79834   4.39698E-14
   5751.27246   8.06708E-14
   5752.74707   1.18749E-13
   5754.22119   1.26259E-13
   5755.69531   9.26858E-14
   5757.16943   5.65708E-14
   5758.64355   4.10582E-14
   5760.11768   3.25564E-14
   5761.59180   2.90526E-14
   5763.06641   2.82165E-14
   5764.54053   3.12574E-14
   5766.01465   2.87063E-14
   5767.48877   2.96352E-14
   5768.96289   2.98247E-14
   5770.43701   3.05394E-14
   5771.91113   3.25706E-14
   5773.38574   3.12976E-14
   5774.85986   3.03210E-14
   5776.33398   3.10899E-14
   5777.80811   3.22023E-14
   5779.28223   3.02107E-14
   5780.75635   3.16600E-14
   5782.23096   3.15102E-14
   5783.70508   3.02926E-14
   5785.17920   3.21594E-14
   5786.65332   3.15037E-14
   5788.12744   3.06360E-14
   5789.60156   3.32539E-14
   5791.07568   3.14353E-14
   5792.55029   3.24179E-14
   5794.02441   3.56325E-14
   5795.49854   3.21326E-14
   5796.97266   3.76604E-14
   5798.44678   3.98688E-14
   5799.92090   3.49665E-14
   5801.39551   3.89594E-14
   5802.86963   3.79083E-14
   5804.34375   3.56184E-14
   5805.81787   3.65846E-14
   5807.29199   3.59030E-14
   5808.76611   3.43938E-14
   5810.24023   3.51922E-14
   5811.71484   3.75372E-14
   5813.18896   3.44510E-14
   5814.66309   3.08557E-14
   5816.13721   2.93847E-14
   5817.61133   3.21958E-14
   5819.08545   3.41955E-14
   5820.56006   3.19579E-14
   5822.03418   3.14690E-14
   5823.50830   3.18941E-14
   5824.98242   3.17876E-14
   5826.45654   3.32611E-14
   5827.93066   3.13520E-14
   5829.40479   3.11307E-14
   5830.87939   3.42925E-14
   5832.35352   3.25567E-14
   5833.82764   3.49515E-14
   5835.30176   3.31358E-14
   5836.77588   3.59643E-14
   5838.25000   3.40580E-14
   5839.72461   3.44657E-14
   5841.19873   3.08939E-14
   5842.67285   3.14517E-14
   5844.14697   3.16892E-14
   5845.62109   3.20502E-14
   5847.09521   3.15855E-14
   5848.56934   3.15501E-14
   5850.04395   2.90909E-14
   5851.51807   2.56445E-14
   5852.99219   2.75611E-14
   5854.46631   2.73872E-14
   5855.94043   3.15636E-14
   5857.41455   3.19004E-14
   5858.88867   2.96258E-14
   5860.36328   2.88868E-14
   5861.83740   2.70738E-14
   5863.31152   2.93439E-14
   5864.78564   2.66043E-14
   5866.25977   2.83073E-14
   5867.73389   3.06551E-14
   5869.20850   3.10469E-14
   5870.68262   3.59900E-14
   5872.15674   6.44102E-14
   5873.63086   1.55032E-13
   5875.10498   2.83365E-13
   5876.57910   2.90550E-13
   5878.05322   2.12300E-13
   5879.52783   9.75780E-14
   5881.00195   4.34052E-14
   5882.47607   3.29730E-14
   5883.95020   3.04193E-14
   5885.42432   2.94793E-14
   5886.89844   2.65762E-14
   5888.37305   2.82960E-14
   5889.84717   2.29254E-14
   5891.32129   2.66797E-14
   5892.79541   2.69793E-14
   5894.26953   2.66914E-14
   5895.74365   2.40885E-14
   5897.21777   2.90396E-14
   5898.69238   2.82519E-14
   5900.16650   2.76783E-14
   5901.64062   2.69964E-14
   5903.11475   2.38643E-14
   5904.58887   2.43364E-14
   5906.06299   2.46188E-14
   5907.53760   2.60883E-14
   5909.01172   2.62756E-14
   5910.48584   2.79425E-14
   5911.95996   2.94262E-14
   5913.43408   3.06362E-14
   5914.90820   2.85163E-14
   5916.38232   3.10810E-14
   5917.85693   2.57334E-14
   5919.33105   2.65817E-14
   5920.80518   2.35756E-14
   5922.27930   2.49662E-14
   5923.75342   2.72607E-14
   5925.22754   2.68809E-14
   5926.70215   2.70309E-14
   5928.17627   2.73669E-14
   5929.65039   2.58685E-14
   5931.12451   3.02995E-14
   5932.59863   2.94043E-14
   5934.07275   3.00845E-14
   5935.54688   2.55716E-14
   5937.02148   2.84633E-14
   5938.49561   3.17930E-14
   5939.96973   2.60274E-14
   5941.44385   2.62250E-14
   5942.91797   2.85653E-14
   5944.39209   2.78190E-14
   5945.86670   2.83314E-14
   5947.34082   2.95864E-14
   5948.81494   2.75772E-14
   5950.28906   3.07739E-14
   5951.76318   3.27052E-14
   5953.23730   3.26764E-14
   5954.71143   3.34141E-14
   5956.18604   3.00161E-14
   5957.66016   2.76117E-14
   5959.13428   2.75523E-14
   5960.60840   2.85459E-14
   5962.08252   2.99272E-14
   5963.55664   2.91891E-14
   5965.03076   3.06380E-14
   5966.50537   3.10846E-14
   5967.97949   2.80804E-14
   5969.45361   2.93387E-14
   5970.92773   2.75459E-14
   5972.40186   2.80783E-14
   5973.87598   3.18998E-14
   5975.35059   3.28514E-14
   5976.82471   3.27181E-14
   5978.29883   3.26984E-14
   5979.77295   3.26734E-14
   5981.24707   3.19371E-14
   5982.72119   3.13517E-14
   5984.19531   3.22561E-14
   5985.66992   3.03216E-14
   5987.14404   3.25315E-14
   5988.61816   3.37132E-14
   5990.09229   3.46842E-14
   5991.56641   3.66999E-14
   5993.04053   3.41553E-14
   5994.51514   3.42061E-14
   5995.98926   3.46202E-14
   5997.46338   3.35144E-14
   5998.93750   3.25076E-14
   6000.41162   3.23961E-14
   6001.88574   3.52641E-14
   6003.35986   3.73960E-14
   6004.83447   3.80169E-14
   6006.30859   3.54557E-14
   6007.78271   3.30694E-14
   6009.25684   3.26118E-14
   6010.73096   3.25138E-14
   6012.20508   3.22101E-14
   6013.67969   3.05612E-14
   6015.15381   3.24631E-14
   6016.62793   3.34461E-14
   6018.10205   3.14383E-14
   6019.57617   3.13525E-14
   6021.05029   3.34095E-14
   6022.52441   3.24495E-14
   6023.99902   3.30726E-14
   6025.47314   3.25473E-14
   6026.94727   3.55147E-14
   6028.42139   3.51777E-14
   6029.89551   3.53263E-14
   6031.36963   3.80289E-14
   6032.84424   3.53291E-14
   6034.31836   3.58790E-14
   6035.79248   3.49829E-14
   6037.26660   3.65137E-14
   6038.74072   3.50951E-14
   6040.21484   3.79134E-14
   6041.68896   3.66829E-14
   6043.16357   3.66168E-14
   6044.63770   3.35148E-14
   6046.11182   3.62130E-14
   6047.58594   3.75315E-14
   6049.06006   3.60591E-14
   6050.53418   3.82937E-14
   6052.00830   3.34029E-14
   6053.48291   3.74679E-14
   6054.95703   3.74773E-14
   6056.43115   3.64298E-14
   6057.90527   3.62969E-14
   6059.37939   4.00376E-14
   6060.85352   3.79584E-14
   6062.32812   3.72362E-14
   6063.80225   3.58675E-14
   6065.27637   3.45213E-14
   6066.75049   3.71322E-14
   6068.22461   3.86267E-14
   6069.69873   3.79028E-14
   6071.17285   3.77106E-14
   6072.64746   4.10516E-14
   6074.12158   4.35861E-14
   6075.59570   4.16344E-14
   6077.06982   4.09363E-14
   6078.54395   4.30652E-14
   6080.01807   4.15472E-14
   6081.49268   4.35698E-14
   6082.96680   9.92688E-14
   6084.44092   2.67559E-13
   6085.91504   5.06382E-13
   6087.38916   5.94938E-13
   6088.86328   5.21612E-13
   6090.33740   3.16245E-13
   6091.81201   1.63323E-13
   6093.28613   7.25439E-14
   6094.76025   4.79569E-14
   6096.23438   4.12952E-14
   6097.70850   4.21947E-14
   6099.18262   3.93001E-14
   6100.65723   4.67153E-14
   6102.13135   4.32022E-14
   6103.60547   4.65652E-14
   6105.07959   4.62789E-14
   6106.55371   4.94390E-14
   6108.02783   4.68689E-14
   6109.50195   4.81781E-14
   6110.97656   3.97397E-14
   6112.45068   4.59614E-14
   6113.92480   4.11632E-14
   6115.39893   4.44503E-14
   6116.87305   4.74035E-14
   6118.34717   4.46168E-14
   6119.82178   4.24506E-14
   6121.29590   4.16786E-14
   6122.77002   4.23224E-14
   6124.24414   4.15952E-14
   6125.71826   4.30072E-14
   6127.19238   4.24402E-14
   6128.66650   4.43853E-14
   6130.14111   4.29694E-14
   6131.61523   4.34888E-14
   6133.08936   4.19653E-14
   6134.56348   3.71175E-14
   6136.03760   4.53766E-14
   6137.51172   4.20430E-14
   6138.98584   4.16667E-14
   6140.46045   4.09122E-14
   6141.93457   4.05947E-14
   6143.40869   4.27348E-14
   6144.88281   4.29921E-14
   6146.35693   4.40349E-14
   6147.83105   4.26068E-14
   6149.30566   4.24763E-14
   6150.77979   4.06145E-14
   6152.25391   4.08768E-14
   6153.72803   4.06187E-14
   6155.20215   3.84977E-14
   6156.67627   3.84511E-14
   6158.15039   3.55631E-14
   6159.62500   4.02347E-14
   6161.09912   3.43589E-14
   6162.57324   3.26450E-14
   6164.04736   3.28582E-14
   6165.52148   3.52855E-14
   6166.99561   3.53150E-14
   6168.47021   3.67322E-14
   6169.94434   3.79521E-14
   6171.41846   4.09052E-14
   6172.89258   3.93924E-14
   6174.36670   3.41823E-14
   6175.84082   3.36690E-14
   6177.31494   3.48397E-14
   6178.78955   3.47489E-14
   6180.26367   3.64751E-14
   6181.73779   3.70397E-14
   6183.21191   3.44051E-14
   6184.68604   3.43427E-14
   6186.16016   3.21536E-14
   6187.63477   2.87784E-14
   6189.10889   3.17472E-14
   6190.58301   3.16437E-14
   6192.05713   3.26619E-14
   6193.53125   3.24333E-14
   6195.00537   3.15263E-14
   6196.47949   3.33965E-14
   6197.95410   3.32500E-14
   6199.42822   3.02737E-14
   6200.90234   3.15191E-14
   6202.37646   3.09930E-14
   6203.85059   3.00899E-14
   6205.32471   3.22779E-14
   6206.79932   3.27210E-14
   6208.27344   3.39538E-14
   6209.74756   3.35071E-14
   6211.22168   3.31055E-14
   6212.69580   3.34518E-14
   6214.16992   3.34772E-14
   6215.64404   3.21445E-14
   6217.11865   3.06447E-14
   6218.59277   3.28160E-14
   6220.06689   3.40829E-14
   6221.54102   3.12525E-14
   6223.01514   3.09619E-14
   6224.48926   2.98012E-14
   6225.96338   3.28629E-14
   6227.43799   3.47684E-14
   6228.91211   3.39148E-14
   6230.38623   3.65939E-14
   6231.86035   3.75500E-14
   6233.33447   3.84876E-14
   6234.80859   3.56358E-14
   6236.28320   3.66746E-14
   6237.75732   3.72360E-14
   6239.23145   3.47014E-14
   6240.70557   3.42437E-14
   6242.17969   3.41706E-14
   6243.65381   2.84188E-14
   6245.12793   3.07611E-14
   6246.60254   3.60124E-14
   6248.07666   4.03451E-14
   6249.55078   3.72299E-14
   6251.02490   3.65657E-14
   6252.49902   3.24085E-14
   6253.97314   3.31526E-14
   6255.44775   3.25191E-14
   6256.92188   3.49364E-14
   6258.39600   3.65498E-14
   6259.87012   3.61011E-14
   6261.34424   3.58249E-14
   6262.81836   3.73990E-14
   6264.29248   3.77721E-14
   6265.76709   3.51219E-14
   6267.24121   3.45678E-14
   6268.71533   3.50767E-14
   6270.18945   3.38350E-14
   6271.66357   3.34761E-14
   6273.13770   3.46437E-14
   6274.61230   3.22380E-14
   6276.08643   3.22721E-14
   6277.56055   2.92417E-14
   6279.03467   3.01932E-14
   6280.50879   3.40755E-14
   6281.98291   3.18034E-14
   6283.45703   3.14234E-14
   6284.93164   3.49074E-14
   6286.40576   3.48250E-14
   6287.87988   3.41803E-14
   6289.35400   3.57559E-14
   6290.82812   3.52425E-14
   6292.30225   3.82501E-14
   6293.77686   3.44325E-14
   6295.25098   3.89739E-14
   6296.72510   4.51474E-14
   6298.19922   6.51436E-14
   6299.67334   1.05177E-13
   6301.14746   1.14349E-13
   6302.62158   9.13186E-14
   6304.09619   5.89754E-14
   6305.57031   4.23713E-14
   6307.04443   4.15708E-14
   6308.51855   5.38730E-14
   6309.99268   6.63677E-14
   6311.46680   7.33323E-14
   6312.94092   6.44235E-14
   6314.41553   5.37949E-14
   6315.88965   4.50890E-14
   6317.36377   4.50322E-14
   6318.83789   4.58699E-14
   6320.31201   4.56614E-14
   6321.78613   4.10498E-14
   6323.26074   3.99552E-14
   6324.73486   3.76036E-14
   6326.20898   3.85917E-14
   6327.68311   3.29096E-14
   6329.15723   3.71139E-14
   6330.63135   4.21073E-14
   6332.10547   4.10601E-14
   6333.58008   4.17815E-14
   6335.05420   4.37089E-14
   6336.52832   4.01788E-14
   6338.00244   4.02239E-14
   6339.47656   4.33642E-14
   6340.95068   4.24289E-14
   6342.42529   4.55442E-14
   6343.89941   4.56807E-14
   6345.37354   4.51000E-14
   6346.84766   4.95254E-14
   6348.32178   4.71746E-14
   6349.79590   4.37573E-14
   6351.27002   4.37014E-14
   6352.74463   4.38288E-14
   6354.21875   4.32952E-14
   6355.69287   4.14129E-14
   6357.16699   4.08105E-14
   6358.64111   3.99710E-14
   6360.11523   4.55668E-14
   6361.58984   5.35579E-14
   6363.06396   6.25964E-14
   6364.53809   6.89461E-14
   6366.01221   6.38178E-14
   6367.48633   5.19598E-14
   6368.96045   4.96065E-14
   6370.43457   5.01197E-14
   6371.90918   5.39147E-14
   6373.38330   5.09690E-14
   6374.85742   4.70901E-14
   6376.33154   4.82460E-14
   6377.80566   4.76452E-14
   6379.27979   4.78698E-14
   6380.75439   5.04319E-14
   6382.22852   5.24576E-14
   6383.70264   5.32611E-14
   6385.17676   5.45060E-14
   6386.65088   5.21405E-14
   6388.12500   4.87737E-14
   6389.59912   4.52986E-14
   6391.07373   4.62802E-14
   6392.54785   4.65605E-14
   6394.02197   4.45221E-14
   6395.49609   4.53394E-14
   6396.97021   4.66965E-14
   6398.44434   4.74668E-14
   6399.91846   5.02361E-14
   6401.39307   5.38369E-14
   6402.86719   5.54856E-14
   6404.34131   6.09818E-14
   6405.81543   6.21367E-14
   6407.28955   5.75685E-14
   6408.76367   5.96841E-14
   6410.23828   5.34683E-14
   6411.71240   5.15426E-14
   6413.18652   4.97239E-14
   6414.66064   4.44856E-14
   6416.13477   5.17353E-14
   6417.60889   5.24191E-14
   6419.08301   4.79701E-14
   6420.55762   4.65877E-14
   6422.03174   4.48787E-14
   6423.50586   4.71292E-14
   6424.97998   4.81472E-14
   6426.45410   4.59636E-14
   6427.92822   4.87441E-14
   6429.40283   4.76345E-14
   6430.87695   5.02838E-14
   6432.35107   5.93252E-14
   6433.82520   6.71911E-14
   6435.29932   7.43660E-14
   6436.77344   6.96125E-14
   6438.24756   6.03990E-14
   6439.72217   5.39234E-14
   6441.19629   5.33612E-14
   6442.67041   5.37909E-14
   6444.14453   5.47646E-14
   6445.61865   5.59631E-14
   6447.09277   5.00520E-14
   6448.56738   5.08631E-14
   6450.04150   5.31778E-14
   6451.51562   5.25350E-14
   6452.98975   5.23196E-14
   6454.46387   5.26802E-14
   6455.93799   6.20451E-14
   6457.41211   6.31590E-14
   6458.88672   5.90535E-14
   6460.36084   5.50228E-14
   6461.83496   5.55852E-14
   6463.30908   5.77714E-14
   6464.78320   5.67704E-14
   6466.25732   5.68411E-14
   6467.73193   5.70568E-14
   6469.20605   5.77199E-14
   6470.68018   5.98700E-14
   6472.15430   6.12617E-14
   6473.62842   5.64978E-14
   6475.10254   5.54013E-14
   6476.57666   5.49775E-14
   6478.05127   5.48564E-14
   6479.52539   5.25606E-14
   6480.99951   5.15223E-14
   6482.47363   5.67178E-14
   6483.94775   5.41011E-14
   6485.42188   5.10837E-14
   6486.89648   5.33561E-14
   6488.37061   5.37683E-14
   6489.84473   5.29958E-14
   6491.31885   5.63306E-14
   6492.79297   5.83814E-14
   6494.26709   5.95165E-14
   6495.74121   5.89788E-14
   6497.21582   5.64903E-14
   6498.68994   6.19479E-14
   6500.16406   6.55891E-14
   6501.63818   6.35774E-14
   6503.11230   6.16854E-14
   6504.58643   6.29542E-14
   6506.06055   6.11435E-14
   6507.53516   6.18456E-14
   6509.00928   6.46055E-14
   6510.48340   6.13370E-14
   6511.95752   6.46117E-14
   6513.43164   6.77512E-14
   6514.90576   6.73925E-14
   6516.38037   7.84819E-14
   6517.85449   7.94965E-14
   6519.32861   7.73300E-14
   6520.80273   7.51427E-14
   6522.27686   7.80511E-14
   6523.75098   7.40043E-14
   6525.22510   8.45960E-14
   6526.69971   9.19630E-14
   6528.17383   9.35537E-14
   6529.64795   9.33267E-14
   6531.12207   9.22877E-14
   6532.59619   9.34565E-14
   6534.07031   9.91439E-14
   6535.54492   1.01790E-13
   6537.01904   1.07919E-13
   6538.49316   1.13198E-13
   6539.96729   1.24972E-13
   6541.44141   1.35472E-13
   6542.91553   1.46906E-13
   6544.38965   1.79579E-13
   6545.86426   2.07621E-13
   6547.33838   2.30004E-13
   6548.81250   2.36011E-13
   6550.28662   2.55021E-13
   6551.76074   2.77090E-13
   6553.23486   3.31599E-13
   6554.70947   4.49225E-13
   6556.18359   6.46192E-13
   6557.65771   1.08236E-12
   6559.13184   2.23613E-12
   6560.60596   4.69720E-12
   6562.08008   5.80745E-12
   6563.55420   5.79545E-12
   6565.02881   4.52894E-12
   6566.50293   3.02903E-12
   6567.97705   1.70510E-12
   6569.45117   1.06220E-12
   6570.92529   6.47544E-13
   6572.39941   4.61335E-13
   6573.87402   3.63459E-13
   6575.34814   2.81554E-13
   6576.82227   2.41563E-13
   6578.29639   2.20448E-13
   6579.77051   2.34264E-13
   6581.24463   2.78231E-13
   6582.71875   2.80530E-13
   6584.19336   2.22815E-13
   6585.66748   1.65872E-13
   6587.14160   1.27966E-13
   6588.61572   1.16704E-13
   6590.08984   1.09432E-13
   6591.56396   1.00283E-13
   6593.03809   1.02670E-13
   6594.51270   9.36160E-14
   6595.98682   8.67927E-14
   6597.46094   8.61968E-14
   6598.93506   8.30169E-14
   6600.40918   7.60069E-14
   6601.88330   7.43980E-14
   6603.35791   7.65982E-14
   6604.83203   7.40587E-14
   6606.30615   6.69247E-14
   6607.78027   6.94528E-14
   6609.25439   7.26470E-14
   6610.72852   6.84516E-14
   6612.20264   7.04192E-14
   6613.67725   7.00589E-14
   6615.15137   6.62379E-14
   6616.62549   6.52150E-14
   6618.09961   6.15082E-14
   6619.57373   6.45715E-14
   6621.04785   6.36139E-14
   6622.52246   5.83582E-14
   6623.99658   6.42148E-14
   6625.47070   6.38350E-14
   6626.94482   5.85727E-14
   6628.41895   5.84394E-14
   6629.89307   5.82894E-14
   6631.36719   5.95179E-14
   6632.84180   6.40472E-14
   6634.31592   5.97190E-14
   6635.79004   5.69115E-14
   6637.26416   5.60627E-14
   6638.73828   5.74408E-14
   6640.21240   5.62771E-14
   6641.68701   5.43249E-14
   6643.16113   5.66763E-14
   6644.63525   5.72130E-14
   6646.10938   5.45535E-14
   6647.58350   5.48008E-14
   6649.05762   5.61157E-14
   6650.53174   5.34130E-14
   6652.00635   4.99070E-14
   6653.48047   5.15730E-14
   6654.95459   5.36782E-14
   6656.42871   4.87275E-14
   6657.90283   4.75785E-14
   6659.37695   4.94764E-14
   6660.85156   4.89988E-14
   6662.32568   4.71989E-14
   6663.79980   4.77915E-14
   6665.27393   5.46548E-14
   6666.74805   5.34809E-14
   6668.22217   5.36914E-14
   6669.69629   5.37944E-14
   6671.17090   5.29291E-14
   6672.64502   5.27766E-14
   6674.11914   5.28707E-14
   6675.59326   8.01876E-14
   6677.06738   1.29936E-13
   6678.54150   1.75306E-13
   6680.01562   1.53411E-13
   6681.49023   1.00407E-13
   6682.96436   7.27904E-14
   6684.43848   6.41317E-14
   6685.91260   6.17815E-14
   6687.38672   5.97843E-14
   6688.86084   5.94797E-14
   6690.33545   5.55128E-14
   6691.80957   5.31734E-14
   6693.28369   4.56485E-14
   6694.75781   4.72731E-14
   6696.23193   4.65548E-14
   6697.70605   5.17992E-14
   6699.18018   4.91105E-14
   6700.65479   4.78019E-14
   6702.12891   5.28008E-14
   6703.60303   5.13184E-14
   6705.07715   4.43198E-14
   6706.55127   4.88912E-14
   6708.02539   4.80114E-14
   6709.50000   5.11195E-14
   6710.97412   5.30554E-14
   6712.44824   5.14832E-14
   6713.92236   4.74598E-14
   6715.39648   4.51572E-14
   6716.87061   3.99533E-14
   6718.34473   4.14033E-14
   6719.81934   4.39236E-14
   6721.29346   3.77836E-14
   6722.76758   4.41265E-14
   6724.24170   4.41933E-14
   6725.71582   4.72498E-14
   6727.18994   4.60391E-14
   6728.66455   4.98466E-14
   6730.13867   5.04462E-14
   6731.61279   5.15930E-14
   6733.08691   4.60095E-14
   6734.56104   4.68771E-14
   6736.03516   4.99534E-14
   6737.50928   5.08178E-14
   6738.98389   4.65234E-14
   6740.45801   4.79306E-14
   6741.93213   5.19621E-14
   6743.40625   5.09160E-14
   6744.88037   4.88448E-14
   6746.35449   4.90634E-14
   6747.82910   4.91645E-14
   6749.30322   4.65265E-14
   6750.77734   4.74416E-14
   6752.25146   5.15623E-14
   6753.72559   4.73754E-14
   6755.19971   4.68520E-14
   6756.67383   4.83285E-14
   6758.14844   5.03419E-14
   6759.62256   5.03516E-14
   6761.09668   5.16912E-14
   6762.57080   4.76386E-14
   6764.04492   5.13441E-14
   6765.51904   5.14699E-14
   6766.99316   5.14048E-14
   6768.46777   4.88363E-14
   6769.94189   5.18288E-14
   6771.41602   4.83213E-14
   6772.89014   5.33776E-14
   6774.36426   5.53310E-14
   6775.83838   5.48736E-14
   6777.31299   5.44591E-14
   6778.78711   5.35591E-14
   6780.26123   5.06163E-14
   6781.73535   4.69846E-14
   6783.20947   5.20959E-14
   6784.68359   4.52334E-14
   6786.15771   4.88837E-14
   6787.63232   4.94614E-14
   6789.10645   5.09975E-14
   6790.58057   5.18000E-14
   6792.05469   5.16328E-14
   6793.52881   5.12114E-14
   6795.00293   5.37102E-14
   6796.47754   5.63440E-14
   6797.95166   5.49278E-14
   6799.42578   5.59810E-14
   6800.89990   5.28356E-14
   6802.37402   5.04732E-14
   6803.84814   5.17579E-14
   6805.32227   5.47368E-14
   6806.79688   5.83050E-14
   6808.27100   5.40796E-14
   6809.74512   5.49294E-14
   6811.21924   5.89855E-14
   6812.69336   6.01425E-14
   6814.16748   6.30089E-14
   6815.64209   7.25480E-14
   6817.11621   7.79271E-14
   6818.59033   8.69635E-14
   6820.06445   1.07764E-13
   6821.53857   1.31848E-13
   6823.01270   1.43190E-13
   6824.48682   1.54500E-13
   6825.96143   1.54886E-13
   6827.43555   1.64396E-13
   6828.90967   1.65221E-13
   6830.38379   1.72011E-13
   6831.85791   1.74955E-13
   6833.33203   1.55833E-13
   6834.80664   1.36774E-13
   6836.28076   1.19406E-13
   6837.75488   1.07730E-13
   6839.22900   9.46901E-14
   6840.70312   9.05694E-14
   6842.17725   8.59616E-14
   6843.65137   8.39038E-14
   6845.12598   9.54124E-14
   6846.60010   1.12987E-13
   6848.07422   1.22330E-13
   6849.54834   1.17105E-13
   6851.02246   9.51351E-14
   6852.49658   7.48626E-14
   6853.97070   7.06649E-14
   6855.44531   6.48549E-14
   6856.91943   6.21236E-14
   6858.39355   6.33438E-14
   6859.86768   6.19751E-14
   6861.34180   6.20472E-14
   6862.81592   6.29492E-14
   6864.29053   6.00945E-14
   6865.76465   5.67535E-14
   6867.23877   5.27790E-14
   6868.71289   4.58382E-14
   6870.18701   4.68134E-14
   6871.66113   4.88651E-14
   6873.13525   5.08990E-14
   6874.60986   5.78005E-14
   6876.08398   5.85287E-14
   6877.55811   6.22809E-14
   6879.03223   6.52690E-14
   6880.50635   6.69014E-14
   6881.98047   7.27918E-14
   6883.45508   6.96223E-14
   6884.92920   6.32687E-14
   6886.40332   6.39090E-14
   6887.87744   6.53166E-14
   6889.35156   7.73949E-14
   6890.82568   8.34803E-14
   6892.29980   7.82074E-14
   6893.77441   7.13194E-14
   6895.24854   6.60046E-14
   6896.72266   6.70690E-14
   6898.19678   6.91999E-14
   6899.67090   6.80501E-14
   6901.14502   6.64716E-14
   6902.61963   6.60837E-14
   6904.09375   7.08746E-14
   6905.56787   7.13801E-14
   6907.04199   7.10515E-14
   6908.51611   7.55390E-14
   6909.99023   7.31362E-14
   6911.46436   7.47266E-14
   6912.93896   7.89316E-14
   6914.41309   8.07104E-14
   6915.88721   7.93662E-14
   6917.36133   7.59780E-14
   6918.83545   7.30809E-14
   6920.30957   7.29766E-14
   6921.78418   7.51273E-14
   6923.25830   7.49285E-14
   6924.73242   7.33785E-14
   6926.20654   7.64535E-14
   6927.68066   6.92500E-14
   6929.15479   7.26893E-14
   6930.62891   7.33716E-14
   6932.10352   7.88782E-14
   6933.57764   8.01897E-14
   6935.05176   7.91510E-14
   6936.52588   7.66361E-14
   6938.00000   7.79500E-14
   6939.47412   8.10812E-14
   6940.94824   8.25746E-14
   6942.42285   8.22052E-14
   6943.89697   8.09804E-14
   6945.37109   8.65083E-14
   6946.84521   8.36305E-14
   6948.31934   8.24865E-14
   6949.79346   8.10805E-14
   6951.26807   8.59660E-14
   6952.74219   8.61447E-14
   6954.21631   8.21100E-14
   6955.69043   8.21396E-14
   6957.16455   8.28807E-14
   6958.63867   8.05168E-14
   6960.11279   8.69606E-14
   6961.58740   8.53387E-14
   6963.06152   8.92035E-14
   6964.53564   8.87952E-14
   6966.00977   9.47485E-14
   6967.48389   8.94571E-14
   6968.95801   9.00903E-14
   6970.43262   9.49822E-14
   6971.90674   9.65412E-14
   6973.38086   9.06950E-14
   6974.85498   9.36974E-14
   6976.32910   9.33306E-14
   6977.80322   9.63505E-14
   6979.27734   9.77286E-14
   6980.75195   9.79348E-14
   6982.22607   9.86446E-14
   6983.70020   1.00846E-13
   6985.17432   9.84037E-14
   6986.64844   1.02083E-13
   6988.12256   9.71043E-14
   6989.59717   9.85186E-14
   6991.07129   9.40742E-14
   6992.54541   8.91711E-14
   6994.01953   9.86215E-14
   6995.49365   1.01962E-13
   6996.96777   1.00786E-13
   6998.44189   1.03112E-13
   6999.91650   1.05770E-13
   7001.39062   1.05013E-13
   7002.86475   1.13464E-13
   7004.33887   1.27481E-13
   7005.81299   1.39330E-13
   7007.28711   1.33788E-13
   7008.76172   1.24500E-13
   7010.23584   1.16857E-13
   7011.70996   1.07578E-13
   7013.18408   1.06452E-13
   7014.65820   9.66645E-14
   7016.13232   1.03936E-13
   7017.60645   1.06928E-13
   7019.08105   1.04173E-13
   7020.55518   1.07921E-13
   7022.02930   1.12078E-13
   7023.50342   1.03846E-13
   7024.97754   1.03402E-13
   7026.45166   1.09197E-13
   7027.92578   1.03937E-13
   7029.40039   1.04101E-13
   7030.87451   1.11732E-13
   7032.34863   1.13641E-13
   7033.82275   1.13338E-13
   7035.29688   1.04679E-13
   7036.77100   1.08535E-13
   7038.24561   1.08013E-13
   7039.71973   1.02153E-13
   7041.19385   9.93879E-14
   7042.66797   1.05589E-13
   7044.14209   1.04849E-13
   7045.61621   1.08661E-13
   7047.09033   1.11871E-13
   7048.56494   1.11070E-13
   7050.03906   1.09812E-13
   7051.51318   1.08749E-13
   7052.98730   1.04697E-13
   7054.46143   9.43073E-14
   7055.93555   7.66924E-14
   7057.41016   6.97497E-14
   7058.88428   7.08520E-14
   7060.35840   7.29041E-14
   7061.83252   9.85863E-14
   7063.30664   2.06095E-13
   7064.78076   3.88415E-13
   7066.25488   4.25860E-13
   7067.72949   3.25603E-13
   7069.20361   1.66947E-13
   7070.67773   9.00192E-14
   7072.15186   7.03721E-14
   7073.62598   7.46840E-14
   7075.10010   7.11304E-14
   7076.57471   7.67676E-14
   7078.04883   7.78711E-14
   7079.52295   8.14297E-14
   7080.99707   8.17213E-14
   7082.47119   7.93938E-14
   7083.94531   7.88782E-14
   7085.41943   8.87700E-14
   7086.89404   9.11134E-14
   7088.36816   8.37772E-14
   7089.84229   8.43078E-14
   7091.31641   8.51371E-14
   7092.79053   7.41573E-14
   7094.26465   7.86756E-14
   7095.73926   7.12947E-14
   7097.21338   6.58722E-14
   7098.68750   6.21559E-14
   7100.16162   6.41686E-14
   7101.63574   6.59981E-14
   7103.10986   6.24436E-14
   7104.58398   5.90365E-14
   7106.05859   6.17151E-14
   7107.53271   6.26214E-14
   7109.00684   6.14848E-14
   7110.48096   6.25051E-14
   7111.95508   6.44507E-14
   7113.42920   6.72463E-14
   7114.90381   6.34906E-14
   7116.37793   6.47480E-14
   7117.85205   6.42673E-14
   7119.32617   6.51777E-14
   7120.80029   6.65927E-14
   7122.27441   7.15709E-14
   7123.74854   7.13265E-14
   7125.22314   6.16999E-14
   7126.69727   5.56734E-14
   7128.17139   5.40436E-14
   7129.64551   5.54340E-14
   7131.11963   6.01174E-14
   7132.59375   7.70134E-14
   7134.06787   9.63465E-14
   7135.54248   1.01283E-13
   7137.01660   8.61542E-14
   7138.49072   7.03505E-14
   7139.96484   6.44818E-14
   7141.43896   6.22127E-14
   7142.91309   6.05957E-14
   7144.38770   5.86278E-14
   7145.86182   5.83978E-14
   7147.33594   6.23736E-14
   7148.81006   6.15780E-14
   7150.28418   6.41472E-14
   7151.75830   6.87778E-14
   7153.23242   7.25025E-14
   7154.70703   8.75264E-14
   7156.18115   9.29989E-14
   7157.65527   7.83157E-14
   7159.12939   6.47647E-14
   7160.60352   6.13339E-14
   7162.07764   6.31624E-14
   7163.55225   6.61436E-14
   7165.02637   6.43241E-14
   7166.50049   6.61718E-14
   7167.97461   7.09952E-14
   7169.44873   7.52674E-14
   7170.92285   8.04888E-14
   7172.39697   7.72846E-14
   7173.87158   7.17533E-14
   7175.34570   7.62225E-14
   7176.81982   8.22248E-14
   7178.29395   8.32734E-14
   7179.76807   8.13236E-14
   7181.24219   7.72632E-14
   7182.71680   6.96183E-14
   7184.19092   6.13529E-14
   7185.66504   5.90577E-14
   7187.13916   6.05563E-14
   7188.61328   6.11247E-14
   7190.08740   6.53074E-14
   7191.56152   6.82169E-14
   7193.03613   6.29889E-14
   7194.51025   6.66979E-14
   7195.98438   6.93569E-14
   7197.45850   6.48769E-14
   7198.93262   6.02944E-14
   7200.40674   6.01594E-14
   7201.88135   5.92689E-14
   7203.35547   6.08355E-14
   7204.82959   6.46081E-14
   7206.30371   6.37582E-14
   7207.77783   6.94925E-14
   7209.25195   6.89285E-14
   7210.72607   7.34926E-14
   7212.20068   7.29456E-14
   7213.67480   7.69338E-14
   7215.14893   6.98676E-14
   7216.62305   6.69062E-14
   7218.09717   7.70415E-14
   7219.57129   8.04613E-14
   7221.04541   7.85187E-14
   7222.52002   7.89586E-14
   7223.99414   8.08562E-14
   7225.46826   7.99001E-14
   7226.94238   7.97074E-14
   7228.41650   7.42158E-14
   7229.89062   7.38575E-14
   7231.36523   7.06243E-14
   7232.83936   7.30597E-14
   7234.31348   7.47701E-14
   7235.78760   7.94250E-14
   7237.26172   8.49661E-14
   7238.73584   7.92275E-14
   7240.20996   7.59345E-14
   7241.68457   7.50180E-14
   7243.15869   7.54751E-14
   7244.63281   7.73117E-14
   7246.10693   7.95438E-14
   7247.58105   8.39859E-14
   7249.05518   8.68775E-14
   7250.52979   8.33345E-14
   7252.00391   8.07878E-14
   7253.47803   8.64056E-14
   7254.95215   8.53559E-14
   7256.42627   8.74139E-14
   7257.90039   8.99637E-14
   7259.37451   8.86134E-14
   7260.84912   9.11817E-14
   7262.32324   9.46432E-14
   7263.79736   9.59542E-14
   7265.27148   9.53803E-14
   7266.74561   9.25475E-14
   7268.21973   9.26481E-14
   7269.69434   9.78290E-14
   7271.16846   9.44946E-14
   7272.64258   8.54550E-14
   7274.11670   8.44854E-14
   7275.59082   8.67265E-14
   7277.06494   8.76763E-14
   7278.53906   9.81547E-14
   7280.01367   1.17429E-13
   7281.48779   1.31785E-13
   7282.96191   1.24911E-13
   7284.43604   1.14319E-13
   7285.91016   1.02479E-13
   7287.38428   1.02245E-13
   7288.85889   9.75131E-14
   7290.33301   9.53605E-14
   7291.80713   1.12100E-13
   7293.28125   1.17009E-13
   7294.75537   1.12280E-13
   7296.22949   1.08844E-13
   7297.70361   1.07567E-13
   7299.17822   1.07229E-13
   7300.65234   1.04669E-13
   7302.12646   1.03627E-13
   7303.60059   9.96097E-14
   7305.07471   1.15842E-13
   7306.54883   1.14620E-13
   7308.02295   1.15148E-13
   7309.49756   1.20997E-13
   7310.97168   1.25053E-13
   7312.44580   1.18701E-13
   7313.91992   1.24701E-13
   7315.39404   1.26181E-13
   7316.86816   1.35856E-13
   7318.34277   1.47024E-13
   7319.81689   1.53604E-13
   7321.29102   1.51059E-13
   7322.76514   1.47435E-13
   7324.23926   1.50547E-13
   7325.71338   1.48542E-13
   7327.18750   1.52059E-13
   7328.66211   1.61172E-13
   7330.13623   1.62784E-13
   7331.61035   1.50719E-13
   7333.08447   1.40290E-13
   7334.55859   1.33933E-13
   7336.03271   1.37091E-13
   7337.50732   1.45832E-13
   7338.98145   1.54847E-13
   7340.45557   1.54131E-13
   7341.92969   1.50220E-13
   7343.40381   1.38714E-13
   7344.87793   1.42914E-13
   7346.35205   1.43618E-13
   7347.82666   1.39483E-13
   7349.30078   1.46158E-13
   7350.77490   1.48391E-13
   7352.24902   1.44085E-13
   7353.72314   1.54745E-13
   7355.19727   1.48720E-13
   7356.67188   1.46661E-13
   7358.14600   1.53503E-13
   7359.62012   1.51195E-13
   7361.09424   1.54127E-13
   7362.56836   1.55469E-13
   7364.04248   1.53143E-13
   7365.51660   1.58092E-13
   7366.99121   1.62195E-13
   7368.46533   1.61886E-13
   7369.93945   1.67960E-13
   7371.41357   1.68374E-13
   7372.88770   1.73663E-13
   7374.36182   1.67469E-13
   7375.83643   1.65679E-13
   7377.31055   1.81653E-13
   7378.78467   1.87125E-13
   7380.25879   1.75974E-13
   7381.73291   1.75520E-13
   7383.20703   1.73706E-13
   7384.68115   1.77314E-13
   7386.15576   1.82334E-13
   7387.62988   1.82697E-13
   7389.10400   1.83042E-13
   7390.57812   1.87882E-13
   7392.05225   1.84965E-13
   7393.52637   1.78589E-13
   7395.00049   1.80142E-13
   7396.47510   1.72749E-13
   7397.94922   1.80207E-13
   7399.42334   1.82287E-13
   7400.89746   1.74436E-13
   7402.37158   1.84904E-13
   7403.84570   1.85353E-13
   7405.32031   1.78681E-13
   7406.79443   1.83095E-13
   7408.26855   1.72997E-13
   7409.74268   1.88744E-13
   7411.21680   1.95180E-13
   7412.69092   1.94110E-13
   7414.16504   1.92412E-13
   7415.63965   1.97344E-13
   7417.11377   1.82499E-13
   7418.58789   1.80891E-13
