#  puvul.274  455185.54396    1.0
#     wave       flux
   3465.39282  -5.81131E-12
   3466.86670   5.67840E-12
   3468.34058  -3.80469E-12
   3469.81445  -1.22832E-12
   3471.28833  -5.64561E-12
   3472.76221  -5.66529E-12
   3474.23608   7.75164E-12
   3475.70972  -1.31273E-11
   3477.18359   2.02833E-12
   3478.65747  -6.91069E-12
   3480.13135   1.49867E-11
   3481.60522  -9.38866E-12
   3483.07910  -4.15901E-12
   3484.55298  -4.75483E-12
   3486.02686  -4.24054E-12
   3487.50073   3.93385E-12
   3488.97461   3.02553E-12
   3490.44849   3.22275E-12
   3491.92236  -4.79469E-12
   3493.39624  -8.19775E-12
   3494.86987  -9.80387E-12
   3496.34375  -6.76465E-12
   3497.81763   6.10387E-13
   3499.29150   7.86624E-12
   3500.76538  -6.28559E-12
   3502.23926  -3.94280E-12
   3503.71313   4.06837E-12
   3505.18701   6.27853E-13
   3506.66089  -3.88058E-13
   3508.13477  -1.29194E-12
   3509.60864   2.09093E-12
   3511.08252  -2.11854E-12
   3512.55640   2.63172E-12
   3514.03003  -8.82896E-12
   3515.50391  -2.82945E-12
   3516.97778   6.39059E-12
   3518.45166   3.51930E-12
   3519.92554   5.63303E-12
   3521.39941   3.77133E-12
   3522.87329  -1.20071E-12
   3524.34717   6.79988E-12
   3525.82104   5.29468E-12
   3527.29492  -6.92645E-12
   3528.76880   2.29110E-13
   3530.24268  -5.59575E-12
   3531.71655  -2.29112E-12
   3533.19019   4.64703E-12
   3534.66406  -3.81831E-13
   3536.13794   4.43068E-12
   3537.61182  -5.82121E-12
   3539.08569  -2.92137E-13
   3540.55957   9.46852E-12
   3542.03345  -1.56750E-12
   3543.50732   2.29034E-12
   3544.98120  -1.56151E-12
   3546.45508  -3.19744E-12
   3547.92896  -1.68617E-12
   3549.40283   1.31256E-12
   3550.87671   6.16677E-12
   3552.35034  -3.43980E-13
   3553.82422   2.38609E-12
   3555.29810  -4.38800E-12
   3556.77197   8.38783E-12
   3558.24585   1.18385E-11
   3559.71973  -6.98604E-12
   3561.19360   6.77681E-12
   3562.66748  -6.00269E-12
   3564.14136  -5.19676E-12
   3565.61523  -6.57160E-13
   3567.08911   4.99860E-12
   3568.56299  -6.49322E-13
   3570.03687  -1.21854E-12
   3571.51050  -6.14241E-15
   3572.98438   2.91445E-12
   3574.45825   5.37503E-13
   3575.93213  -1.01134E-11
   3577.40601  -9.23046E-12
   3578.87988  -7.98286E-12
   3580.35376   3.40298E-12
   3581.82764  -3.17492E-12
   3583.30151   5.67394E-12
   3584.77539   5.12384E-12
   3586.24927  -5.70791E-12
   3587.72314  -7.36129E-12
   3589.19702  -6.28694E-13
   3590.67065   3.68623E-12
   3592.14453   3.34864E-12
   3593.61841  -2.01407E-12
   3595.09229  -2.14891E-12
   3596.56616   4.92925E-12
   3598.04004  -3.06311E-12
   3599.51392  -1.09904E-11
   3600.98779   2.37476E-12
   3602.46167   2.65237E-12
   3603.93555   1.32086E-12
   3605.40942  -1.69483E-12
   3606.88330  -3.68104E-12
   3608.35718   2.00345E-12
   3609.83081   1.79533E-13
   3611.30469   2.04426E-12
   3612.77856   6.56957E-13
   3614.25244  -7.24037E-12
   3615.72632   3.38127E-12
   3617.20020   5.13580E-12
   3618.67407  -2.16079E-12
   3620.14795  -2.39451E-12
   3621.62183   3.87164E-12
   3623.09570   1.01581E-12
   3624.56958   6.64736E-12
   3626.04346  -5.04193E-12
   3627.51733  -2.43254E-12
   3628.99097  -1.54379E-12
   3630.46484   2.95118E-12
   3631.93872   4.55282E-12
   3633.41260  -3.01232E-12
   3634.88647   9.22099E-12
   3636.36035  -3.03453E-12
   3637.83423   2.78464E-12
   3639.30811   5.51866E-12
   3640.78198   4.51507E-12
   3642.25586   2.60451E-12
   3643.72974  -1.08918E-12
   3645.20361   4.26703E-12
   3646.67749   2.22040E-12
   3648.15112   6.20807E-12
   3649.62500   2.00345E-12
   3651.09888   2.75267E-12
   3652.57275  -1.87709E-12
   3654.04663   4.84312E-12
   3655.52051   4.26561E-12
   3656.99438  -3.71035E-13
   3658.46826  -1.86237E-12
   3659.94214   8.44011E-13
   3661.41602  -4.66873E-13
   3662.88989   1.27398E-12
   3664.36377   8.06414E-13
   3665.83765  -3.43492E-12
   3667.31128  -5.86688E-12
   3668.78516   8.95193E-15
   3670.25903   2.06212E-12
   3671.73291  -9.58918E-13
   3673.20679  -3.46350E-13
   3674.68066   5.05329E-12
   3676.15454   1.72621E-12
   3677.62842   1.09566E-12
   3679.10229  -3.18341E-13
   3680.57617  -8.92883E-13
   3682.05005   6.18639E-12
   3683.52393  -3.22887E-12
   3684.99780   2.65268E-12
   3686.47168   4.16299E-12
   3687.94531  -2.78332E-12
   3689.41919   1.21679E-12
   3690.89307   5.01379E-13
   3692.36694   2.96715E-13
   3693.84082  -3.00045E-12
   3695.31470  -3.71105E-12
   3696.78857   7.28146E-13
   3698.26245   1.23394E-12
   3699.73633   2.68288E-12
   3701.21021   2.62728E-12
   3702.68408   1.91646E-12
   3704.15796   3.96990E-13
   3705.63184  -2.11348E-12
   3707.10547   1.52178E-12
   3708.57935   1.15266E-12
   3710.05322  -3.85437E-13
   3711.52710  -1.98549E-12
   3713.00098  -5.05176E-13
   3714.47485  -1.14356E-12
   3715.94873   3.28851E-12
   3717.42261  -1.62505E-12
   3718.89648  -2.44373E-12
   3720.37036  -2.84780E-12
   3721.84424   3.91131E-12
   3723.31812  -1.83570E-12
   3724.79199   4.96000E-12
   3726.26562  -4.65210E-12
   3727.73950  -1.03593E-12
   3729.21338  -3.47120E-12
   3730.68726   4.53928E-13
   3732.16113  -8.79862E-13
   3733.63501   2.42332E-12
   3735.10889   4.90464E-13
   3736.58276   2.40103E-12
   3738.05664   5.11775E-15
   3739.53052  -5.41779E-13
   3741.00439   1.03609E-12
   3742.47827   1.06722E-12
   3743.95215   3.19291E-12
   3745.42578   6.18746E-13
   3746.89966   9.89472E-13
   3748.37354   1.31036E-12
   3749.84741  -1.33577E-12
   3751.32129  -3.85941E-12
   3752.79517   1.64615E-12
   3754.26904   9.78982E-13
   3755.74292   2.36070E-12
   3757.21680   8.49172E-13
   3758.69067   1.04972E-12
   3760.16455   1.70702E-12
   3761.63843  -2.89929E-12
   3763.11230   2.02324E-12
   3764.58594   4.47225E-13
   3766.05981  -1.42240E-12
   3767.53369  -4.55867E-13
   3769.00757  -1.46195E-12
   3770.48145   4.33218E-12
   3771.95532   3.00233E-13
   3773.42920  -9.08575E-13
   3774.90308   1.00621E-12
   3776.37695  -3.57371E-12
   3777.85083  -6.12849E-13
   3779.32471  -6.96788E-14
   3780.79858  -1.36031E-12
   3782.27246  -7.50224E-14
   3783.74609   3.03927E-12
   3785.21997   1.55456E-12
   3786.69385   1.42471E-12
   3788.16772  -1.56282E-12
   3789.64160  -1.15322E-12
   3791.11548  -2.18722E-12
   3792.58936   3.24598E-12
   3794.06323  -7.49225E-13
   3795.53711  -6.28031E-14
   3797.01099   3.32843E-12
   3798.48486  -3.00610E-13
   3799.95874   1.31721E-13
   3801.43262   4.69462E-13
   3802.90625  -4.18054E-13
   3804.38013  -5.55886E-13
   3805.85400   1.76148E-12
   3807.32788  -5.43017E-12
   3808.80176  -3.55776E-12
   3810.27563  -7.95474E-13
   3811.74951  -7.81936E-13
   3813.22339   5.68212E-13
   3814.69727   2.06924E-12
   3816.17114   8.19903E-14
   3817.64502   6.35431E-13
   3819.11890  -3.90001E-13
   3820.59277   9.37236E-15
   3822.06641  -1.63465E-12
   3823.54028  -2.98556E-12
   3825.01416  -4.52747E-12
   3826.48804  -1.84787E-12
   3827.96191  -3.35003E-12
   3829.43579   1.45868E-14
   3830.90967   6.48918E-13
   3832.38354  -1.73250E-12
   3833.85742   2.76478E-12
   3835.33130  -4.48584E-13
   3836.80518  -1.00019E-12
   3838.27905   2.00673E-12
   3839.75293  -3.78227E-13
   3841.22656   1.29707E-12
   3842.70044   4.91707E-12
   3844.17432  -1.52857E-13
   3845.64819   1.44308E-12
   3847.12207   1.31141E-12
   3848.59595   8.32637E-13
   3850.06982   2.18578E-12
   3851.54370   4.83256E-13
   3853.01758  -7.63888E-14
   3854.49146  -3.99005E-13
   3855.96533   7.70672E-13
   3857.43921   1.08060E-12
   3858.91309   9.95326E-13
   3860.38672   1.86023E-12
   3861.86060   1.23987E-12
   3863.33447  -8.65397E-14
   3864.80835   1.85044E-12
   3866.28223   8.25610E-13
   3867.75610   3.83552E-12
   3869.22998   2.60739E-12
   3870.70386  -2.43293E-13
   3872.17773   1.32413E-12
   3873.65161   1.00936E-13
   3875.12549  -1.03955E-12
   3876.59937   6.47075E-13
   3878.07324  -1.26863E-12
   3879.54688  -8.30087E-13
   3881.02075   2.14399E-12
   3882.49463   1.17558E-12
   3883.96851   2.45390E-12
   3885.44238   1.74734E-12
   3886.91626   3.25558E-12
   3888.39014   2.78866E-12
   3889.86401   7.32594E-13
   3891.33789   1.12913E-12
   3892.81177   1.14998E-13
   3894.28564   8.50684E-13
   3895.75952   7.60297E-13
   3897.23340   9.55687E-13
   3898.70703  -1.30416E-12
   3900.18091   2.24008E-12
   3901.65479   1.35021E-13
   3903.12866   1.00972E-12
   3904.60254  -7.95645E-13
   3906.07642  -5.02047E-13
   3907.55029   9.46581E-14
   3909.02417  -3.76747E-12
   3910.49805   3.50855E-12
   3911.97192  -1.84663E-12
   3913.44580  -1.06677E-12
   3914.91968  -1.96140E-12
   3916.39355   9.78186E-13
   3917.86719  -1.41068E-12
   3919.34106   2.64971E-12
   3920.81494   1.45611E-12
   3922.28882   1.58612E-12
   3923.76270   2.28325E-12
   3925.23657  -2.67694E-12
   3926.71045   7.83020E-13
   3928.18433   3.74619E-12
   3929.65820  -1.90904E-12
   3931.13208  -1.76322E-12
   3932.60596  -1.21517E-12
   3934.07983  -2.19748E-12
   3935.55371  -1.23542E-12
   3937.02734   1.96318E-13
   3938.50122   1.24940E-12
   3939.97510   1.35083E-12
   3941.44897   4.59953E-13
   3942.92285  -2.86030E-13
   3944.39673  -5.51133E-13
   3945.87061  -3.67139E-13
   3947.34448   4.35997E-14
   3948.81836   4.91606E-13
   3950.29224   3.18839E-13
   3951.76611  -9.57438E-13
   3953.23999   1.00138E-12
   3954.71387   1.72210E-13
   3956.18750   2.11729E-13
   3957.66138  -1.35255E-13
   3959.13525   8.61330E-13
   3960.60913  -5.95132E-14
   3962.08301  -5.93840E-13
   3963.55688   5.64316E-13
   3965.03076   6.90748E-13
   3966.50464   1.17066E-12
   3967.97852   1.88556E-12
   3969.45239   2.71951E-13
   3970.92627  -9.48415E-14
   3972.40015  -1.47030E-12
   3973.87402   3.88795E-13
   3975.34766   2.38132E-12
   3976.82153   7.94065E-13
   3978.29541  -3.18320E-13
   3979.76929   2.07260E-13
   3981.24316   2.18911E-12
   3982.71704   5.97016E-13
   3984.19092   1.80104E-12
   3985.66479   8.73229E-13
   3987.13867  -3.23500E-13
   3988.61255  -2.34685E-13
   3990.08643   1.34678E-12
   3991.56030   9.37484E-13
   3993.03418   1.33300E-13
   3994.50781   2.17894E-14
   3995.98169  -1.04323E-12
   3997.45557  -1.33340E-12
   3998.92944  -6.08973E-13
   4000.40332   1.98134E-12
   4001.87720  -1.04999E-12
   4003.35107   1.33875E-12
   4004.82495  -1.03817E-12
   4006.29883  -2.56616E-13
   4007.77271  -3.67654E-13
   4009.24658   7.35671E-13
   4010.72046   8.36308E-14
   4012.19434   6.24157E-13
   4013.66797   2.56437E-13
   4015.14185   1.44440E-13
   4016.61572   5.33593E-13
   4018.08960  -1.37524E-12
   4019.56348   2.24849E-13
   4021.03735   5.38752E-13
   4022.51123   1.04313E-12
   4023.98511  -1.65118E-13
   4025.45898   6.12666E-13
   4026.93286  -1.03517E-13
   4028.40674   3.49511E-13
   4029.88062   1.49009E-12
   4031.35449  -1.96132E-12
   4032.82812   4.27074E-13
   4034.30200   6.65923E-15
   4035.77588   1.32458E-12
   4037.24976   6.39632E-13
   4038.72363   8.58126E-13
   4040.19751  -3.34749E-13
   4041.67139  -5.91439E-13
   4043.14526   6.20310E-13
   4044.61914   2.06360E-12
   4046.09302   4.41060E-13
   4047.56689  -7.82395E-13
   4049.04077  -3.27794E-13
   4050.51465   1.40798E-12
   4051.98828  -2.68878E-13
   4053.46216   5.29894E-13
   4054.93604  -9.86552E-13
   4056.40991  -1.29746E-12
   4057.88379   8.54920E-13
   4059.35767  -5.33739E-14
   4060.83154  -8.22923E-13
   4062.30542   1.98816E-13
   4063.77930  -4.22995E-13
   4065.25317  -4.09903E-13
   4066.72705   5.37101E-13
   4068.20093   1.04130E-12
   4069.67480   6.64459E-13
   4071.14844   1.06381E-13
   4072.62231   4.55870E-13
   4074.09619   1.10888E-12
   4075.57007  -3.29377E-13
   4077.04395  -5.02946E-13
   4078.51782   4.73495E-13
   4079.99170   9.58073E-13
   4081.46558   5.95478E-13
   4082.93945   5.98134E-13
   4084.41333   5.03054E-13
   4085.88721   6.14361E-13
   4087.36108  -2.77142E-13
   4088.83496  -1.93946E-13
   4090.30859   1.59315E-13
   4091.78247   3.43436E-13
   4093.25635  -1.11050E-13
   4094.73022   9.85792E-13
   4096.20410   1.11274E-12
   4097.67822   4.97852E-13
   4099.15186   1.93112E-12
   4100.62549   1.56412E-12
   4102.09961   1.00558E-12
   4103.57324   1.42534E-12
   4105.04736   9.69010E-13
   4106.52100   3.64125E-13
   4107.99512  -9.32617E-13
   4109.46875   3.92272E-13
   4110.94287   1.57038E-12
   4112.41650   3.36479E-13
   4113.89062  -2.98630E-13
   4115.36426   6.40131E-13
   4116.83838   9.91815E-13
   4118.31201   3.83071E-13
   4119.78564  -8.30837E-14
   4121.25977   2.54925E-13
   4122.73340   5.32910E-14
   4124.20752   4.52380E-13
   4125.68115  -3.53661E-13
   4127.15527  -2.93122E-13
   4128.62891  -2.76251E-13
   4130.10303  -3.08876E-13
   4131.57666   8.27840E-13
   4133.05078   4.55117E-13
   4134.52441   5.83347E-13
   4135.99854   6.68251E-14
   4137.47217   4.60716E-13
   4138.94580   1.70117E-13
   4140.41992   2.72681E-14
   4141.89355   1.38497E-12
   4143.36768   8.63069E-13
   4144.84131   1.71227E-13
   4146.31543  -2.13461E-13
   4147.78906   8.08463E-13
   4149.26318   3.03210E-14
   4150.73682   5.26124E-13
   4152.21094  -1.03100E-13
   4153.68457   5.70541E-13
   4155.15869  -5.21385E-13
   4156.63232   4.78457E-13
   4158.10596   2.11376E-13
   4159.58008  -2.95667E-13
   4161.05371  -2.85722E-13
   4162.52783  -1.48211E-12
   4164.00146  -7.07590E-13
   4165.47559  -3.63159E-13
   4166.94922  -5.65795E-14
   4168.42334  -7.53553E-13
   4169.89697  -2.99210E-13
   4171.37109  -3.30735E-13
   4172.84473   6.81708E-13
   4174.31885  -3.79110E-14
   4175.79248   2.15307E-13
   4177.26611   7.89054E-13
   4178.74023   1.08789E-13
   4180.21387  -5.25192E-13
   4181.68799  -1.26474E-13
   4183.16162   3.67204E-13
   4184.63574  -3.01726E-14
   4186.10938   2.29104E-13
   4187.58350   1.25904E-12
   4189.05713   3.90804E-13
   4190.53125   3.21721E-13
   4192.00488   3.17672E-13
   4193.47900  -7.07714E-13
   4194.95264  -2.08441E-13
   4196.42627   7.62183E-13
   4197.90039   6.96288E-13
   4199.37402   9.88920E-14
   4200.84814   1.03261E-12
   4202.32178  -4.80431E-13
   4203.79590   4.25741E-13
   4205.26953   1.03539E-12
   4206.74365   4.00493E-13
   4208.21729  -2.92811E-13
   4209.69141   9.17070E-14
   4211.16504  -1.34859E-13
   4212.63916   5.98124E-13
   4214.11279   3.04805E-13
   4215.58643  -4.24361E-13
   4217.06055   5.50439E-13
   4218.53418   1.77746E-13
   4220.00830   1.19202E-12
   4221.48193  -1.96367E-13
   4222.95605   5.20308E-13
   4224.42969   1.76000E-13
   4225.90381  -8.60348E-14
   4227.37744   6.79437E-14
   4228.85156   6.75561E-13
   4230.32520  -4.96334E-13
   4231.79932  -7.29286E-13
   4233.27295   7.17717E-13
   4234.74658   3.73296E-13
   4236.22070   5.86299E-13
   4237.69434   6.97977E-14
   4239.16846   1.27294E-13
   4240.64209  -2.02365E-13
   4242.11621   1.99057E-13
   4243.58984  -7.55835E-13
   4245.06396   5.05895E-13
   4246.53760   1.02411E-12
   4248.01172  -6.04590E-13
   4249.48535  -2.69145E-13
   4250.95947   4.01217E-13
   4252.43311  -1.17441E-13
   4253.90674   8.82669E-14
   4255.38086   9.37942E-13
   4256.85449   7.30806E-14
   4258.32861   8.49742E-14
   4259.80225   6.36657E-14
   4261.27637  -4.87961E-14
   4262.75000   4.19561E-13
   4264.22412   5.56529E-13
   4265.69775   4.55956E-13
   4267.17188   7.32249E-13
   4268.64551  -2.33934E-13
   4270.11963   9.70815E-14
   4271.59326   8.63487E-13
   4273.06689   2.86014E-15
   4274.54102  -5.48050E-13
   4276.01465   5.16662E-13
   4277.48877   2.47362E-13
   4278.96240  -6.47027E-13
   4280.43652   1.82172E-13
   4281.91016  -1.66901E-13
   4283.38428  -6.34036E-13
   4284.85791  -2.09103E-13
   4286.33203  -1.49744E-13
   4287.80566  -6.02331E-15
   4289.27979   1.53446E-13
   4290.75342   7.89007E-14
   4292.22705   7.35481E-13
   4293.70117  -4.17886E-13
   4295.17480   3.52215E-13
   4296.64893   2.50163E-13
   4298.12256  -6.26820E-14
   4299.59668  -3.30264E-13
   4301.07031  -3.96816E-13
   4302.54443   1.73059E-14
   4304.01807  -1.00231E-13
   4305.49219   6.72516E-13
   4306.96582   2.95716E-13
   4308.43994  -6.47475E-13
   4309.91357  -1.65266E-13
   4311.38721   2.60974E-13
   4312.86133   4.88199E-13
   4314.33496   1.38632E-13
   4315.80908   1.89419E-13
   4317.28271   5.54172E-13
   4318.75684  -4.34755E-13
   4320.23047   1.84507E-13
   4321.70459   9.92481E-13
   4323.17822   3.65953E-14
   4324.65234   3.46752E-13
   4326.12598  -6.08231E-13
   4327.60010  -4.72231E-13
   4329.07373  -3.60883E-14
   4330.54785   4.47905E-13
   4332.02148   5.02895E-13
   4333.49512   1.31953E-13
   4334.96924   6.22242E-13
   4336.44287   1.69167E-12
   4337.91699   2.61288E-12
   4339.39062   2.02370E-12
   4340.86475   8.65959E-13
   4342.33838   9.51430E-13
   4343.81250   5.62315E-13
   4345.28613   6.10395E-13
   4346.76025   2.92239E-13
   4348.23389   1.72703E-13
   4349.70801  -6.06722E-13
   4351.18164  -1.21481E-13
   4352.65527   3.85493E-13
   4354.12939   6.49460E-14
   4355.60303  -8.15102E-14
   4357.07715  -1.90515E-13
   4358.55078   2.64944E-13
   4360.02490   1.16257E-12
   4361.49854   1.00733E-12
   4362.97266   1.63716E-12
   4364.44629   7.29477E-14
   4365.92041   8.13038E-14
   4367.39404   3.70766E-13
   4368.86816   3.45688E-13
   4370.34180   2.15139E-13
   4371.81543   4.75256E-13
   4373.28955   8.94493E-13
   4374.76318   3.07602E-13
   4376.23730   4.09601E-13
   4377.71094  -1.64603E-13
   4379.18506  -2.69938E-14
   4380.65869   4.69499E-13
   4382.13281   3.28637E-13
   4383.60645  -1.20576E-14
   4385.08057  -1.57356E-13
   4386.55420   7.35460E-13
   4388.02832   6.16567E-13
   4389.50195   4.63834E-15
   4390.97559   7.53345E-13
   4392.44971   2.48112E-13
   4393.92334   5.38362E-13
   4395.39746   3.82446E-13
   4396.87109   4.66385E-13
   4398.34521   1.83522E-13
   4399.81885  -3.32849E-13
   4401.29297   2.35566E-14
   4402.76660   9.88142E-14
   4404.24072  -3.13373E-13
   4405.71436  -1.47924E-13
   4407.18848  -1.39847E-13
   4408.66211   4.47388E-13
   4410.13574   7.45849E-13
   4411.60986   8.16469E-13
   4413.08350   2.40038E-13
   4414.55762   1.06985E-12
   4416.03125  -1.04579E-13
   4417.50537  -2.48100E-13
   4418.97900   2.90977E-13
   4420.45312  -2.08318E-13
   4421.92676   3.09019E-15
   4423.40088   4.08105E-13
   4424.87451   4.13174E-13
   4426.34863   3.87163E-14
   4427.82227   4.59121E-13
   4429.29590  -4.17950E-13
   4430.77002  -4.62802E-13
   4432.24365   2.32754E-13
   4433.71777  -6.35420E-15
   4435.19141   2.06155E-13
   4436.66553   5.31435E-13
   4438.13916  -2.11242E-14
   4439.61328  -1.19995E-13
   4441.08691  -4.05013E-13
   4442.56104  -3.90590E-14
   4444.03467  -1.38500E-13
   4445.50879   3.10903E-13
   4446.98242   5.16271E-13
   4448.45605   4.26615E-13
   4449.93018   1.06714E-12
   4451.40381   2.59467E-13
   4452.87793  -1.54778E-13
   4454.35156   2.48058E-13
   4455.82568   6.73365E-13
   4457.29932   1.41942E-13
   4458.77344   2.69886E-14
   4460.24707  -3.85310E-13
   4461.72119   3.85810E-14
   4463.19482   1.04313E-12
   4464.66895  -1.87923E-13
   4466.14258   2.09559E-13
   4467.61621   6.55699E-13
   4469.09033   5.75931E-13
   4470.56396   2.85390E-13
   4472.03809  -4.36543E-13
   4473.51172   2.74493E-13
   4474.98584   2.53715E-13
   4476.45947  -2.48527E-13
   4477.93359   4.07078E-13
   4479.40723   3.04240E-13
   4480.88135  -2.02687E-14
   4482.35498   2.58694E-13
   4483.82910  -1.54887E-13
   4485.30273   1.84892E-13
   4486.77637   1.75262E-13
   4488.25049  -6.40647E-14
   4489.72412   3.02575E-13
   4491.19824  -3.10022E-13
   4492.67188   3.30686E-13
   4494.14600   1.79699E-13
   4495.61963  -8.92991E-14
   4497.09375  -5.83923E-14
   4498.56738  -4.64384E-13
   4500.04150  -1.13850E-13
   4501.51514  -1.43810E-13
   4502.98926   6.79444E-14
   4504.46289   2.31089E-13
   4505.93652   4.28400E-13
   4507.41064   4.38898E-14
   4508.88428   1.88842E-16
   4510.35840   2.30153E-13
   4511.83203   2.39829E-13
   4513.30615  -2.14752E-13
   4514.77979   3.09524E-13
   4516.25391   1.03862E-13
   4517.72754  -3.64249E-13
   4519.20166   6.48049E-13
   4520.67529   1.74679E-13
   4522.14941  -1.20700E-13
   4523.62305   5.50791E-13
   4525.09668   6.51499E-15
   4526.57080  -4.17001E-13
   4528.04443  -4.30961E-13
   4529.51855  -2.72676E-13
   4530.99219  -4.81718E-14
   4532.46631  -1.97713E-13
   4533.93994  -7.64157E-14
   4535.41406  -2.94093E-14
   4536.88770  -3.56527E-13
   4538.36182  -2.98407E-13
   4539.83545   3.44929E-13
   4541.30957   6.43889E-13
   4542.78320   8.27551E-13
   4544.25684   6.22438E-13
   4545.73096   8.79980E-14
   4547.20459   8.53996E-14
   4548.67871   5.62613E-13
   4550.15234   3.25938E-13
   4551.62646   6.58992E-13
   4553.10010   2.79469E-13
   4554.57422   2.88554E-13
   4556.04785   1.63390E-13
   4557.52197  -1.87698E-13
   4558.99561   3.06773E-13
   4560.46973   7.18470E-13
   4561.94336   2.63154E-13
   4563.41699   3.70985E-13
   4564.89111   3.11169E-13
   4566.36475   2.63393E-13
   4567.83887  -3.52488E-14
   4569.31250   3.87323E-13
   4570.78662  -7.24175E-14
   4572.26025   1.01948E-13
   4573.73438   5.97872E-13
   4575.20801  -1.55096E-13
   4576.68213   7.52093E-14
   4578.15576  -3.00740E-13
   4579.62988   2.10932E-13
   4581.10352   5.52193E-13
   4582.57715   4.72606E-14
   4584.05127   1.25390E-13
   4585.52490   4.20346E-13
   4586.99902   6.76254E-13
   4588.47266   1.32050E-13
   4589.94678   2.09205E-13
   4591.42041   3.04479E-13
   4592.89453   4.00339E-13
   4594.36816   3.03682E-13
   4595.84229  -6.27502E-14
   4597.31592   6.10383E-14
   4598.79004   2.34135E-13
   4600.26367   1.76094E-13
   4601.73730  -1.93256E-13
   4603.21143   1.94944E-13
   4604.68506  -1.76331E-14
   4606.15918   3.68176E-13
   4607.63281  -4.23723E-13
   4609.10693   8.86756E-14
   4610.58057  -1.69081E-13
   4612.05469  -3.23374E-13
   4613.52832  -5.30082E-14
   4615.00244   4.06266E-14
   4616.47607   1.79948E-13
   4617.95020  -3.37126E-13
   4619.42383   2.03228E-13
   4620.89746   8.49128E-14
   4622.37158  -6.98779E-14
   4623.84521   2.04112E-13
   4625.31934  -2.57790E-13
   4626.79297   9.60783E-14
   4628.26709   3.34017E-13
   4629.74072  -5.08978E-14
   4631.21484   2.22551E-14
   4632.68848   5.60959E-13
   4634.16260  -3.21280E-14
   4635.63623   5.43124E-13
   4637.11035   3.64409E-13
   4638.58398  -5.22260E-14
   4640.05762   3.91565E-13
   4641.53174   2.01838E-13
   4643.00537   2.36191E-13
   4644.47949   2.36018E-13
   4645.95312   1.96107E-13
   4647.42725  -1.46977E-13
   4648.90088   1.35738E-13
   4650.37500   5.09145E-13
   4651.84863   5.67838E-13
   4653.32275  -1.21995E-13
   4654.79639   2.70671E-13
   4656.27051   8.94968E-14
   4657.74414   4.34439E-13
   4659.21777   5.06652E-13
   4660.69189   1.35949E-13
   4662.16553   4.62366E-14
   4663.63965   1.77085E-13
   4665.11328   1.26132E-14
   4666.58740  -2.64256E-13
   4668.06104   4.88061E-14
   4669.53516   6.94549E-13
   4671.00879   1.58761E-13
   4672.48291   1.29773E-13
   4673.95654   1.21923E-13
   4675.43066   3.33591E-13
   4676.90430  -2.00545E-13
   4678.37793  -3.67947E-13
   4679.85205   2.72762E-13
   4681.32568   1.21685E-12
   4682.79980   3.14869E-12
   4684.27344   5.97967E-12
   4685.74756   5.97378E-12
   4687.22119   2.94943E-12
   4688.69531   1.93585E-12
   4690.16895   1.21376E-12
   4691.64307   1.30196E-13
   4693.11670  -3.18653E-14
   4694.59082   3.88149E-13
   4696.06445   7.36200E-13
   4697.53809   6.01298E-14
   4699.01221   3.15164E-13
   4700.48584   4.16341E-13
   4701.95996   5.02247E-13
   4703.43359   4.93709E-14
   4704.90771   2.95131E-13
   4706.38135   2.24996E-13
   4707.85547   2.19340E-13
   4709.32910   1.96289E-14
   4710.80322  -1.57547E-13
   4712.27686   6.80339E-13
   4713.75098   7.04098E-13
   4715.22461   1.65020E-13
   4716.69824  -6.37055E-13
   4718.17236   2.49231E-13
   4719.64600   3.18486E-14
   4721.12012  -3.42536E-14
   4722.59375   8.49741E-14
   4724.06787   1.91443E-13
   4725.54150  -2.20520E-13
   4727.01562   8.01837E-13
   4728.48926   2.44048E-13
   4729.96338   6.64752E-13
   4731.43701   4.00786E-14
   4732.91113   1.13368E-13
   4734.38477  -2.64921E-13
   4735.85840   5.00575E-13
   4737.33252  -2.74328E-13
   4738.80615   4.97418E-13
   4740.28027   4.54471E-13
   4741.75391  -4.37455E-13
   4743.22803   4.90244E-14
   4744.70166   4.13584E-13
   4746.17578  -3.78956E-13
   4747.64941   9.63099E-14
   4749.12354   1.32447E-14
   4750.59717   3.32049E-13
   4752.07129  -3.96987E-13
   4753.54492   2.09535E-13
   4755.01855   1.03602E-13
   4756.49268  -8.97402E-15
   4757.96631  -9.12670E-14
   4759.44043   8.28465E-14
   4760.91406   1.50577E-13
   4762.38818  -1.64674E-14
   4763.86182   4.96388E-13
   4765.33594   6.21036E-13
   4766.80957  -1.58922E-14
   4768.28369   1.43936E-13
   4769.75732   8.40186E-13
   4771.23145  -2.02835E-13
   4772.70508   3.28732E-13
   4774.17871   4.82581E-13
   4775.65283   1.92091E-13
   4777.12646   3.58396E-13
   4778.60059  -3.02503E-13
   4780.07422   5.30764E-13
   4781.54834   3.21144E-13
   4783.02197  -7.44064E-14
   4784.49609  -3.04384E-14
   4785.96973  -2.26740E-13
   4787.44385   1.92034E-13
   4788.91748  -1.44011E-13
   4790.39160  -1.82965E-13
   4791.86523  -5.94828E-15
   4793.33887  -5.92897E-14
   4794.81299  -1.63800E-14
   4796.28662  -1.20614E-14
   4797.76074   1.28786E-13
   4799.23438  -1.41972E-13
   4800.70850  -9.20733E-14
   4802.18213   7.58640E-15
   4803.65625  -3.62197E-13
   4805.12988  -1.02186E-14
   4806.60400   1.26446E-13
   4808.07764   1.31931E-13
   4809.55176  -9.70726E-14
   4811.02539   1.26769E-14
   4812.49902   1.99401E-13
   4813.97314  -2.21138E-13
   4815.44678   2.48803E-13
   4816.92090  -1.45366E-13
   4818.39453   5.10306E-13
   4819.86865   3.80226E-14
   4821.34229   1.51447E-13
   4822.81641  -2.53190E-13
   4824.29004   4.08946E-13
   4825.76416  -9.98454E-14
   4827.23779   3.48524E-13
   4828.71191  -1.20245E-13
   4830.18555  -2.35390E-13
   4831.65918  -3.09623E-14
   4833.13330   2.86182E-13
   4834.60693  -1.55742E-13
   4836.08105   3.10319E-14
   4837.55469   3.19378E-13
   4839.02881  -4.03681E-13
   4840.50244  -9.70134E-14
   4841.97656  -3.30081E-13
   4843.45020  -1.31737E-13
   4844.92432   4.12358E-14
   4846.39795  -5.82779E-14
   4847.87207  -2.10190E-13
   4849.34570   3.36763E-13
   4850.81934   5.92346E-13
   4852.29346   2.42971E-13
   4853.76709   1.31083E-13
   4855.24121   9.93764E-13
   4856.71484   1.32962E-12
   4858.18896   3.20487E-12
   4859.66260   4.36312E-12
   4861.13672   4.52578E-12
   4862.61035   3.07484E-12
   4864.08447   2.09743E-12
   4865.55811   3.64609E-13
   4867.03223   6.32840E-13
   4868.50586   2.74816E-13
   4869.97949   4.73373E-14
   4871.45361   4.60270E-13
   4872.92725   2.43014E-14
   4874.40137   3.83311E-13
   4875.87500   2.99317E-13
   4877.34912   1.04047E-13
   4878.82275   7.49676E-14
   4880.29688   3.50199E-13
   4881.77051   6.09240E-14
   4883.24463   3.76455E-13
   4884.71826   7.38184E-14
   4886.19238   5.23191E-14
   4887.66602   1.86265E-13
   4889.13965   7.12038E-13
   4890.61377   6.37760E-13
   4892.08740  -1.89941E-13
   4893.56152   3.15746E-13
   4895.03516   3.86356E-13
   4896.50928   4.94658E-15
   4897.98291   6.49566E-13
   4899.45703   9.42584E-14
   4900.93066   4.49404E-13
   4902.40479  -2.35189E-13
   4903.87842   2.99100E-13
   4905.35254  -7.04027E-14
   4906.82617  -7.92485E-14
   4908.29980   1.10568E-13
   4909.77393   2.53497E-13
   4911.24756   3.59534E-13
   4912.72168   2.25755E-13
   4914.19531   2.20085E-13
   4915.66943   3.80896E-13
   4917.14307  -1.88397E-13
   4918.61719  -1.53227E-13
   4920.09082   4.33897E-13
   4921.56494   4.55750E-13
   4923.03857   3.11300E-13
   4924.51270   1.88319E-13
   4925.98633   3.17621E-13
   4927.45996   5.69597E-13
   4928.93408   2.38867E-13
   4930.40771   2.98747E-13
   4931.88184   4.41672E-13
   4933.35547   2.10932E-13
   4934.82959   3.39558E-13
   4936.30322   9.62972E-14
   4937.77734   7.43852E-14
   4939.25098   1.13633E-13
   4940.72510   6.99140E-13
   4942.19873   8.20193E-13
   4943.67285   5.29829E-13
   4945.14648   5.98346E-14
   4946.62012  -6.05749E-14
   4948.09424   1.33741E-13
   4949.56787  -2.52163E-13
   4951.04199   3.19132E-13
   4952.51562  -1.03419E-13
   4953.98975   5.15364E-14
   4955.46338   1.44809E-12
   4956.93750   1.79812E-12
   4958.41113   1.11602E-12
   4959.88525   6.14946E-13
   4961.35889   2.02567E-13
   4962.83301   1.20153E-13
   4964.30664   1.13955E-13
   4965.78027   3.78690E-13
   4967.25439  -3.15185E-13
   4968.72803   2.95220E-13
   4970.20215   2.68629E-13
   4971.67578   1.05694E-13
   4973.14990   2.47745E-13
   4974.62354   3.82610E-14
   4976.09766   3.80141E-13
   4977.57129   2.10862E-13
   4979.04541  -7.72636E-14
   4980.51904   1.44446E-13
   4981.99316   2.71030E-13
   4983.46680   1.17367E-13
   4984.94043   2.82012E-13
   4986.41455  -1.87919E-13
   4987.88818   3.35216E-13
   4989.36230   3.60953E-13
   4990.83594   3.93013E-13
   4992.31006   1.87225E-13
   4993.78369   1.73609E-13
   4995.25781   3.06118E-14
   4996.73145  -1.27591E-14
   4998.20557  -2.08265E-13
   4999.67920   3.12705E-13
   5001.15332   4.70275E-13
   5002.62695   9.41820E-13
   5004.10059   3.38959E-12
   5005.57471   3.63827E-12
   5007.04834   3.11427E-12
   5008.52246   2.14306E-12
   5009.99609   7.59090E-13
   5011.47021   7.58823E-13
   5012.94385   3.72932E-13
   5014.41797  -1.11307E-13
   5015.89160   1.90182E-13
   5017.36572   3.58344E-13
   5018.83936   1.30152E-13
   5020.31348   7.09206E-14
   5021.78711   2.80634E-13
   5023.26074   1.54286E-13
   5024.73486   2.61637E-13
   5026.20850   1.78139E-13
   5027.68262   1.07246E-13
   5029.15625   4.24409E-13
   5030.63037   2.47888E-13
   5032.10400  -4.79564E-13
   5033.57812   3.27386E-13
   5035.05176   8.67128E-14
   5036.52588  -1.18961E-13
   5037.99951   1.26917E-13
   5039.47363   1.78432E-13
   5040.94727   2.81073E-13
   5042.42090   4.70926E-13
   5043.89502   1.89026E-13
   5045.36865   2.35744E-13
   5046.84277  -3.45748E-13
   5048.31641  -1.20761E-13
   5049.79053   1.45894E-13
   5051.26416   3.11570E-13
   5052.73828   1.17477E-13
   5054.21191  -3.96168E-14
   5055.68604   3.91286E-13
   5057.15967   4.14604E-14
   5058.63379  -5.60164E-14
   5060.10742   2.07848E-13
   5061.58105   1.52741E-13
   5063.05518   1.93833E-13
   5064.52881   1.00224E-13
   5066.00293   3.01035E-13
   5067.47656   7.06305E-14
   5068.95068   2.69868E-13
   5070.42432   3.69937E-13
   5071.89844   5.47316E-13
   5073.37207   3.31474E-13
   5074.84619  -2.03569E-13
   5076.31982  -4.31894E-13
   5077.79395   4.75483E-14
   5079.26758  -3.55862E-13
   5080.74121   2.06907E-14
   5082.21533  -8.38799E-14
   5083.68896   2.05604E-13
   5085.16309   7.79378E-14
   5086.63672   6.76813E-14
   5088.11084   1.43962E-13
   5089.58447  -1.13100E-13
   5091.05859   3.62988E-13
   5092.53223   2.48419E-13
   5094.00635  -9.59023E-14
   5095.47998   1.03558E-13
   5096.95410   4.40498E-13
   5098.42773   2.77951E-13
   5099.90137   2.72095E-13
   5101.37549   2.94622E-13
   5102.84912  -1.52875E-13
   5104.32324  -2.09729E-13
   5105.79688   1.24713E-13
   5107.27100   1.97778E-13
   5108.74463   1.22326E-13
   5110.21875   1.14937E-13
   5111.69238   3.20567E-13
   5113.16650   2.73197E-13
   5114.64014  -1.37593E-13
   5116.11426   2.17973E-13
   5117.58789   2.87399E-13
   5119.06152   2.72877E-13
   5120.53564   1.92666E-13
   5122.00928  -4.57094E-14
   5123.48340  -1.96703E-13
   5124.95703   2.12456E-13
   5126.43115   4.28696E-13
   5127.90479   1.61838E-13
   5129.37891   1.83949E-14
   5130.85254   6.32118E-14
   5132.32666   1.01533E-13
   5133.80029   3.26948E-13
   5135.27441   2.73475E-13
   5136.74805   1.17755E-13
   5138.22168   9.93830E-14
   5139.69580   1.59126E-13
   5141.16943   4.07711E-13
   5142.64355  -8.33586E-14
   5144.11719   6.19236E-14
   5145.59131   3.14627E-13
   5147.06494   6.95387E-13
   5148.53906   5.23112E-13
   5150.01270   2.88592E-13
   5151.48682   2.89760E-13
   5152.96045   3.20586E-13
   5154.43457   3.67551E-13
   5155.90820   3.91149E-13
   5157.38184   3.89439E-13
   5158.85596   4.92983E-13
   5160.32959   7.83505E-13
   5161.80371   4.66130E-13
   5163.27734   3.41619E-13
   5164.75146   1.49904E-13
   5166.22510   3.39972E-13
   5167.69922   1.08542E-13
   5169.17285  -1.49045E-13
   5170.64697   1.57301E-13
   5172.12061   9.94488E-14
   5173.59473   2.40981E-13
   5175.06836   6.26476E-13
   5176.54199   4.10121E-13
   5178.01611   4.22666E-13
   5179.48975   6.55693E-13
   5180.96387   1.52828E-13
   5182.43750   1.01090E-15
   5183.91162   2.37263E-13
   5185.38525  -1.10060E-13
   5186.85938   1.92393E-13
   5188.33301   2.48413E-13
   5189.80713  -1.37727E-13
   5191.28076   1.20660E-13
   5192.75488   4.47160E-13
   5194.22852   4.01164E-13
   5195.70264   9.44449E-14
   5197.17627   2.10230E-13
   5198.64990   2.46762E-13
   5200.12402   1.59935E-13
   5201.59766   2.76370E-13
   5203.07178   2.61323E-13
   5204.54541   6.01723E-13
   5206.01953   2.52031E-13
   5207.49316  -1.40529E-13
   5208.96729   1.41380E-13
   5210.44092   3.09902E-13
   5211.91504   3.08287E-13
   5213.38867   1.92014E-13
   5214.86279   2.88773E-14
   5216.33643  -1.45473E-13
   5217.81006  -3.36242E-14
   5219.28418   3.60150E-13
   5220.75781   1.40687E-13
   5222.23193  -4.18165E-14
   5223.70557  -4.41902E-14
   5225.17969   2.49868E-13
   5226.65332   6.89682E-14
   5228.12744  -3.72346E-14
   5229.60107   1.06896E-13
   5231.07520   1.92570E-14
   5232.54883   8.42258E-14
   5234.02295   3.00802E-13
   5235.49658   2.11927E-13
   5236.97021   4.81799E-13
   5238.44434   7.53544E-14
   5239.91797   3.22034E-14
   5241.39209   3.50152E-13
   5242.86572   1.81466E-13
   5244.33984   4.01471E-13
   5245.81348   2.98775E-13
   5247.28760   2.93790E-13
   5248.76123   2.90805E-13
   5250.23535   1.18309E-13
   5251.70898  -1.64004E-14
   5253.18311   2.86874E-13
   5254.65674   4.81421E-13
   5256.13037   4.85508E-13
   5257.60449   6.20050E-14
   5259.07812   2.44973E-13
   5260.55225   2.58455E-13
   5262.02588   1.92883E-13
   5263.50000  -1.69333E-13
   5264.97363   3.35069E-13
   5266.44775   1.01320E-13
   5267.92139  -1.16433E-13
   5269.39551  -7.52757E-14
   5270.86914   1.03373E-13
   5272.34326   6.29942E-15
   5273.81689   1.56000E-13
   5275.29053   5.49230E-13
   5276.76465   4.52164E-13
   5278.23828   1.08553E-13
   5279.71240   2.47176E-13
   5281.18604   2.21943E-14
   5282.66016  -2.92777E-14
   5284.13379   3.96599E-14
   5285.60791   1.71386E-13
   5287.08154  -1.95172E-14
   5288.55566   1.76971E-13
   5290.02930   5.45176E-13
   5291.50342   1.09062E-14
   5292.97705  -3.32157E-13
   5294.45068   2.15787E-13
   5295.92480  -2.21668E-13
   5297.39844   8.62692E-14
   5298.87256   4.44201E-15
   5300.34619   1.83183E-13
   5301.82031   3.25368E-13
   5303.29395   6.52759E-14
   5304.76807   2.00150E-13
   5306.24170   6.29176E-13
   5307.71582  -1.31525E-14
   5309.18945   1.60528E-13
   5310.66357   7.13126E-13
   5312.13721   8.57960E-13
   5313.61084   3.82304E-13
   5315.08496   2.19756E-13
   5316.55859   3.98898E-13
   5318.03271   3.13978E-13
   5319.50635   2.15326E-13
   5320.98047  -5.36703E-14
   5322.45410  -1.18366E-13
   5323.92822  -8.69964E-15
   5325.40186   1.80967E-13
   5326.87598   1.63395E-13
   5328.34961  -1.09505E-13
   5329.82373   4.32247E-14
   5331.29736   1.71859E-13
   5332.77100   3.42479E-13
   5334.24512   4.07102E-13
   5335.71875   7.02420E-14
   5337.19287  -6.11593E-14
   5338.66650  -1.31016E-13
   5340.14062   1.52412E-13
   5341.61426   1.28690E-13
   5343.08838  -2.29691E-13
   5344.56201   5.70124E-14
   5346.03613   2.97054E-13
   5347.50977  -1.12731E-13
   5348.98389  -6.20968E-14
   5350.45752   2.13874E-13
   5351.93115   2.78074E-13
   5353.40527   1.43148E-13
   5354.87891   3.75888E-14
   5356.35303   8.86453E-14
   5357.82666   4.96605E-13
   5359.30078   8.11910E-14
   5360.77441   3.84111E-14
   5362.24854   7.83671E-14
   5363.72217   8.99720E-14
   5365.19629   2.59068E-13
   5366.66992   3.49402E-14
   5368.14404   2.68328E-13
   5369.61768  -7.71808E-14
   5371.09131  -1.59950E-13
   5372.56543   5.89691E-13
   5374.03906   2.69379E-13
   5375.51318  -1.08777E-13
   5376.98682   2.19515E-13
   5378.46094  -1.30695E-13
   5379.93457   1.67982E-13
   5381.40869   3.46335E-13
   5382.88232   9.89009E-14
   5384.35645   4.63951E-15
   5385.83008  -7.18336E-14
   5387.30420   4.00784E-13
   5388.77783  -4.13276E-14
   5390.25146   2.54711E-13
   5391.72559  -6.52941E-14
   5393.19922   9.43827E-14
   5394.67334   1.99953E-13
   5396.14697  -1.20378E-13
   5397.62109   4.93025E-13
   5399.09473   5.77521E-14
   5400.56885   3.40847E-13
   5402.04248   8.13749E-14
   5403.51660   1.89965E-13
   5404.99023   3.12350E-13
   5406.46436   5.01242E-13
   5407.93799   5.92299E-13
   5409.41162   1.02007E-12
   5410.88574   5.88993E-13
   5412.35938   6.66018E-13
   5413.83350   7.08276E-13
   5415.30713   1.59966E-13
   5416.78125   5.72961E-14
   5418.25488   8.71476E-14
   5419.72900   4.63027E-14
   5421.20264   4.19887E-13
   5422.67676   4.41869E-13
   5424.15039   3.07312E-13
   5425.62451   1.18798E-13
   5427.09814  -9.17480E-14
   5428.57178   5.91162E-14
   5430.04590   2.62960E-13
   5431.51953   9.93235E-14
   5432.99365   2.96743E-13
   5434.46729   4.20547E-13
   5435.94141   3.66556E-13
   5437.41504   4.22478E-14
   5438.88916   2.96651E-13
   5440.36279   1.36566E-13
   5441.83691   2.66186E-14
   5443.31055   1.01123E-13
   5444.78467  -3.89176E-14
   5446.25830   3.26288E-13
   5447.73193   1.71403E-13
   5449.20605  -2.42009E-13
   5450.67969   2.73340E-13
   5452.15381   1.19880E-13
   5453.62744  -1.66684E-13
   5455.10156   7.46320E-14
   5456.57520   2.89769E-13
   5458.04932  -7.83516E-14
   5459.52295   2.82554E-13
   5460.99707   1.24424E-13
   5462.47070   1.70113E-13
   5463.94482   2.64022E-13
   5465.41846   1.60904E-13
   5466.89209   2.38288E-13
   5468.36621   2.97682E-13
   5469.83984   2.34682E-13
   5471.31396   2.56586E-13
   5472.78760   3.18932E-13
   5474.26172   1.93555E-13
   5475.73535   4.06634E-14
   5477.20947   1.33247E-13
   5478.68311   2.33607E-13
   5480.15723   6.73448E-14
   5481.63086   2.46931E-13
   5483.10498   1.74501E-13
   5484.57861   3.01798E-13
   5486.05225   2.08250E-13
   5487.52637   1.27440E-13
   5489.00000   3.87600E-15
   5490.47412   2.18343E-13
   5491.94775   8.06080E-14
   5493.42188   4.10657E-13
   5494.89551   3.64458E-13
   5496.36963   1.07242E-13
   5497.84326   1.43471E-14
   5499.31738   2.09581E-13
   5500.79102   4.24867E-13
   5502.26514   1.09921E-13
   5503.73877   3.67375E-15
   5505.21240   1.02603E-13
   5506.68652   5.15176E-14
   5508.16016   1.59279E-13
   5509.63428   3.39891E-13
   5511.10791   2.50318E-13
   5512.58203  -6.32277E-14
   5514.05566   3.44959E-13
   5515.52979   2.81392E-13
   5517.00342   2.30539E-13
   5518.47754   1.80090E-13
   5519.95117   8.94458E-14
   5521.42529   6.98374E-14
   5522.89893   5.52278E-13
   5524.37256   1.98101E-13
   5525.84668   1.33526E-13
   5527.32031   2.98818E-13
   5528.79443   9.81760E-14
   5530.26807   1.04313E-13
   5531.74219   7.01033E-14
   5533.21582   1.36588E-13
   5534.68994   4.33066E-13
   5536.16357   4.17407E-13
   5537.63770   2.29121E-13
   5539.11133  -6.89923E-14
   5540.58545  -1.16888E-13
   5542.05908   1.41600E-13
   5543.53271   2.38395E-14
   5545.00684   1.88155E-13
   5546.48047   4.13253E-13
   5547.95459   1.88986E-13
   5549.42822   3.85660E-13
   5550.90234   3.12262E-13
   5552.37598  -2.53048E-14
   5553.85010   3.89955E-14
   5555.32373   3.42103E-13
   5556.79785   1.97057E-13
   5558.27148   1.86727E-13
   5559.74561   6.11923E-14
   5561.21924   3.89066E-13
   5562.69287   2.30969E-13
   5564.16699  -9.27864E-14
   5565.64062  -6.26121E-14
   5567.11475   2.76308E-13
   5568.58838   5.53465E-14
   5570.06250   1.22874E-13
   5571.53613   2.60922E-13
   5573.01025  -5.27303E-14
   5574.48389   2.17959E-13
   5575.95801  -9.81760E-15
   5577.43164   2.11343E-13
   5578.90576   1.97645E-13
   5580.37939   5.09321E-14
   5581.85303  -3.52422E-14
   5583.32715  -4.97895E-15
   5584.80078   2.06470E-13
   5586.27490   3.22644E-13
   5587.74854  -1.03473E-13
   5589.22266   7.96488E-14
   5590.69629   2.44424E-13
   5592.17041  -7.40108E-14
   5593.64404  -3.77669E-14
   5595.11816   1.62871E-13
   5596.59180   3.35985E-13
   5598.06592   1.73469E-13
   5599.53955   1.77901E-13
   5601.01318  -2.36091E-14
   5602.48730   3.90302E-15
   5603.96094  -1.31277E-13
   5605.43506   2.39754E-13
   5606.90869   2.73186E-13
   5608.38281   8.33866E-14
   5609.85645   2.50118E-13
   5611.33057   1.65258E-13
   5612.80420   2.97573E-13
   5614.27832   1.15376E-13
   5615.75195   3.58783E-13
   5617.22607   3.60495E-13
   5618.69971   3.56423E-13
   5620.17334   2.50627E-13
   5621.64746   2.96270E-13
   5623.12109   8.71620E-14
   5624.59521   4.96059E-13
   5626.06885   3.85872E-13
   5627.54297   3.16731E-13
   5629.01660   2.75834E-13
   5630.49072   2.32412E-13
   5631.96436   3.91243E-13
   5633.43848   2.80555E-13
   5634.91211   1.58385E-13
   5636.38623   2.06279E-13
   5637.85986   2.01509E-13
   5639.33350   4.20772E-15
   5640.80762   6.75098E-14
   5642.28125   5.06179E-13
   5643.75537  -1.83355E-13
   5645.22900   4.82650E-13
   5646.70312   7.68909E-13
   5648.17676  -1.26502E-13
   5649.65088   4.89643E-13
   5651.12451   4.71677E-13
   5652.59863   2.93254E-13
   5654.07227  -4.63508E-15
   5655.54639   7.17888E-13
   5657.02002   1.04333E-13
   5658.49365   1.29260E-13
   5659.96777   3.78790E-13
   5661.44141   3.51535E-13
   5662.91553   3.05736E-13
   5664.38916   6.00709E-14
   5665.86328   1.17971E-13
   5667.33691   6.20782E-13
   5668.81104  -1.50230E-14
   5670.28467   1.94550E-13
   5671.75879   1.72091E-13
   5673.23242   4.38229E-14
   5674.70654   1.71185E-13
   5676.18018   2.93121E-13
   5677.65381   3.22368E-13
   5679.12793   2.57997E-13
   5680.60156   7.21163E-13
   5682.07568   4.75101E-13
   5683.54932   1.75097E-13
   5685.02344   7.87719E-15
   5686.49707   1.88989E-13
   5687.97119   2.49119E-13
   5689.44482   1.79749E-14
   5690.91895  -1.80547E-13
   5692.39258   1.05630E-15
   5693.86670   1.97371E-13
   5695.34033   1.49170E-13
   5696.81396   1.73547E-13
   5698.28809   8.95042E-14
   5699.76172   1.24579E-13
   5701.23584  -1.38789E-14
   5702.70947   2.58102E-13
   5704.18359   2.84921E-13
   5705.65723   3.26095E-13
   5707.13135   2.28739E-13
   5708.60498   1.13554E-13
   5710.07910   1.51068E-13
   5711.55273   5.77141E-14
   5713.02686   2.31781E-14
   5714.50049   7.95004E-14
   5715.97412   1.63308E-13
   5717.44824   8.50787E-13
   5718.92188   1.17435E-12
   5720.39600   1.91995E-12
   5721.86963   2.51795E-12
   5723.34375   1.52201E-12
   5724.81738   7.11694E-13
   5726.29150   4.53466E-13
   5727.76514   2.59554E-13
   5729.23926   2.55002E-13
   5730.71289   1.32196E-13
   5732.18701   4.84260E-13
   5733.66064   2.11544E-13
   5735.13428   8.55283E-14
   5736.60840   2.94794E-13
   5738.08203  -8.76218E-15
   5739.55615   5.92930E-14
   5741.02979  -3.75025E-14
   5742.50391   2.79505E-14
   5743.97754   2.38566E-13
   5745.45166   1.28044E-13
   5746.92529   1.90191E-14
   5748.39941   2.79366E-13
   5749.87305   2.66193E-13
   5751.34717   5.10597E-13
   5752.82080   9.41644E-13
   5754.29443   5.61610E-13
   5755.76855   2.97904E-13
   5757.24219   2.98301E-13
   5758.71631   3.01808E-13
   5760.18994   3.63962E-13
   5761.66406   2.05613E-13
   5763.13770  -3.30042E-13
   5764.61182  -3.31705E-14
   5766.08545   1.96929E-13
   5767.55957   7.55702E-14
   5769.03320   2.55494E-13
   5770.50732   1.94857E-13
   5771.98096   3.11473E-13
   5773.45459   4.24738E-13
   5774.92871   1.68177E-13
   5776.40234  -1.87541E-13
   5777.87646   9.49831E-14
   5779.35010   2.47301E-13
   5780.82422   2.36528E-13
   5782.29785   2.85675E-13
   5783.77197   5.30027E-14
   5785.24561   4.59557E-14
   5786.71973   2.12717E-13
   5788.19336   2.46620E-14
   5789.66748   2.80802E-13
   5791.14111   2.03723E-13
   5792.61475   1.64855E-13
   5794.08887   2.48541E-13
   5795.56250   2.18924E-14
   5797.03662   2.09611E-14
   5798.51025   6.02163E-14
   5799.98438   3.84176E-13
   5801.45801   3.48568E-13
   5802.93213   1.27409E-13
   5804.40576   2.63596E-13
   5805.87988   2.50217E-13
   5807.35352   8.75949E-14
   5808.82764  -1.30237E-13
   5810.30127  -3.12568E-14
   5811.77490  -1.26028E-15
   5813.24902   3.65815E-13
   5814.72266   5.47679E-13
   5816.19678   1.36134E-13
   5817.67041   7.79262E-14
   5819.14453   4.99627E-13
   5820.61816   3.94249E-13
   5822.09229   2.70835E-13
   5823.56592   8.94787E-14
   5825.04004   1.37780E-13
   5826.51367   2.65109E-13
   5827.98779   1.33033E-13
   5829.46143   1.97330E-13
   5830.93506   3.01033E-13
   5832.40918   6.24513E-14
   5833.88281   4.86928E-14
   5835.35693   2.90319E-13
   5836.83057   4.35581E-13
   5838.30469   5.53516E-13
   5839.77832   4.22793E-13
   5841.25244  -1.19757E-13
   5842.72607   5.73663E-14
   5844.20020   1.89366E-13
   5845.67383   2.55063E-13
   5847.14795   4.83629E-14
   5848.62158   1.74859E-13
   5850.09521   2.92944E-13
   5851.56934  -6.43003E-15
   5853.04297   1.43104E-13
   5854.51709   3.25778E-13
   5855.99072   1.45768E-13
   5857.46484   9.36476E-14
   5858.93848   2.76019E-13
   5860.41260  -2.16123E-13
   5861.88623   1.50054E-13
   5863.36035   1.22617E-13
   5864.83398   3.46968E-13
   5866.30811  -4.71422E-14
   5867.78174  -1.03832E-13
   5869.25537   2.34821E-13
   5870.72949   2.91714E-13
   5872.20312   5.88470E-13
   5873.67725   1.30351E-12
   5875.15088   1.80687E-12
   5876.62500   1.34587E-12
   5878.09863   1.25398E-12
   5879.57275   6.70658E-13
   5881.04639   2.99477E-14
   5882.52051   6.00284E-14
   5883.99414   9.45284E-14
   5885.46826   1.46067E-13
   5886.94189   1.54830E-13
   5888.41553   3.61236E-14
   5889.88965  -1.47875E-13
   5891.36328   1.08199E-13
   5892.83740   2.72886E-13
   5894.31104  -1.53847E-13
   5895.78516  -8.76936E-14
   5897.25879   1.83017E-13
   5898.73291  -5.82564E-14
   5900.20654   1.44636E-13
   5901.68066   7.72891E-14
   5903.15430   1.39196E-13
   5904.62842   2.84174E-13
   5906.10205   6.04867E-14
   5907.57568   6.78071E-14
   5909.04980  -3.82548E-14
   5910.52344   1.99981E-13
   5911.99756   2.53328E-13
   5913.47119   2.39076E-13
   5914.94531   2.16876E-13
   5916.41895   1.83954E-13
   5917.89307   3.03890E-13
   5919.36670   3.27203E-13
   5920.84082   3.10375E-13
   5922.31445   1.05238E-13
   5923.78857   3.58025E-13
   5925.26221   4.96695E-14
   5926.73584   9.09802E-14
   5928.20996   1.54100E-13
   5929.68359   1.98074E-13
   5931.15771   2.64986E-13
   5932.63135   4.61630E-14
   5934.10547   1.54704E-13
   5935.57910   3.46043E-13
   5937.05322   3.08165E-13
   5938.52686   2.04510E-13
   5940.00098   3.79506E-13
   5941.47461   4.15204E-14
   5942.94873   1.69189E-13
   5944.42236  -4.86256E-14
   5945.89600  -1.16996E-13
   5947.37012   1.86084E-13
   5948.84375   1.02372E-13
   5950.31787   8.14085E-14
   5951.79150   8.21429E-14
   5953.26562   2.84682E-13
   5954.73926   2.03427E-13
   5956.21338   1.66375E-13
   5957.68701  -8.62786E-15
   5959.16113   1.23996E-13
   5960.63477   4.50586E-13
   5962.10889   2.48746E-13
   5963.58252   2.58012E-13
   5965.05615   2.86489E-13
   5966.53027   4.24083E-13
   5968.00391   1.11775E-13
   5969.47803   5.08503E-14
   5970.95166   2.65988E-13
   5972.42578   1.71710E-13
   5973.89941   3.02419E-13
   5975.37354   7.39695E-14
   5976.84717   1.92683E-13
   5978.32129   1.74139E-14
   5979.79492  -1.10407E-13
   5981.26904   4.82325E-13
   5982.74268   3.23826E-13
   5984.21631   8.34611E-14
   5985.69043   8.71714E-14
   5987.16406   4.93418E-14
   5988.63818   3.93292E-13
   5990.11182   3.47570E-13
   5991.58594   8.99220E-15
   5993.05957  -1.61239E-13
   5994.53369   1.38896E-13
   5996.00732   4.37752E-13
   5997.48145  -6.31769E-15
   5998.95508   1.45264E-13
   6000.42920   7.29810E-14
   6001.90283  -4.62712E-14
   6003.37646   1.98721E-13
   6004.85059   2.63095E-13
   6006.32422   3.96795E-13
   6007.79834  -1.56871E-14
   6009.27197   1.03074E-13
   6010.74609   3.33266E-13
   6012.21973  -6.81177E-14
   6013.69385   3.36741E-14
   6015.16748   1.92055E-13
   6016.64160   8.28153E-15
   6018.11523   4.44798E-14
   6019.58936  -1.12257E-13
   6021.06299   2.97196E-13
   6022.53662   4.51787E-13
   6024.01074   1.14186E-13
   6025.48438   3.08966E-13
   6026.95850   2.10877E-13
   6028.43213   3.18544E-14
   6029.90625   1.93374E-14
   6031.37988   1.40344E-13
   6032.85400   2.74771E-13
   6034.32764   9.14764E-14
   6035.80176   4.24168E-13
   6037.27539   1.90640E-13
   6038.74951   2.05343E-13
   6040.22314   6.50331E-15
   6041.69678   1.79817E-13
   6043.17090   2.43819E-13
   6044.64453   3.38688E-13
   6046.11865   3.06958E-13
   6047.59229   1.47576E-13
   6049.06641   9.62294E-14
   6050.54004  -2.60564E-13
   6052.01416  -1.55771E-13
   6053.48779   4.49133E-13
   6054.96191   8.06605E-14
   6056.43555   1.42825E-13
   6057.90967   4.64840E-14
   6059.38330  -2.80636E-13
   6060.85742   6.62239E-14
   6062.33105   3.49433E-14
   6063.80469   2.96413E-13
   6065.27881   4.41921E-13
   6066.75244  -1.03032E-13
   6068.22656   3.78484E-13
   6069.70020   2.18480E-13
   6071.17432   2.08476E-13
   6072.64795   4.30146E-14
   6074.12207   7.55873E-16
   6075.59570  -1.44788E-13
   6077.06982   8.65549E-14
   6078.54346   1.21962E-13
   6080.01758   3.57312E-13
   6081.49121   7.26471E-13
   6082.96484   9.88199E-13
   6084.43896   2.84396E-12
   6085.91260   3.42700E-12
   6087.38672   3.31598E-12
   6088.86035   3.05163E-12
   6090.33447   1.94102E-12
   6091.80811   9.88102E-13
   6093.28223   2.19744E-13
   6094.75586   2.79180E-13
   6096.22998   3.85650E-13
   6097.70361   8.13656E-14
   6099.17773   3.85443E-13
   6100.65137  -8.74710E-14
   6102.12500   1.41688E-13
   6103.59912   1.99580E-13
   6105.07275   7.51678E-14
   6106.54688   4.27011E-13
   6108.02051   2.61913E-13
   6109.49463   2.56565E-13
   6110.96826   4.88329E-13
   6112.44238   2.97657E-13
   6113.91602   9.11579E-14
   6115.39014   2.72437E-13
   6116.86377   1.76657E-13
   6118.33789   4.35715E-13
   6119.81152  -5.68201E-14
   6121.28516   4.46665E-13
   6122.75928   3.33879E-13
   6124.23291   1.48232E-13
   6125.70703   5.29765E-13
   6127.18066   3.21921E-13
   6128.65479   1.75261E-14
   6130.12842   2.30440E-13
   6131.60254   2.49391E-13
   6133.07617   7.01060E-14
   6134.55029   5.66398E-14
   6136.02393   2.54816E-13
   6137.49805   2.10644E-13
   6138.97168   2.33973E-13
   6140.44531   1.30800E-13
   6141.91943   1.96668E-13
   6143.39307   1.80652E-13
   6144.86719   1.04017E-13
   6146.34082   4.41567E-13
   6147.81494   1.00487E-13
   6149.28857   8.74524E-14
   6150.76270   2.45085E-13
   6152.23633   3.33390E-13
   6153.71045  -4.06105E-14
   6155.18408   2.28403E-13
   6156.65820   4.24327E-13
   6158.13184   2.44115E-13
   6159.60547   9.12476E-14
   6161.07959   1.66623E-13
   6162.55322   6.42479E-14
   6164.02734   1.67650E-13
   6165.50098   8.06447E-14
   6166.97510  -3.07737E-14
   6168.44873   1.23612E-14
   6169.92285   1.68493E-13
   6171.39648   1.45180E-13
   6172.87061   1.73146E-13
   6174.34424   1.75285E-13
   6175.81836   1.81494E-13
   6177.29199  -3.70346E-14
   6178.76562   1.10705E-14
   6180.23975   8.74067E-14
   6181.71338   6.80243E-14
   6183.18750   2.36057E-13
   6184.66113   2.69097E-13
   6186.13525   1.90913E-13
   6187.60889   2.70903E-13
   6189.08301   1.53584E-13
   6190.55664  -8.51587E-14
   6192.03076   8.37325E-16
   6193.50439   1.59807E-13
   6194.97852   3.59505E-13
   6196.45215   2.95678E-13
   6197.92578   2.90143E-13
   6199.39990   1.93981E-13
   6200.87354   3.31880E-13
   6202.34766   2.50539E-13
   6203.82129   2.01643E-13
   6205.29541   4.88060E-13
   6206.76904   4.16933E-13
   6208.24316   5.63144E-13
   6209.71680  -2.98065E-14
   6211.19092   1.66495E-13
   6212.66455   3.08999E-13
   6214.13867   2.02646E-13
   6215.61230   2.75675E-13
   6217.08594   1.02293E-13
   6218.56006   2.40138E-13
   6220.03369   2.42498E-13
   6221.50781   1.61176E-13
   6222.98145   1.28586E-13
   6224.45557   2.39568E-13
   6225.92920   7.94471E-14
   6227.40332   1.53260E-13
   6228.87695   1.16439E-13
   6230.35107   4.73196E-14
   6231.82471   7.37461E-14
   6233.29883   1.88342E-13
   6234.77246   3.82169E-13
   6236.24609   2.35663E-13
   6237.72021   1.83005E-13
   6239.19385  -8.34963E-14
   6240.66797  -8.83398E-14
   6242.14160   1.04825E-13
   6243.61572   2.13268E-13
   6245.08936   2.68769E-13
   6246.56348   6.46029E-13
   6248.03711   5.38748E-13
   6249.51123   1.27390E-14
   6250.98486   1.13969E-13
   6252.45898   2.38572E-13
   6253.93262   4.50353E-13
   6255.40625   2.47781E-13
   6256.88037   4.00251E-13
   6258.35400   1.16427E-13
   6259.82812   1.71551E-13
   6261.30176   1.11806E-13
   6262.77588   4.68552E-13
   6264.24951   1.91890E-13
   6265.72363  -7.12168E-14
   6267.19727   8.80680E-14
   6268.67139   4.21048E-13
   6270.14502   1.40882E-13
   6271.61914   3.76322E-13
   6273.09277   2.50998E-13
   6274.56641  -1.71246E-14
   6276.04053   2.55889E-13
   6277.51416   1.70171E-13
   6278.98828   3.51356E-13
   6280.46191   2.52737E-13
   6281.93604   2.70381E-13
   6283.40967   1.49793E-13
   6284.88379   7.58711E-14
   6286.35742   3.05719E-13
   6287.83154   2.90272E-13
   6289.30518   1.01125E-13
   6290.77930  -6.22519E-14
   6292.25293   1.18909E-15
   6293.72656   1.14863E-13
   6295.20068   2.85827E-13
   6296.67432   9.12112E-14
   6298.14844   5.98435E-13
   6299.62207   4.90146E-13
   6301.09619   4.77396E-13
   6302.56982   1.75788E-13
   6304.04395   1.06901E-13
   6305.51758   1.55359E-13
   6306.99170   1.88308E-13
   6308.46533   1.86214E-13
   6309.93945   7.62120E-13
   6311.41309   2.49517E-13
   6312.88672   1.41453E-13
   6314.36084   3.59694E-13
   6315.83447  -3.36236E-14
   6317.30859   3.15188E-13
   6318.78223   2.33198E-13
   6320.25635   4.20256E-13
   6321.72998   3.17319E-13
   6323.20410   2.23381E-13
   6324.67773   2.17634E-13
   6326.15186   4.81275E-14
   6327.62549   4.95514E-13
   6329.09961   2.47509E-13
   6330.57324   1.01017E-13
   6332.04688  -1.79339E-14
   6333.52100  -1.51284E-13
   6334.99463   2.49482E-13
   6336.46875   4.13420E-13
   6337.94238   2.44277E-13
   6339.41650   3.99794E-13
   6340.89014   3.03525E-13
   6342.36426   3.02219E-13
   6343.83789   5.10243E-13
   6345.31201   5.69247E-13
   6346.78564   1.48972E-13
   6348.25977   1.63351E-13
   6349.73340   1.00885E-13
   6351.20703   4.69834E-14
   6352.68115   1.90227E-13
   6354.15479   9.24107E-14
   6355.62891   3.72297E-13
   6357.10254   3.82431E-13
   6358.57666   3.19137E-13
   6360.05029   2.55256E-13
   6361.52441   2.24786E-13
   6362.99805   4.34079E-13
   6364.47217   3.05963E-13
   6365.94580  -1.56936E-14
   6367.41992   1.36922E-13
   6368.89355   1.90649E-13
   6370.36719  -1.16974E-14
   6371.84131   1.35224E-13
   6373.31494   4.01932E-13
   6374.78906   1.31200E-13
   6376.26270   7.09025E-15
   6377.73682   8.40318E-14
   6379.21045   3.68311E-13
   6380.68457   3.35227E-13
   6382.15820   1.32760E-13
   6383.63232   4.25133E-13
   6385.10596   2.92361E-13
   6386.58008   1.20697E-13
   6388.05371   4.01679E-14
   6389.52734   1.22104E-13
   6391.00146   1.83899E-13
   6392.47510  -1.53967E-13
   6393.94922  -1.26026E-13
   6395.42285   2.22535E-13
   6396.89697   1.29464E-13
   6398.37061   2.50931E-13
   6399.84473   2.32051E-14
   6401.31836   4.17205E-13
   6402.79248   3.67985E-13
   6404.26611  -2.01890E-14
   6405.74023   3.96470E-13
   6407.21387   2.86301E-13
   6408.68750   1.22000E-13
   6410.16162   2.60071E-13
   6411.63525   8.04519E-14
   6413.10938  -2.89524E-14
   6414.58301   1.13143E-13
   6416.05713   3.75876E-13
   6417.53076   4.02792E-13
   6419.00488   1.28819E-13
   6420.47852   7.34682E-14
   6421.95264   3.54044E-13
   6423.42627  -1.41226E-13
   6424.90039   3.52177E-14
   6426.37402   3.40519E-13
   6427.84766   2.04408E-13
   6429.32178   2.59259E-13
   6430.79541   3.17918E-13
   6432.26953   3.44111E-13
   6433.74316   3.06466E-13
   6435.21729   4.35207E-13
   6436.69092   4.20202E-13
   6438.16504   6.61500E-13
   6439.63867   3.32829E-13
   6441.11279   1.66705E-13
   6442.58643   2.19207E-13
   6444.06055   2.50304E-13
   6445.53418   2.95703E-13
   6447.00781   4.62403E-13
   6448.48193   2.68269E-13
   6449.95557   3.22337E-13
   6451.42969   2.65036E-13
   6452.90332   5.68044E-14
   6454.37744   3.98432E-13
   6455.85107   3.47729E-13
   6457.32520   5.09314E-13
   6458.79883   3.76743E-13
   6460.27295   3.71202E-13
   6461.74658   1.80079E-13
   6463.22070   3.33386E-13
   6464.69434   3.73114E-13
   6466.16797   4.90649E-13
   6467.64209   6.70367E-14
   6469.11572   1.94822E-14
   6470.58984   3.42334E-13
   6472.06348   5.46825E-13
   6473.53760   2.66247E-13
   6475.01123   2.46210E-13
   6476.48535   1.96326E-13
   6477.95898   6.64290E-13
   6479.43311   5.11688E-13
   6480.90674   4.03028E-14
   6482.38086   2.27907E-13
   6483.85449   4.08054E-13
   6485.32812   1.89579E-13
   6486.80225   4.59495E-13
   6488.27588   5.93902E-13
   6489.75000   2.76103E-13
   6491.22363   2.90424E-13
   6492.69775   1.95974E-13
   6494.17139   2.84237E-13
   6495.64551   5.21695E-13
   6497.11914   1.94143E-13
   6498.59326   1.71159E-13
   6500.06689   3.35217E-13
   6501.54102   2.28908E-13
   6503.01465   2.37338E-13
   6504.48828   4.43973E-14
   6505.96240   8.22403E-14
   6507.43604   1.99949E-13
   6508.91016   1.88954E-13
   6510.38379   2.69843E-13
   6511.85791   6.22568E-14
   6513.33154   1.55930E-14
   6514.80566   4.48771E-13
   6516.27930   4.00690E-13
   6517.75342   4.06662E-13
   6519.22705   3.38105E-13
   6520.70117   5.53506E-13
   6522.17480   5.35895E-13
   6523.64844   2.02221E-13
   6525.12256   4.22796E-13
   6526.59619   1.68514E-13
   6528.07031   6.73679E-13
   6529.54395   3.12875E-13
   6531.01807   6.28353E-13
   6532.49170   5.46675E-13
   6533.96582   4.64937E-13
   6535.43945   4.80060E-13
   6536.91357   7.16993E-13
   6538.38721   5.68069E-13
   6539.86133   6.97920E-13
   6541.33496   5.78945E-13
   6542.80859   7.35450E-13
   6544.28271   9.90565E-13
   6545.75635   1.48954E-12
   6547.23047   9.93727E-13
   6548.70410   1.60765E-12
   6550.17822   1.35655E-12
   6551.65186   1.65658E-12
   6553.12598   1.87990E-12
   6554.59961   2.96874E-12
   6556.07373   4.53269E-12
   6557.54736   8.88040E-12
   6559.02148   1.93541E-11
   6560.49512   3.06785E-11
   6561.96875   3.55082E-11
   6563.44287   3.39869E-11
   6564.91650   2.59309E-11
   6566.39062   1.63149E-11
   6567.86426   9.55438E-12
   6569.33838   6.29688E-12
   6570.81201   4.03856E-12
   6572.28613   2.89646E-12
   6573.75977   1.85824E-12
   6575.23389   1.77263E-12
   6576.70752   1.67756E-12
   6578.18164   1.06284E-12
   6579.65527   1.56267E-12
   6581.12891   1.70183E-12
   6582.60303   1.87764E-12
   6584.07666   1.25709E-12
   6585.55078   5.81394E-13
   6587.02441   9.43326E-13
   6588.49854   6.60787E-13
   6589.97217   4.45289E-13
   6591.44629   5.15095E-13
   6592.91992   2.86755E-13
   6594.39404   3.67603E-13
   6595.86768   4.66619E-13
   6597.34180   4.29570E-13
   6598.81543   2.51941E-13
   6600.28906   3.81740E-13
   6601.76318   3.28417E-13
   6603.23682   2.74897E-13
   6604.71094   4.18899E-14
   6606.18457   3.18602E-13
   6607.65869   5.22089E-13
   6609.13232   2.06081E-13
   6610.60645   4.84949E-13
   6612.08008   2.98181E-13
   6613.55420   1.17714E-13
   6615.02783   2.32364E-13
   6616.50195   2.12212E-13
   6617.97559   3.07234E-13
   6619.44922   2.89815E-13
   6620.92334   2.37453E-13
   6622.39697   2.67153E-13
   6623.87109   5.68772E-13
   6625.34473   5.05873E-13
   6626.81885   4.01762E-13
   6628.29248   1.98011E-13
   6629.76660   1.54572E-13
   6631.24023   3.93686E-13
   6632.71436   4.10730E-13
   6634.18799   3.72878E-13
   6635.66211   2.66476E-13
   6637.13574   1.88580E-13
   6638.60938  -6.25618E-14
   6640.08350   3.07488E-14
   6641.55713  -4.42893E-15
   6643.03125   9.65882E-14
   6644.50488   1.74743E-13
   6645.97900   3.97343E-13
   6647.45264   3.69692E-13
   6648.92676   4.08476E-13
   6650.40039   4.69056E-13
   6651.87451   9.58986E-14
   6653.34814   2.30494E-13
   6654.82227   1.34221E-13
   6656.29590   2.90743E-13
   6657.76953   2.70973E-13
   6659.24365  -1.94187E-14
   6660.71729  -5.04704E-14
   6662.19141   3.50954E-13
   6663.66504   3.04174E-13
   6665.13916   5.52197E-13
   6666.61279   2.26393E-13
   6668.08691   2.04741E-13
   6669.56055   5.04618E-13
   6671.03467  -3.93114E-14
   6672.50830   4.07843E-13
   6673.98242   2.65159E-13
   6675.45605   6.42543E-13
   6676.92969   1.15449E-12
   6678.40381   9.85961E-13
   6679.87744   4.62167E-13
   6681.35156   1.24418E-13
   6682.82520   3.62057E-13
   6684.29932   3.41739E-13
   6685.77295   4.79198E-13
   6687.24707   3.31563E-13
   6688.72070   5.57339E-14
   6690.19482   5.11569E-13
   6691.66846   2.63125E-13
   6693.14258   4.66175E-13
   6694.61621   4.12310E-13
   6696.08984   3.87803E-13
   6697.56396   3.55274E-13
   6699.03760   3.27218E-13
   6700.51172   1.54413E-13
   6701.98535   3.19349E-13
   6703.45947   3.37522E-13
   6704.93311  -4.30607E-14
   6706.40723   2.66204E-13
   6707.88086   1.15779E-13
   6709.35498   3.84341E-13
   6710.82861   9.44430E-14
   6712.30273   6.97760E-13
   6713.77637  -8.74673E-14
   6715.25000   6.22508E-13
   6716.72412  -3.29000E-14
   6718.19775   3.12994E-13
   6719.67188   2.38235E-13
   6721.14551   3.24814E-13
   6722.61963   3.68553E-13
   6724.09326   1.27286E-13
   6725.56738   4.58214E-14
   6727.04102   1.58474E-14
   6728.51514   8.10198E-14
   6729.98877   5.80910E-14
   6731.46289   2.33514E-13
   6732.93652   4.18584E-13
   6734.41016   2.87266E-13
   6735.88428   1.38703E-14
   6737.35791   3.59784E-13
   6738.83203   3.57479E-13
   6740.30566   4.67911E-13
   6741.77979   6.54834E-13
   6743.25342   3.73525E-13
   6744.72754   7.64032E-14
   6746.20117   5.42935E-14
   6747.67529   2.90244E-13
   6749.14893   3.61701E-13
   6750.62305   2.11440E-13
   6752.09668   1.66042E-15
   6753.57031   1.31133E-13
   6755.04443   4.64877E-13
   6756.51807   1.73907E-13
   6757.99219   1.91502E-13
   6759.46582   3.44952E-13
   6760.93994   2.22277E-13
   6762.41357   3.60973E-13
   6763.88770   1.73449E-13
   6765.36133   3.81997E-13
   6766.83545   5.29899E-13
   6768.30908   4.63737E-13
   6769.78320  -3.21413E-14
   6771.25684   1.96063E-13
   6772.73047  -2.87666E-13
   6774.20459  -6.42914E-14
   6775.67822   3.75160E-13
   6777.15234   4.54316E-13
   6778.62598   1.17960E-13
   6780.10010   3.33737E-13
   6781.57373   4.26026E-13
   6783.04785   4.07524E-13
   6784.52148   1.78419E-13
   6785.99561   4.94238E-14
   6787.46924   2.46488E-13
   6788.94336   2.83688E-13
   6790.41699   3.47875E-13
   6791.89062   2.87386E-13
   6793.36475   2.93707E-13
   6794.83838   4.03112E-13
   6796.31250   1.84048E-13
   6797.78613   3.02423E-13
   6799.26025   2.24779E-13
   6800.73389   1.62642E-13
   6802.20801   2.97845E-13
   6803.68164   2.77586E-13
   6805.15576   4.94511E-13
   6806.62939   6.06239E-13
   6808.10352   1.26281E-13
   6809.57715   1.31713E-13
   6811.05078  -1.19543E-13
   6812.52490   3.56027E-13
   6813.99854   8.29873E-13
   6815.47266   2.47538E-13
   6816.94629   2.33789E-13
   6818.42041   6.47715E-13
   6819.89404   6.70853E-13
   6821.36816   1.12886E-12
   6822.84180   9.69318E-13
   6824.31592   6.73734E-13
   6825.78955   7.90208E-13
   6827.26367   9.23303E-13
   6828.73730   1.18502E-12
   6830.21094   9.54125E-13
   6831.68506   8.17475E-13
   6833.15869   8.58038E-13
   6834.63281   8.82593E-13
   6836.10645   7.81101E-13
   6837.58057   6.51076E-13
   6839.05420   8.40804E-13
   6840.52832   3.18597E-13
   6842.00195   2.14499E-13
   6843.47607   8.57092E-13
   6844.94971   6.65773E-13
   6846.42383   3.15553E-13
   6847.89746   4.41628E-13
   6849.37109   5.74674E-13
   6850.84521   4.23476E-13
   6852.31885   2.92775E-13
   6853.79297   4.67540E-13
   6855.26660   1.76029E-13
   6856.74072   5.64650E-14
   6858.21436   1.00333E-13
   6859.68848   1.60545E-13
   6861.16211   2.01024E-13
   6862.63623   3.27027E-13
   6864.10986   2.53331E-13
   6865.58398   1.25732E-13
   6867.05762   2.43301E-13
   6868.53125   4.13486E-13
   6870.00537   1.78503E-13
   6871.47900  -3.45314E-14
   6872.95312   4.77634E-14
   6874.42676   7.88277E-14
   6875.90088   2.28989E-13
   6877.37451   1.43454E-13
   6878.84863   2.95436E-13
   6880.32227   3.41002E-13
   6881.79639   6.44079E-13
   6883.27002  -1.02666E-13
   6884.74414   3.16330E-14
   6886.21777   5.08210E-13
   6887.69141   6.67552E-13
   6889.16553   3.45316E-13
   6890.63916   4.57446E-13
   6892.11328   5.08618E-13
   6893.58691   3.18475E-13
   6895.06104   2.67428E-13
   6896.53467   5.26342E-13
   6898.00879   2.75859E-13
   6899.48242   2.53687E-13
   6900.95654   5.36015E-13
   6902.43018   2.48368E-13
   6903.90430   3.88792E-14
   6905.37793   1.66014E-13
   6906.85156   2.45397E-13
   6908.32568  -8.16532E-14
   6909.79932   2.49889E-13
   6911.27344   2.53349E-13
   6912.74707   2.71821E-14
   6914.22119   2.70766E-13
   6915.69482   1.21852E-13
   6917.16895   1.44757E-13
   6918.64258   1.60823E-13
   6920.11670   1.90235E-13
   6921.59033   9.41245E-14
   6923.06445   4.84886E-13
   6924.53809   5.18695E-13
   6926.01221   6.14451E-13
   6927.48584   4.46965E-13
   6928.95947   2.47938E-13
   6930.43359   2.29867E-13
   6931.90723   6.25088E-13
   6933.38135   2.92619E-14
   6934.85498  -6.68299E-14
   6936.32910   4.37891E-13
   6937.80273   2.97915E-13
   6939.27686   5.51681E-13
   6940.75049   7.52550E-14
   6942.22461   4.95183E-13
   6943.69824   8.13828E-13
   6945.17236   2.76797E-13
   6946.64600   5.69897E-13
   6948.11963   6.27719E-13
   6949.59375   4.33711E-13
   6951.06738   6.93495E-13
   6952.54150   4.49541E-13
   6954.01514   4.78861E-13
   6955.48926   4.69908E-13
   6956.96289   5.85472E-13
   6958.43701   1.50155E-13
   6959.91064   1.93822E-13
   6961.38477   2.89162E-13
   6962.85840   4.29731E-13
   6964.33252   4.79730E-13
   6965.80615   1.94922E-13
   6967.27979   3.87229E-13
   6968.75391   6.94998E-13
   6970.22754   4.33575E-13
   6971.70166   3.62578E-13
   6973.17529   2.49479E-13
   6974.64941   2.12438E-13
   6976.12305   4.10052E-13
   6977.59717   9.26029E-14
   6979.07080   4.94923E-13
   6980.54492   3.38907E-13
   6982.01855   2.84572E-13
   6983.49268   3.19361E-13
   6984.96631   1.29449E-13
   6986.43994   4.09955E-13
   6987.91406   1.50468E-13
   6989.38770   2.01092E-13
   6990.86182   3.71067E-13
   6992.33545   2.82427E-13
   6993.80957   3.91475E-13
   6995.28320   6.04974E-13
   6996.75732  -6.51884E-14
   6998.23096   5.22249E-13
   6999.70508   6.39271E-13
   7001.17871   5.50001E-13
   7002.65283   8.00691E-13
   7004.12646   2.07532E-13
   7005.60010   4.71331E-13
   7007.07422   2.59703E-13
   7008.54785   7.72033E-13
   7010.02197   5.16323E-13
   7011.49561   2.89397E-13
   7012.96973   1.03893E-13
   7014.44336   2.57840E-13
   7015.91748   5.02973E-13
   7017.39111   8.89707E-14
   7018.86523   4.44209E-13
   7020.33887   2.95709E-13
   7021.81299   2.43129E-13
   7023.28662   2.22451E-13
   7024.76025   3.04094E-13
   7026.23438   5.40330E-13
   7027.70801   3.21475E-13
   7029.18213   3.42584E-13
   7030.65576   7.26500E-13
   7032.12988   4.90835E-13
   7033.60352   4.05073E-13
   7035.07764   2.16180E-13
   7036.55127   3.80437E-13
   7038.02539   7.43098E-13
   7039.49902   5.51392E-13
   7040.97314   4.41351E-13
   7042.44678   2.66594E-13
   7043.92041   6.45192E-13
   7045.39453   2.48494E-13
   7046.86816   4.08529E-13
   7048.34229   2.06728E-13
   7049.81592   3.07664E-13
   7051.29004   5.89132E-13
   7052.76367   1.00309E-13
   7054.23779   4.67352E-13
   7055.71143   4.89200E-13
   7057.18555   2.36009E-13
   7058.65918   3.13713E-13
   7060.13330   3.07896E-13
   7061.60693   6.00057E-13
   7063.08057   1.21933E-12
   7064.55469   2.32638E-12
   7066.02832   2.02930E-12
   7067.50244   1.51799E-12
   7068.97607   1.29707E-12
   7070.45020   5.16569E-13
   7071.92383   1.87486E-13
   7073.39795   3.29658E-13
   7074.87158   4.32594E-13
   7076.34570   5.00059E-13
   7077.81934   2.39999E-13
   7079.29346   2.00570E-13
   7080.76709   5.56043E-14
   7082.24072   1.92992E-13
   7083.71484   3.42285E-14
   7085.18848   3.09837E-13
   7086.66260   5.79872E-13
   7088.13623   5.17606E-13
   7089.61035   3.19474E-13
   7091.08398   2.63186E-13
   7092.55811   4.56088E-13
   7094.03174   5.92772E-13
   7095.50586   6.02194E-13
   7096.97949   3.39962E-13
   7098.45361   2.36550E-13
   7099.92725   3.58499E-13
   7101.40088   4.77630E-13
   7102.87500   3.74135E-13
   7104.34863   3.42401E-13
   7105.82275   3.30561E-13
   7107.29639   4.53225E-13
   7108.77051   1.67922E-13
   7110.24414   2.93517E-13
   7111.71826   2.95114E-13
   7113.19189   3.92199E-13
   7114.66602   3.18321E-13
   7116.13965   5.05835E-13
   7117.61377   5.24926E-13
   7119.08740   4.96476E-13
   7120.56104   3.51681E-13
   7122.03516   3.58918E-13
   7123.50879   5.06622E-13
   7124.98291   3.15271E-13
   7126.45654   2.21733E-13
   7127.93066   3.41497E-13
   7129.40430   4.78972E-13
   7130.87842   2.71055E-13
   7132.35205   7.33041E-13
   7133.82617   7.27973E-13
   7135.29980   5.01571E-13
   7136.77393   5.28324E-13
   7138.24756   4.73067E-13
   7139.72119   6.53727E-13
   7141.19531   6.89788E-13
   7142.66895   4.91953E-13
   7144.14307  -9.14991E-14
   7145.61670   8.80976E-14
   7147.09082   4.37469E-13
   7148.56445   4.41748E-13
   7150.03857   3.32394E-13
   7151.51221   2.21536E-13
   7152.98633   3.80075E-13
   7154.45996   6.24973E-13
   7155.93408   4.30303E-13
   7157.40771   2.22366E-13
   7158.88135   9.67389E-13
   7160.35547   5.10733E-13
   7161.82910   2.42408E-13
   7163.30322   4.80626E-13
   7164.77686   2.00453E-13
   7166.25098   3.26700E-14
   7167.72461   1.47303E-13
   7169.19873   3.01060E-13
   7170.67236   4.85539E-13
   7172.14648   3.76692E-13
   7173.62012   2.36374E-13
   7175.09424   7.23187E-13
   7176.56787   7.41730E-13
   7178.04150   2.96515E-13
   7179.51562   4.91211E-14
   7180.98926   5.94287E-14
   7182.46338   4.57331E-13
   7183.93701   4.59146E-13
   7185.41113   2.84209E-13
   7186.88477   2.61499E-13
   7188.35889   1.99434E-13
   7189.83252   4.90840E-13
   7191.30664   3.44590E-13
   7192.78027   4.48647E-13
   7194.25439   7.46455E-14
   7195.72803  -3.85139E-14
   7197.20166   1.97168E-13
   7198.67578   3.24172E-13
   7200.14941  -2.11281E-15
   7201.62354  -1.57499E-13
   7203.09717   1.52957E-13
   7204.57129   2.95349E-13
   7206.04492   3.58038E-13
   7207.51904   4.86092E-13
   7208.99268   2.76502E-13
   7210.46680   1.47484E-13
   7211.94043   2.90744E-14
   7213.41455   1.76230E-13
   7214.88818  -1.26608E-15
   7216.36182   2.57723E-13
   7217.83594   4.99776E-13
   7219.30957   3.88867E-13
   7220.78369   1.49261E-13
   7222.25732   4.86139E-13
   7223.73145   6.14365E-13
   7225.20508   3.70873E-13
   7226.67920   5.49054E-13
   7228.15283   7.36125E-13
   7229.62695   3.69911E-13
   7231.10059   5.04206E-13
   7232.57471   6.71145E-13
   7234.04834   2.27397E-13
   7235.52197   1.09114E-13
   7236.99609   6.68787E-13
   7238.46973   4.87559E-13
   7239.94385   4.20514E-13
   7241.41748  -2.45848E-14
   7242.89160   5.29441E-13
   7244.36523   2.98382E-13
   7245.83936   2.49826E-13
   7247.31299   2.06996E-13
   7248.78711   2.27597E-13
   7250.26074   1.59845E-13
   7251.73486   1.09231E-14
   7253.20850   3.98926E-13
   7254.68213   2.94572E-13
   7256.15625   4.19559E-13
   7257.62988   1.27994E-13
   7259.10400   1.66812E-13
   7260.57764   4.20958E-13
   7262.05176   3.90174E-13
   7263.52539  -1.36703E-13
   7264.99951   3.34818E-13
   7266.47314   5.89059E-14
   7267.94727   5.58822E-13
   7269.42090   6.97282E-13
   7270.89502   2.76197E-13
   7272.36865   7.47189E-13
   7273.84229   2.64237E-13
   7275.31641   7.27835E-13
   7276.79004   4.71113E-13
   7278.26416   8.65412E-13
   7279.73779   6.34851E-13
   7281.21191   2.67571E-13
   7282.68555   5.28949E-13
   7284.15967   7.84045E-13
   7285.63330   3.00676E-13
   7287.10742   6.45823E-13
   7288.58105   7.18411E-13
   7290.05518   5.70386E-13
   7291.52881   7.30585E-13
   7293.00244   5.26145E-13
   7294.47656   4.60051E-13
   7295.95020   5.50757E-13
   7297.42432   6.88907E-13
   7298.89795   5.16961E-13
   7300.37207   7.51788E-14
   7301.84570   5.29990E-13
   7303.31982   1.73151E-13
   7304.79346   6.36304E-13
   7306.26758   7.18520E-13
   7307.74121   5.69772E-13
   7309.21533   7.66273E-14
   7310.68896   6.83078E-13
   7312.16260   8.22782E-13
   7313.63672   2.55499E-13
   7315.11035   2.98965E-13
   7316.58447   9.85669E-13
   7318.05811   3.32286E-13
   7319.53223   3.56283E-13
   7321.00586   8.92312E-13
   7322.47998   1.14921E-12
   7323.95361   7.10143E-13
   7325.42773   4.53511E-13
   7326.90137   3.64262E-13
   7328.37549   8.88440E-13
   7329.84912   4.17099E-13
   7331.32275   9.21466E-13
   7332.79688  -5.37669E-14
   7334.27051   1.07632E-13
   7335.74463   1.90600E-13
   7337.21826   4.23903E-13
   7338.69238   7.04908E-13
   7340.16602   2.40006E-13
   7341.64014   4.71288E-13
   7343.11377   7.34599E-13
   7344.58789   6.10397E-13
   7346.06152   4.10180E-13
   7347.53564   6.08736E-13
   7349.00928   8.27063E-13
   7350.48291   4.01897E-13
   7351.95703   7.37350E-13
   7353.43066  -1.67911E-13
   7354.90479   2.38259E-14
   7356.37842   5.86986E-13
   7357.85254   8.14140E-13
   7359.32617   9.65531E-13
   7360.80029   3.26931E-13
   7362.27393   8.64670E-13
   7363.74805   7.77433E-13
   7365.22168   4.46784E-13
   7366.69580   1.04986E-12
   7368.16943   8.51774E-13
   7369.64307   9.88970E-13
   7371.11719   6.53694E-13
   7372.59082   8.29818E-13
   7374.06494   1.12493E-13
   7375.53857   7.55873E-13
   7377.01270   6.81732E-13
   7378.48633   2.02907E-13
   7379.96045   6.90828E-13
   7381.43408   5.59843E-13
   7382.90820   1.12217E-12
   7384.38184   5.49695E-13
   7385.85596   8.73546E-13
   7387.32959   3.21440E-13
   7388.80322   4.35357E-13
   7390.27734   1.09936E-12
   7391.75098   7.31602E-13
   7393.22510   7.76822E-13
   7394.69873   9.13886E-13
   7396.17285   8.60989E-13
   7397.64648   1.15551E-12
   7399.12061   1.03875E-12
   7400.59424   7.95799E-14
   7402.06836   8.34356E-13
   7403.54199   7.15747E-13
   7405.01611   2.21340E-13
   7406.48975   6.40789E-13
   7407.96338   7.82222E-13
   7409.43750   1.26437E-12
   7410.91113   7.55840E-13
   7412.38525   6.18796E-13
   7413.85889   2.42967E-13
   7415.33301   8.39730E-13
