#  puvul.275  455185.54417   10.0
#     wave       flux
   3465.39282  -2.02116E-13
   3466.86670   4.70480E-13
   3468.34058   8.29861E-13
   3469.81445   1.96860E-12
   3471.28833  -8.28510E-13
   3472.76221   4.27729E-12
   3474.23608   2.35668E-12
   3475.70972  -8.80397E-13
   3477.18359   1.43907E-12
   3478.65747  -9.82745E-13
   3480.13135   6.42337E-14
   3481.60522  -1.50584E-13
   3483.07910   2.95464E-13
   3484.55298   1.31712E-12
   3486.02686   6.61018E-13
   3487.50073   9.41577E-13
   3488.97461   1.99820E-13
   3490.44849   1.18011E-12
   3491.92236   2.67006E-13
   3493.39624   8.11494E-13
   3494.86987   5.45951E-13
   3496.34375   1.43176E-13
   3497.81763   5.36671E-13
   3499.29150  -3.74511E-13
   3500.76538   8.21070E-13
   3502.23926  -6.57688E-13
   3503.71313   8.73884E-13
   3505.18701   1.11785E-12
   3506.66089   1.93396E-13
   3508.13477  -1.86924E-13
   3509.60864  -1.11947E-13
   3511.08252   1.17882E-12
   3512.55640   9.92601E-13
   3514.03003   1.34412E-12
   3515.50391   2.03327E-13
   3516.97778   9.25379E-14
   3518.45166   1.08537E-12
   3519.92554   4.67694E-13
   3521.39941   3.96144E-13
   3522.87329   1.38711E-12
   3524.34717  -4.94400E-13
   3525.82104  -8.78806E-13
   3527.29492   2.86075E-13
   3528.76880  -2.42452E-13
   3530.24268  -7.25533E-13
   3531.71655   2.10458E-12
   3533.19019   1.01723E-12
   3534.66406   9.08388E-13
   3536.13794   4.09163E-14
   3537.61182  -4.03810E-13
   3539.08569   2.21677E-12
   3540.55957   8.81617E-13
   3542.03345   1.17654E-12
   3543.50732  -4.05517E-13
   3544.98120  -4.42999E-13
   3546.45508  -5.07841E-14
   3547.92896  -2.17826E-13
   3549.40283  -4.58068E-14
   3550.87671   1.86617E-12
   3552.35034  -1.01751E-13
   3553.82422  -4.46722E-13
   3555.29810   8.90295E-13
   3556.77197   1.06956E-12
   3558.24585   8.28841E-14
   3559.71973   5.59185E-13
   3561.19360   1.62558E-12
   3562.66748  -1.30751E-13
   3564.14136   3.95442E-13
   3565.61523  -2.56128E-13
   3567.08911   1.40002E-12
   3568.56299   9.62240E-13
   3570.03687   9.74289E-13
   3571.51050   8.00062E-13
   3572.98438  -2.86596E-13
   3574.45825   3.81945E-13
   3575.93213  -8.45986E-15
   3577.40601  -8.32723E-15
   3578.87988  -3.36557E-13
   3580.35376   7.52243E-13
   3581.82764   1.10034E-12
   3583.30151   2.06229E-12
   3584.77539   1.79793E-12
   3586.24927   1.47070E-12
   3587.72314   1.56288E-12
   3589.19702   2.03876E-12
   3590.67065   2.86803E-13
   3592.14453   1.53321E-12
   3593.61841   7.97949E-13
   3595.09229  -3.95533E-13
   3596.56616   4.31780E-13
   3598.04004  -3.40060E-14
   3599.51392  -3.46843E-14
   3600.98779  -6.77058E-14
   3602.46167   8.63234E-13
   3603.93555   3.59425E-13
   3605.40942   6.46446E-13
   3606.88330   3.36862E-13
   3608.35718   8.79937E-13
   3609.83081   4.53264E-13
   3611.30469   3.61152E-13
   3612.77856   7.28211E-13
   3614.25244   1.15280E-12
   3615.72632   8.93481E-13
   3617.20020  -4.20561E-13
   3618.67407   7.34879E-13
   3620.14795   6.43524E-13
   3621.62183   9.64273E-14
   3623.09570   1.58166E-12
   3624.56958   5.90268E-13
   3626.04346   1.15545E-13
   3627.51733   5.94105E-13
   3628.99097   7.67370E-13
   3630.46484   6.28318E-13
   3631.93872   1.06261E-12
   3633.41260   1.28542E-14
   3634.88647   2.36149E-13
   3636.36035  -1.64101E-13
   3637.83423   1.93154E-13
   3639.30811   3.20694E-13
   3640.78198  -1.50622E-13
   3642.25586  -4.56248E-14
   3643.72974   9.32603E-14
   3645.20361   2.27906E-13
   3646.67749   8.67882E-13
   3648.15112   3.86764E-13
   3649.62500   3.58289E-13
   3651.09888   1.95756E-13
   3652.57275   2.24663E-13
   3654.04663   5.18113E-13
   3655.52051   4.62957E-13
   3656.99438  -3.22576E-13
   3658.46826   8.43396E-13
   3659.94214   8.66356E-13
   3661.41602   4.85290E-13
   3662.88989   2.16125E-13
   3664.36377   6.23151E-13
   3665.83765   9.47385E-13
   3667.31128   5.69309E-13
   3668.78516   7.87377E-14
   3670.25903   2.59556E-13
   3671.73291   1.23926E-14
   3673.20679   4.12055E-13
   3674.68066  -4.43532E-14
   3676.15454  -5.81122E-13
   3677.62842  -1.04494E-13
   3679.10229   7.24979E-14
   3680.57617   1.09742E-12
   3682.05005   6.06128E-13
   3683.52393  -4.56159E-14
   3684.99780   9.15896E-14
   3686.47168   7.32297E-14
   3687.94531   4.42588E-13
   3689.41919  -1.01467E-14
   3690.89307   7.08927E-13
   3692.36694   2.83755E-13
   3693.84082   2.15020E-13
   3695.31470  -1.70170E-13
   3696.78857   5.81819E-13
   3698.26245   2.23810E-13
   3699.73633  -4.93319E-13
   3701.21021  -1.83811E-14
   3702.68408   8.13957E-14
   3704.15796   6.21617E-13
   3705.63184   2.28826E-13
   3707.10547   2.12388E-13
   3708.57935   4.46077E-13
   3710.05322   5.11381E-13
   3711.52710   9.22445E-13
   3713.00098  -4.76323E-14
   3714.47485   2.47817E-13
   3715.94873   7.22678E-13
   3717.42261   5.97986E-15
   3718.89648  -1.95577E-13
   3720.37036   6.25656E-13
   3721.84424   6.86068E-13
   3723.31812   2.45153E-13
   3724.79199   7.15694E-13
   3726.26562   7.64189E-13
   3727.73950   8.03930E-13
   3729.21338  -2.81077E-13
   3730.68726   1.49905E-13
   3732.16113   7.65662E-14
   3733.63501   3.69377E-13
   3735.10889   4.97015E-13
   3736.58276   4.51252E-13
   3738.05664  -8.26262E-14
   3739.53052   3.65135E-13
   3741.00439   6.04594E-13
   3742.47827   2.59299E-14
   3743.95215   5.80158E-13
   3745.42578   7.63421E-14
   3746.89966   1.50645E-13
   3748.37354   9.65051E-13
   3749.84741   6.56293E-13
   3751.32129   3.95720E-13
   3752.79517   1.03778E-13
   3754.26904   3.95529E-13
   3755.74292   1.69033E-12
   3757.21680   3.04469E-12
   3758.69067   3.33246E-12
   3760.16455   2.11903E-12
   3761.63843   1.50619E-12
   3763.11230   6.64308E-13
   3764.58594   6.70789E-13
   3766.05981   3.68295E-13
   3767.53369   6.71651E-13
   3769.00757   4.34833E-13
   3770.48145   2.85928E-14
   3771.95532   4.27437E-13
   3773.42920  -2.88670E-14
   3774.90308   1.00800E-14
   3776.37695   6.42812E-13
   3777.85083   5.18778E-13
   3779.32471   2.98051E-13
   3780.79858   4.56236E-13
   3782.27246   9.72194E-14
   3783.74609   3.62853E-13
   3785.21997   1.53853E-13
   3786.69385   9.64367E-14
   3788.16772   1.13794E-13
   3789.64160   1.46445E-13
   3791.11548   4.36018E-13
   3792.58936   1.96975E-13
   3794.06323   2.46307E-13
   3795.53711   6.59222E-13
   3797.01099   7.01227E-13
   3798.48486   2.70996E-13
   3799.95874   1.67719E-13
   3801.43262   2.48789E-13
   3802.90625  -2.43113E-13
   3804.38013   3.65500E-13
   3805.85400   5.80639E-13
   3807.32788   6.05428E-14
   3808.80176   6.28316E-13
   3810.27563  -6.42775E-14
   3811.74951   7.33174E-14
   3813.22339   3.71346E-13
   3814.69727   1.31364E-13
   3816.17114   5.73068E-13
   3817.64502   3.92779E-13
   3819.11890   6.22216E-13
   3820.59277   4.23129E-13
   3822.06641   4.08006E-13
   3823.54028   2.00918E-13
   3825.01416  -1.26478E-13
   3826.48804   1.44287E-13
   3827.96191   3.33794E-13
   3829.43579   2.40029E-13
   3830.90967   9.54022E-14
   3832.38354   7.50920E-13
   3833.85742   7.20927E-13
   3835.33130   5.23147E-13
   3836.80518   7.30126E-13
   3838.27905   7.80949E-13
   3839.75293   5.11392E-13
   3841.22656   2.59789E-13
   3842.70044   2.81890E-13
   3844.17432   4.09215E-13
   3845.64819   3.47230E-13
   3847.12207   1.76821E-13
   3848.59595   1.65453E-13
   3850.06982   3.58116E-13
   3851.54370   2.03946E-13
   3853.01758   6.88926E-14
   3854.49146   2.10342E-13
   3855.96533   2.14761E-13
   3857.43921   1.70220E-13
   3858.91309   3.75401E-14
   3860.38672   2.09818E-13
   3861.86060   3.73091E-13
   3863.33447   6.55983E-13
   3864.80835   1.78607E-12
   3866.28223   2.98616E-12
   3867.75610   3.08306E-12
   3869.22998   3.28933E-12
   3870.70386   2.05065E-12
   3872.17773   6.31697E-13
   3873.65161   3.97269E-13
   3875.12549   3.26635E-13
   3876.59937   2.52632E-13
   3878.07324   2.17642E-16
   3879.54688   7.02793E-14
   3881.02075   5.05636E-14
   3882.49463   5.53168E-13
   3883.96851   4.68199E-13
   3885.44238   3.00003E-13
   3886.91626   1.00427E-12
   3888.39014   1.31519E-12
   3889.86401   9.59292E-13
   3891.33789   1.09863E-12
   3892.81177   5.19290E-13
   3894.28564   7.64413E-13
   3895.75952   3.48472E-13
   3897.23340  -3.29433E-14
   3898.70703   7.87989E-13
   3900.18091   7.29856E-14
   3901.65479   1.99843E-16
   3903.12866   2.43481E-13
   3904.60254   2.87904E-13
   3906.07642   7.60095E-13
   3907.55029   1.01936E-13
   3909.02417  -1.53387E-14
   3910.49805   2.86431E-13
   3911.97192   4.80267E-13
   3913.44580   7.32899E-14
   3914.91968   2.00010E-14
   3916.39355   7.90356E-14
   3917.86719   4.31606E-13
   3919.34106   1.68566E-13
   3920.81494   4.64474E-13
   3922.28882   2.69880E-13
   3923.76270   3.42320E-13
   3925.23657   7.14193E-13
   3926.71045   9.52797E-14
   3928.18433   3.68861E-13
   3929.65820   6.22774E-13
   3931.13208  -1.51812E-13
   3932.60596   2.10363E-13
   3934.07983   3.40557E-13
   3935.55371   1.49561E-13
   3937.02734   2.45886E-13
   3938.50122   5.98193E-13
   3939.97510   1.97684E-13
   3941.44897   8.91492E-14
   3942.92285   3.64223E-13
   3944.39673   5.28994E-13
   3945.87061   2.17321E-13
   3947.34448   4.17242E-13
   3948.81836   3.53278E-13
   3950.29224   4.50027E-13
   3951.76611   3.15310E-13
   3953.23999   5.71581E-14
   3954.71387   2.76129E-13
   3956.18750   2.93271E-13
   3957.66138   6.94897E-14
   3959.13525   8.94692E-14
   3960.60913   3.05641E-13
   3962.08301   4.09206E-13
   3963.55688   8.89432E-13
   3965.03076   1.31031E-12
   3966.50464   1.85779E-12
   3967.97852   1.98616E-12
   3969.45239   1.52289E-12
   3970.92627   1.01385E-12
   3972.40015   3.58905E-13
   3973.87402   3.27207E-13
   3975.34766   1.19111E-13
   3976.82153   8.94857E-14
   3978.29541   2.14316E-13
   3979.76929   3.82674E-13
   3981.24316   2.73706E-13
   3982.71704   2.17044E-13
   3984.19092   2.78687E-13
   3985.66479   1.55747E-13
   3987.13867   8.59359E-14
   3988.61255   1.41127E-13
   3990.08643   7.45509E-14
   3991.56030   5.58186E-14
   3993.03418   7.33969E-14
   3994.50781  -1.12596E-14
   3995.98169  -2.20598E-13
   3997.45557   1.12354E-13
   3998.92944   7.86800E-14
   4000.40332   9.10360E-14
   4001.87720   4.04129E-13
   4003.35107   2.26686E-13
   4004.82495  -7.39258E-14
   4006.29883   2.31405E-13
   4007.77271   1.15638E-13
   4009.24658   1.83082E-13
   4010.72046   6.50010E-14
   4012.19434   9.67828E-14
   4013.66797   3.95331E-13
   4015.14185   1.84309E-13
   4016.61572   1.81131E-13
   4018.08960  -2.65296E-13
   4019.56348   1.68335E-13
   4021.03735   3.54801E-13
   4022.51123   3.10938E-13
   4023.98511   3.63054E-13
   4025.45898   4.01285E-13
   4026.93286   1.45775E-14
   4028.40674   2.09533E-13
   4029.88062  -9.32051E-14
   4031.35449   3.12041E-13
   4032.82812   2.85756E-13
   4034.30200   3.70394E-13
   4035.77588   1.65145E-13
   4037.24976   2.01680E-13
   4038.72363   2.57525E-14
   4040.19751   9.76176E-14
   4041.67139   1.78810E-13
   4043.14526   2.43999E-13
   4044.61914   1.17868E-13
   4046.09302   3.88584E-13
   4047.56689   1.32355E-13
   4049.04077   2.52330E-13
   4050.51465   1.09559E-13
   4051.98828   1.35931E-13
   4053.46216   1.41329E-13
   4054.93604   1.22834E-13
   4056.40991   2.53282E-13
   4057.88379   1.73297E-13
   4059.35767   1.28078E-13
   4060.83154   1.95623E-13
   4062.30542  -5.26591E-14
   4063.77930   9.93024E-14
   4065.25317   2.33719E-13
   4066.72705   1.96033E-13
   4068.20093   5.63381E-13
   4069.67480   3.35239E-13
   4071.14844   3.62567E-13
   4072.62231   2.96105E-13
   4074.09619   1.04880E-13
   4075.57007   4.01480E-13
   4077.04395   8.89902E-14
   4078.51782   1.55849E-13
   4079.99170   3.96096E-13
   4081.46558   2.18755E-13
   4082.93945   1.68814E-13
   4084.41333   1.37786E-13
   4085.88721  -2.19941E-14
   4087.36108   3.87634E-14
   4088.83496   1.69074E-13
   4090.30859   1.03931E-13
   4091.78247   1.18711E-13
   4093.25635   3.46125E-13
   4094.73022   4.45426E-13
   4096.20410   3.69449E-13
   4097.67822   5.67464E-13
   4099.15186   1.18274E-12
   4100.62549   1.68618E-12
   4102.09961   1.48272E-12
   4103.57324   9.71253E-13
   4105.04736   3.45403E-13
   4106.52100   1.29438E-13
   4107.99512   1.23971E-13
   4109.46875   4.36470E-14
   4110.94287   3.82514E-14
   4112.41650   1.52313E-13
   4113.89062   2.79924E-13
   4115.36426   8.74037E-14
   4116.83838   1.11045E-13
   4118.31201   3.25711E-13
   4119.78564   2.61293E-13
   4121.25977   2.27229E-13
   4122.73340   8.00217E-14
   4124.20752   1.14352E-13
   4125.68115   3.09924E-13
   4127.15527   9.70555E-14
   4128.62891   7.00491E-14
   4130.10303   8.52358E-14
   4131.57666   1.49731E-14
   4133.05078   3.18399E-13
   4134.52441   3.02617E-13
   4135.99854   9.91789E-14
   4137.47217   2.73057E-13
   4138.94580   8.02003E-14
   4140.41992   2.73662E-13
   4141.89355   2.00391E-13
   4143.36768   6.71686E-14
   4144.84131   3.12473E-14
   4146.31543   1.06566E-13
   4147.78906   8.44934E-14
   4149.26318   3.16923E-13
   4150.73682   2.52929E-13
   4152.21094   9.54168E-16
   4153.68457  -5.13277E-14
   4155.15869   2.21240E-13
   4156.63232   1.43153E-13
   4158.10596  -4.31715E-14
   4159.58008   1.43497E-13
   4161.05371   4.35328E-14
   4162.52783   4.21364E-13
   4164.00146   2.36015E-13
   4165.47559  -1.72764E-16
   4166.94922   1.21463E-13
   4168.42334   1.20871E-13
   4169.89697   1.81036E-13
   4171.37109  -5.70435E-14
   4172.84473   1.80364E-13
   4174.31885   5.28615E-14
   4175.79248   2.87150E-13
   4177.26611   1.33438E-14
   4178.74023   3.03757E-13
   4180.21387   2.16265E-13
   4181.68799   1.70105E-13
   4183.16162   1.10087E-13
   4184.63574   2.40050E-13
   4186.10938   2.99907E-13
   4187.58350   1.83780E-13
   4189.05713   3.44059E-13
   4190.53125   1.03445E-13
   4192.00488   1.26580E-13
   4193.47900   9.70316E-14
   4194.95264   1.79817E-13
   4196.42627   2.35558E-13
   4197.90039   2.49308E-13
   4199.37402   1.86196E-13
   4200.84814   2.52381E-13
   4202.32178   2.71064E-13
   4203.79590   2.40380E-13
   4205.26953   1.10917E-13
   4206.74365   8.07727E-14
   4208.21729   2.73870E-13
   4209.69141   7.77424E-14
   4211.16504   4.97166E-14
   4212.63916   1.97292E-13
   4214.11279   3.57509E-13
   4215.58643   1.67792E-13
   4217.06055   1.62175E-13
   4218.53418   2.52603E-13
   4220.00830   1.66920E-13
   4221.48193   4.19457E-14
   4222.95605  -3.56623E-14
   4224.42969   1.43688E-13
   4225.90381   8.63102E-14
   4227.37744  -7.93121E-14
   4228.85156   4.12892E-14
   4230.32520   1.02578E-13
   4231.79932   9.77683E-14
   4233.27295   1.06688E-13
   4234.74658   2.58446E-13
   4236.22070   2.42498E-13
   4237.69434   1.66905E-13
   4239.16846   6.47273E-14
   4240.64209   2.13060E-13
   4242.11621   2.40108E-13
   4243.58984   3.16624E-13
   4245.06396   2.08007E-13
   4246.53760   2.15353E-13
   4248.01172   2.33044E-13
   4249.48535   3.65041E-13
   4250.95947   2.66946E-13
   4252.43311   7.39160E-14
   4253.90674   2.86413E-14
   4255.38086   1.19852E-13
   4256.85449   1.79092E-13
   4258.32861   1.51721E-13
   4259.80225   3.95183E-15
   4261.27637   1.86391E-13
   4262.75000   2.12687E-13
   4264.22412   1.89741E-13
   4265.69775   1.40472E-13
   4267.17188   2.29523E-13
   4268.64551   2.19753E-13
   4270.11963   1.12074E-13
   4271.59326   1.83113E-13
   4273.06689   2.03587E-13
   4274.54102   2.66807E-13
   4276.01465   2.22893E-13
   4277.48877   2.02197E-13
   4278.96240   1.82591E-13
   4280.43652   1.26449E-13
   4281.91016   1.93321E-13
   4283.38428   1.68038E-13
   4284.85791   1.34073E-13
   4286.33203   2.04967E-13
   4287.80566   2.71936E-13
   4289.27979   1.83049E-13
   4290.75342   1.94227E-13
   4292.22705   2.44110E-13
   4293.70117   2.25011E-13
   4295.17480   1.79598E-13
   4296.64893   1.57970E-13
   4298.12256   2.10729E-13
   4299.59668   1.84055E-13
   4301.07031   5.14295E-14
   4302.54443   1.52513E-13
   4304.01807  -4.00480E-14
   4305.49219   1.93150E-14
   4306.96582   1.26597E-13
   4308.43994   2.39867E-13
   4309.91357   1.59053E-13
   4311.38721   6.89592E-14
   4312.86133   1.78439E-13
   4314.33496   1.64678E-13
   4315.80908   8.73917E-14
   4317.28271   1.78733E-13
   4318.75684   2.66429E-13
   4320.23047   9.37826E-14
   4321.70459   1.35043E-13
   4323.17822   1.30681E-13
   4324.65234   1.46768E-13
   4326.12598   1.51735E-13
   4327.60010   1.53009E-13
   4329.07373   9.77317E-14
   4330.54785   2.17468E-13
   4332.02148   2.87053E-13
   4333.49512   1.61581E-13
   4334.96924   3.99259E-13
   4336.44287   9.52000E-13
   4337.91699   1.99810E-12
   4339.39062   2.46037E-12
   4340.86475   2.11608E-12
   4342.33838   1.62996E-12
   4343.81250   9.71618E-13
   4345.28613   2.79053E-13
   4346.76025   1.68681E-13
   4348.23389   2.81581E-13
   4349.70801   2.09692E-13
   4351.18164   8.36397E-14
   4352.65527   1.47125E-13
   4354.12939   2.34890E-13
   4355.60303   2.17173E-13
   4357.07715   2.72895E-13
   4358.55078   5.35982E-13
   4360.02490   8.68724E-13
   4361.49854   1.61796E-12
   4362.97266   1.41129E-12
   4364.44629   1.14341E-12
   4365.92041   6.41350E-13
   4367.39404   3.06234E-13
   4368.86816   2.93772E-13
   4370.34180   2.15672E-13
   4371.81543   8.60596E-14
   4373.28955   1.48271E-14
   4374.76318   1.21210E-13
   4376.23730   1.23022E-13
   4377.71094   1.17600E-13
   4379.18506   2.73945E-13
   4380.65869   1.53397E-13
   4382.13281   8.21119E-14
   4383.60645   1.85919E-13
   4385.08057   1.53571E-13
   4386.55420   1.63350E-13
   4388.02832   2.10326E-13
   4389.50195   1.82463E-13
   4390.97559   2.16374E-13
   4392.44971   1.25994E-13
   4393.92334   1.69006E-14
   4395.39746   1.55493E-13
   4396.87109   1.00381E-13
   4398.34521   6.65396E-14
   4399.81885   1.33435E-13
   4401.29297   1.95502E-13
   4402.76660   7.52903E-14
   4404.24072   8.21048E-14
   4405.71436   1.41470E-13
   4407.18848   1.04372E-13
   4408.66211   9.95775E-14
   4410.13574   1.77449E-13
   4411.60986   2.40299E-13
   4413.08350   1.16129E-13
   4414.55762   1.64209E-13
   4416.03125   2.48429E-13
   4417.50537   3.38116E-13
   4418.97900   9.90212E-14
   4420.45312   1.71984E-13
   4421.92676   5.41606E-14
   4423.40088   5.46037E-14
   4424.87451   1.70268E-13
   4426.34863   3.09860E-14
   4427.82227   1.16101E-13
   4429.29590  -3.29426E-15
   4430.77002   7.39688E-14
   4432.24365   1.07854E-13
   4433.71777   2.11447E-13
   4435.19141   5.83370E-14
   4436.66553   1.51129E-13
   4438.13916   1.29059E-13
   4439.61328   1.25689E-13
   4441.08691   1.64458E-13
   4442.56104   3.61076E-15
   4444.03467   7.70316E-14
   4445.50879   1.66443E-13
   4446.98242   4.63334E-14
   4448.45605   2.04659E-13
   4449.93018   1.42932E-13
   4451.40381   1.17101E-13
   4452.87793   1.88251E-13
   4454.35156   1.13516E-13
   4455.82568   3.65085E-14
   4457.29932   1.71644E-13
   4458.77344   8.26649E-14
   4460.24707   1.02351E-13
   4461.72119   1.71378E-13
   4463.19482   1.03686E-13
   4464.66895   1.90338E-13
   4466.14258   6.84020E-14
   4467.61621   2.25251E-13
   4469.09033   3.28852E-13
   4470.56396   3.53827E-13
   4472.03809   2.38370E-13
   4473.51172   3.21512E-13
   4474.98584   2.60742E-13
   4476.45947   1.50030E-13
   4477.93359   1.31451E-13
   4479.40723   1.80779E-14
   4480.88135   1.08615E-13
   4482.35498   2.24977E-13
   4483.82910   1.74351E-13
   4485.30273   1.63699E-13
   4486.77637   7.43956E-14
   4488.25049   2.29454E-13
   4489.72412   3.39605E-13
   4491.19824   1.40102E-13
   4492.67188   1.14362E-13
   4494.14600   1.05665E-13
   4495.61963   1.83904E-13
   4497.09375   1.01203E-13
   4498.56738   1.33139E-13
   4500.04150   1.11837E-13
   4501.51514   1.50126E-13
   4502.98926   1.09561E-13
   4504.46289   6.79874E-14
   4505.93652   1.78659E-13
   4507.41064   1.63096E-13
   4508.88428   1.40607E-13
   4510.35840   1.68845E-13
   4511.83203   1.35574E-13
   4513.30615   1.39477E-13
   4514.77979   2.04054E-13
   4516.25391   2.06326E-13
   4517.72754   1.82695E-13
   4519.20166   2.10713E-13
   4520.67529   1.36170E-13
   4522.14941   1.81181E-13
   4523.62305   2.84867E-13
   4525.09668   1.85870E-13
   4526.57080   1.18071E-13
   4528.04443  -1.66184E-14
   4529.51855   4.52231E-14
   4530.99219   1.29844E-13
   4532.46631   8.16391E-14
   4533.93994   1.08281E-13
   4535.41406   1.99751E-13
   4536.88770   1.63629E-13
   4538.36182   2.23077E-13
   4539.83545   2.65026E-13
   4541.30957   2.98629E-13
   4542.78320   3.47731E-13
   4544.25684   3.54834E-13
   4545.73096   2.48908E-13
   4547.20459   1.22361E-13
   4548.67871   1.24933E-13
   4550.15234   1.25388E-13
   4551.62646   1.42875E-13
   4553.10010   1.13622E-13
   4554.57422   1.28708E-13
   4556.04785   1.16363E-13
   4557.52197   1.50604E-13
   4558.99561   1.97549E-13
   4560.46973   1.82816E-13
   4561.94336   1.66174E-13
   4563.41699   1.04382E-13
   4564.89111   5.03019E-14
   4566.36475   9.17115E-14
   4567.83887   9.90191E-14
   4569.31250   1.68280E-13
   4570.78662   1.47016E-13
   4572.26025   7.77212E-14
   4573.73438   1.59357E-13
   4575.20801   1.16178E-13
   4576.68213   1.00025E-13
   4578.15576   1.98385E-13
   4579.62988   2.48457E-13
   4581.10352   1.79935E-13
   4582.57715   2.03410E-13
   4584.05127   1.44009E-13
   4585.52490   1.17703E-13
   4586.99902   1.72925E-13
   4588.47266   1.64582E-13
   4589.94678   1.15243E-13
   4591.42041   1.01535E-13
   4592.89453   1.23509E-13
   4594.36816   9.01112E-14
   4595.84229   8.23923E-14
   4597.31592   8.75265E-14
   4598.79004   1.28102E-13
   4600.26367   4.97019E-14
   4601.73730   1.76071E-13
   4603.21143   1.42831E-13
   4604.68506   1.62249E-13
   4606.15918   1.68957E-13
   4607.63281   2.78747E-14
   4609.10693   6.65846E-14
   4610.58057   1.34442E-13
   4612.05469   1.85310E-13
   4613.52832   1.17383E-13
   4615.00244   1.72154E-13
   4616.47607   1.41280E-13
   4617.95020   4.20440E-14
   4619.42383   1.29698E-13
   4620.89746   1.53956E-13
   4622.37158   9.64350E-14
   4623.84521   1.59841E-13
   4625.31934   1.96996E-13
   4626.79297   2.04232E-13
   4628.26709   2.31913E-13
   4629.74072   2.43369E-13
   4631.21484   2.95207E-13
   4632.68848   2.54604E-13
   4634.16260   1.67637E-13
   4635.63623   2.22606E-13
   4637.11035   2.21985E-13
   4638.58398   3.23172E-13
   4640.05762   3.75284E-13
   4641.53174   2.88935E-13
   4643.00537   2.96069E-13
   4644.47949   1.47247E-13
   4645.95312   1.71480E-13
   4647.42725   2.25472E-13
   4648.90088   1.75960E-13
   4650.37500   1.15127E-13
   4651.84863   2.92757E-13
   4653.32275   1.10123E-13
   4654.79639   2.25320E-13
   4656.27051   1.71767E-13
   4657.74414   2.32643E-13
   4659.21777   1.38941E-13
   4660.69189   2.16047E-13
   4662.16553   1.27265E-13
   4663.63965   1.81016E-13
   4665.11328   2.33319E-13
   4666.58740   2.48932E-13
   4668.06104   2.18304E-13
   4669.53516   2.12066E-13
   4671.00879   1.01511E-13
   4672.48291   1.67167E-13
   4673.95654   2.16192E-13
   4675.43066   1.34132E-13
   4676.90430   2.38710E-13
   4678.37793   2.20977E-13
   4679.85205   3.93864E-13
   4681.32568   1.08089E-12
   4682.79980   3.38478E-12
   4684.27344   5.52767E-12
   4685.74756   6.04461E-12
   4687.22119   4.76168E-12
   4688.69531   2.61886E-12
   4690.16895   1.06847E-12
   4691.64307   3.89964E-13
   4693.11670   1.64605E-13
   4694.59082   2.07703E-13
   4696.06445   2.48465E-13
   4697.53809   3.55064E-13
   4699.01221   2.99141E-13
   4700.48584   2.46707E-13
   4701.95996   1.99327E-13
   4703.43359   1.63293E-13
   4704.90771   8.42468E-14
   4706.38135   7.79231E-14
   4707.85547   1.81130E-13
   4709.32910   2.50180E-13
   4710.80322   2.12784E-13
   4712.27686   2.71041E-13
   4713.75098   3.81393E-13
   4715.22461   3.16426E-13
   4716.69824   2.32651E-13
   4718.17236   1.07119E-13
   4719.64600   1.95825E-13
   4721.12012   2.51437E-13
   4722.59375   3.09799E-13
   4724.06787   3.95926E-13
   4725.54150   3.49699E-13
   4727.01562   2.53714E-13
   4728.48926   1.95045E-13
   4729.96338   1.53036E-13
   4731.43701   9.96803E-14
   4732.91113   1.43890E-13
   4734.38477   1.59394E-13
   4735.85840   9.95446E-14
   4737.33252   1.63879E-13
   4738.80615   2.28918E-13
   4740.28027   1.41753E-13
   4741.75391   1.27989E-13
   4743.22803   1.10693E-13
   4744.70166   1.68559E-13
   4746.17578   1.51380E-13
   4747.64941   4.73044E-14
   4749.12354   8.07131E-14
   4750.59717   1.46661E-13
   4752.07129   1.44187E-13
   4753.54492   1.42715E-13
   4755.01855   1.11456E-13
   4756.49268   6.10055E-14
   4757.96631   3.06133E-14
   4759.44043   1.33129E-13
   4760.91406   2.85372E-14
   4762.38818   7.49146E-14
   4763.86182   1.54542E-13
   4765.33594   7.10535E-14
   4766.80957   1.13379E-13
   4768.28369   1.25235E-13
   4769.75732   7.10557E-14
   4771.23145   4.94468E-14
   4772.70508   6.64174E-14
   4774.17871   1.32072E-13
   4775.65283   1.53625E-13
   4777.12646   1.32872E-13
   4778.60059   7.26629E-14
   4780.07422   8.88464E-14
   4781.54834   1.21979E-13
   4783.02197   1.28922E-13
   4784.49609   5.62247E-14
   4785.96973   1.05472E-13
   4787.44385   1.11246E-13
   4788.91748   8.84314E-14
   4790.39160   1.21792E-13
   4791.86523   1.05937E-13
   4793.33887   1.53236E-13
   4794.81299   2.08504E-13
   4796.28662   7.70936E-14
   4797.76074   5.32594E-14
   4799.23438   7.22036E-14
   4800.70850   1.40597E-13
   4802.18213   1.38159E-13
   4803.65625   1.19954E-13
   4805.12988   8.32746E-14
   4806.60400   5.93435E-14
   4808.07764   1.05963E-13
   4809.55176   8.95780E-14
   4811.02539   1.30715E-13
   4812.49902   1.03674E-13
   4813.97314   1.00422E-13
   4815.44678   1.34350E-13
   4816.92090   1.27354E-13
   4818.39453   5.16868E-14
   4819.86865   1.14248E-13
   4821.34229   8.47807E-14
   4822.81641   9.14710E-14
   4824.29004   1.03658E-13
   4825.76416   1.25292E-13
   4827.23779   1.21081E-13
   4828.71191   7.91246E-14
   4830.18555   1.33459E-13
   4831.65918   1.03336E-13
   4833.13330   8.92248E-14
   4834.60693   1.12230E-13
   4836.08105   6.57486E-14
   4837.55469   1.78821E-13
   4839.02881   1.20389E-13
   4840.50244   1.54727E-13
   4841.97656   1.36818E-13
   4843.45020   1.95132E-13
   4844.92432   2.11228E-13
   4846.39795   1.29609E-13
   4847.87207   5.09024E-14
   4849.34570   8.93679E-14
   4850.81934   1.59254E-13
   4852.29346   1.59612E-13
   4853.76709   3.06814E-13
   4855.24121   4.09911E-13
   4856.71484   1.26821E-12
   4858.18896   2.90783E-12
   4859.66260   4.44966E-12
   4861.13672   4.87320E-12
   4862.61035   4.24337E-12
   4864.08447   2.65885E-12
   4865.55811   1.18770E-12
   4867.03223   5.10032E-13
   4868.50586   3.06777E-13
   4869.97949   2.36533E-13
   4871.45361   1.53609E-13
   4872.92725   1.64985E-13
   4874.40137   2.03055E-13
   4875.87500   2.40451E-13
   4877.34912   1.67230E-13
   4878.82275   1.75555E-13
   4880.29688   1.34565E-13
   4881.77051   1.74172E-13
   4883.24463   1.70218E-13
   4884.71826   7.75218E-14
   4886.19238   1.05887E-13
   4887.66602   5.00305E-14
   4889.13965   1.96127E-13
   4890.61377   2.62234E-13
   4892.08740   3.42153E-13
   4893.56152   3.38268E-13
   4895.03516   3.26852E-13
   4896.50928   2.85022E-13
   4897.98291   1.81722E-13
   4899.45703   1.77431E-13
   4900.93066   1.35569E-13
   4902.40479   7.73206E-14
   4903.87842   1.88140E-13
   4905.35254   2.09556E-13
   4906.82617   1.89572E-13
   4908.29980   1.15592E-13
   4909.77393   1.67024E-13
   4911.24756   9.98636E-14
   4912.72168   1.01849E-13
   4914.19531   1.30740E-13
   4915.66943   1.43810E-13
   4917.14307   1.50504E-13
   4918.61719   1.51770E-13
   4920.09082   1.73682E-13
   4921.56494   3.29469E-13
   4923.03857   2.61628E-13
   4924.51270   2.44149E-13
   4925.98633   1.51209E-13
   4927.45996   1.66242E-13
   4928.93408   1.83531E-13
   4930.40771   2.15619E-13
   4931.88184   1.50632E-13
   4933.35547   1.22362E-13
   4934.82959   1.13844E-13
   4936.30322   1.89104E-13
   4937.77734   3.48305E-13
   4939.25098   4.06394E-13
   4940.72510   5.91884E-13
   4942.19873   5.63515E-13
   4943.67285   5.88067E-13
   4945.14648   4.25678E-13
   4946.62012   2.98185E-13
   4948.09424   1.73473E-13
   4949.56787   1.44503E-13
   4951.04199   1.33077E-13
   4952.51562   1.91750E-13
   4953.98975   4.45528E-13
   4955.46338   8.17427E-13
   4956.93750   1.33128E-12
   4958.41113   1.35935E-12
   4959.88525   1.08357E-12
   4961.35889   6.58931E-13
   4962.83301   2.99733E-13
   4964.30664   2.56722E-13
   4965.78027   2.88260E-13
   4967.25439   2.42919E-13
   4968.72803   2.95852E-13
   4970.20215   3.08261E-13
   4971.67578   3.15025E-13
   4973.14990   2.40486E-13
   4974.62354   2.43355E-13
   4976.09766   2.17565E-13
   4977.57129   1.14530E-13
   4979.04541   1.02252E-13
   4980.51904   1.06446E-13
   4981.99316   1.26840E-13
   4983.46680   1.54420E-13
   4984.94043   1.68591E-13
   4986.41455   2.53089E-13
   4987.88818   3.62452E-13
   4989.36230   3.77239E-13
   4990.83594   3.82182E-13
   4992.31006   3.48316E-13
   4993.78369   1.10146E-13
   4995.25781   1.67235E-13
   4996.73145   1.74240E-13
   4998.20557   6.18309E-14
   4999.67920   2.42380E-13
   5001.15332   4.33551E-13
   5002.62695   1.62249E-12
   5004.10059   3.27725E-12
   5005.57471   4.40345E-12
   5007.04834   3.89903E-12
   5008.52246   2.64073E-12
   5009.99609   1.12830E-12
   5011.47021   4.14723E-13
   5012.94385   2.41123E-13
   5014.41797   1.52063E-13
   5015.89160   2.76437E-13
   5017.36572   2.90360E-13
   5018.83936   2.29346E-13
   5020.31348   2.11629E-13
   5021.78711   1.44818E-13
   5023.26074   1.26846E-13
   5024.73486   8.13841E-14
   5026.20850   1.67469E-13
   5027.68262   1.56384E-13
   5029.15625   1.61993E-13
   5030.63037   1.81657E-13
   5032.10400   1.87324E-13
   5033.57812   1.30642E-13
   5035.05176   1.05870E-13
   5036.52588   9.66606E-14
   5037.99951   2.00570E-13
   5039.47363   1.91506E-13
   5040.94727   2.07331E-13
   5042.42090   1.56629E-13
   5043.89502   1.50390E-13
   5045.36865   1.38727E-13
   5046.84277   2.30589E-13
   5048.31641   1.95906E-13
   5049.79053   1.28203E-13
   5051.26416   2.21785E-13
   5052.73828   2.26158E-13
   5054.21191   7.71550E-14
   5055.68604   1.95439E-13
   5057.15967   1.87541E-13
   5058.63379   2.22136E-13
   5060.10742   1.11082E-13
   5061.58105   1.57176E-13
   5063.05518   1.09063E-13
   5064.52881   1.69479E-13
   5066.00293   1.34463E-13
   5067.47656   1.32267E-13
   5068.95068   1.74444E-13
   5070.42432   1.75695E-13
   5071.89844   1.54439E-13
   5073.37207   1.22534E-13
   5074.84619   1.80946E-13
   5076.31982   1.43557E-13
   5077.79395   1.19100E-13
   5079.26758   6.20102E-14
   5080.74121   9.86524E-14
   5082.21533   1.64503E-13
   5083.68896   1.28542E-13
   5085.16309   1.50265E-13
   5086.63672   1.23169E-13
   5088.11084   1.24595E-13
   5089.58447   1.61302E-13
   5091.05859   1.71025E-13
   5092.53223   1.37268E-13
   5094.00635   1.18264E-13
   5095.47998   1.51451E-13
   5096.95410   1.55609E-13
   5098.42773   2.04924E-13
   5099.90137   1.99577E-13
   5101.37549   1.80647E-13
   5102.84912   1.32981E-13
   5104.32324   1.38291E-13
   5105.79688   9.24167E-14
   5107.27100   1.68090E-13
   5108.74463   1.46567E-13
   5110.21875   1.52746E-13
   5111.69238   2.00909E-13
   5113.16650   1.50714E-13
   5114.64014   1.50099E-13
   5116.11426   1.68925E-13
   5117.58789   1.70002E-13
   5119.06152   1.52365E-13
   5120.53564   1.09759E-13
   5122.00928   1.20072E-13
   5123.48340   1.62903E-13
   5124.95703   1.98610E-13
   5126.43115   1.22622E-13
   5127.90479   1.13966E-13
   5129.37891   1.76589E-13
   5130.85254   1.47870E-13
   5132.32666   1.79638E-13
   5133.80029   2.06613E-13
   5135.27441   2.09663E-13
   5136.74805   2.22390E-13
   5138.22168   1.50699E-13
   5139.69580   2.16599E-13
   5141.16943   1.44511E-13
   5142.64355   1.83849E-13
   5144.11719   3.14655E-13
   5145.59131   3.77959E-13
   5147.06494   3.94607E-13
   5148.53906   2.63992E-13
   5150.01270   2.30788E-13
   5151.48682   1.94872E-13
   5152.96045   1.53011E-13
   5154.43457   2.45180E-13
   5155.90820   3.87706E-13
   5157.38184   5.27848E-13
   5158.85596   7.22566E-13
   5160.32959   5.75328E-13
   5161.80371   4.61148E-13
   5163.27734   3.90464E-13
   5164.75146   1.85451E-13
   5166.22510   2.13648E-13
   5167.69922   1.94731E-13
   5169.17285   1.20442E-13
   5170.64697   2.10606E-13
   5172.12061   2.70896E-13
   5173.59473   3.40047E-13
   5175.06836   4.57875E-13
   5176.54199   5.10194E-13
   5178.01611   4.53239E-13
   5179.48975   2.90133E-13
   5180.96387   2.24454E-13
   5182.43750   1.73136E-13
   5183.91162   1.31438E-13
   5185.38525   9.91731E-14
   5186.85938   1.47045E-13
   5188.33301   1.25791E-13
   5189.80713   1.09733E-13
   5191.28076   2.01888E-13
   5192.75488   1.48744E-13
   5194.22852   1.69831E-13
   5195.70264   2.16495E-13
   5197.17627   1.64395E-13
   5198.64990   2.42487E-13
   5200.12402   1.76628E-13
   5201.59766   1.17280E-13
   5203.07178   1.49986E-13
   5204.54541   1.61504E-13
   5206.01953   9.02070E-14
   5207.49316   9.82034E-14
   5208.96729   2.25177E-13
   5210.44092   1.81072E-13
   5211.91504   1.38239E-13
   5213.38867   1.62598E-13
   5214.86279   1.45367E-13
   5216.33643   1.92170E-13
   5217.81006   1.55214E-13
   5219.28418   1.29409E-13
   5220.75781   1.75004E-13
   5222.23193   1.05773E-13
   5223.70557   9.85014E-14
   5225.17969   1.48279E-13
   5226.65332   1.30483E-13
   5228.12744   2.03729E-13
   5229.60107   2.33042E-13
   5231.07520   1.38466E-13
   5232.54883   2.29147E-13
   5234.02295   2.68887E-13
   5235.49658   2.28110E-13
   5236.97021   2.34305E-13
   5238.44434   1.68492E-13
   5239.91797   1.79946E-13
   5241.39209   1.36909E-13
   5242.86572   1.38637E-13
   5244.33984   1.76971E-13
   5245.81348   1.61549E-13
   5247.28760   1.41663E-13
   5248.76123   1.31449E-13
   5250.23535   1.53583E-13
   5251.70898   1.17124E-13
   5253.18311   1.59652E-13
   5254.65674   1.90460E-13
   5256.13037   1.45262E-13
   5257.60449   1.97818E-13
   5259.07812   2.07033E-13
   5260.55225   2.40331E-13
   5262.02588   2.87270E-13
   5263.50000   2.74015E-13
   5264.97363   1.75565E-13
   5266.44775   2.12897E-13
   5267.92139   2.36483E-13
   5269.39551   2.66703E-13
   5270.86914   2.69045E-13
   5272.34326   2.62514E-13
   5273.81689   4.60879E-13
   5275.29053   5.31170E-13
   5276.76465   5.23541E-13
   5278.23828   4.26591E-13
   5279.71240   3.16170E-13
   5281.18604   2.16056E-13
   5282.66016   2.03931E-13
   5284.13379   1.83493E-13
   5285.60791   1.71864E-13
   5287.08154   1.50376E-13
   5288.55566   1.90297E-13
   5290.02930   1.33535E-13
   5291.50342   1.04897E-13
   5292.97705   1.07362E-13
   5294.45068   1.84923E-13
   5295.92480   1.31961E-13
   5297.39844   1.37883E-13
   5298.87256   1.63828E-13
   5300.34619   1.28803E-13
   5301.82031   1.45939E-13
   5303.29395   1.83784E-13
   5304.76807   1.61593E-13
   5306.24170   3.38782E-13
   5307.71582   5.35544E-13
   5309.18945   5.73711E-13
   5310.66357   5.27841E-13
   5312.13721   3.84193E-13
   5313.61084   2.56407E-13
   5315.08496   2.82311E-13
   5316.55859   2.54123E-13
   5318.03271   1.83170E-13
   5319.50635   2.23306E-13
   5320.98047   1.47157E-13
   5322.45410   1.15552E-13
   5323.92822   2.03153E-13
   5325.40186   1.57368E-13
   5326.87598   1.30899E-13
   5328.34961   1.39976E-13
   5329.82373   1.69121E-13
   5331.29736   2.36021E-13
   5332.77100   2.38855E-13
   5334.24512   3.21192E-13
   5335.71875   2.54687E-13
   5337.19287   2.25558E-13
   5338.66650   1.98675E-13
   5340.14062   1.64663E-13
   5341.61426   1.78946E-13
   5343.08838   1.36685E-13
   5344.56201   1.67915E-13
   5346.03613   1.49181E-13
   5347.50977   1.17616E-13
   5348.98389   1.67470E-13
   5350.45752   1.56876E-13
   5351.93115   1.68904E-13
   5353.40527   1.54730E-13
   5354.87891   1.29435E-13
   5356.35303   1.92622E-13
   5357.82666   1.86265E-13
   5359.30078   1.99479E-13
   5360.77441   2.09598E-13
   5362.24854   2.11121E-13
   5363.72217   1.60724E-13
   5365.19629   1.91174E-13
   5366.66992   1.63749E-13
   5368.14404   1.53968E-13
   5369.61768   1.84315E-13
   5371.09131   1.55734E-13
   5372.56543   1.76274E-13
   5374.03906   2.19744E-13
   5375.51318   2.03247E-13
   5376.98682   1.46875E-13
   5378.46094   1.48438E-13
   5379.93457   1.47885E-13
   5381.40869   1.01325E-13
   5382.88232   1.98684E-13
   5384.35645   1.50943E-13
   5385.83008   1.06827E-13
   5387.30420   1.90038E-13
   5388.77783   1.74854E-13
   5390.25146   1.61000E-13
   5391.72559   1.46893E-13
   5393.19922   1.69795E-13
   5394.67334   1.40063E-13
   5396.14697   2.08415E-13
   5397.62109   1.68278E-13
   5399.09473   1.46605E-13
   5400.56885   1.64417E-13
   5402.04248   1.68447E-13
   5403.51660   2.25433E-13
   5404.99023   1.81557E-13
   5406.46436   1.71359E-13
   5407.93799   3.91724E-13
   5409.41162   6.50176E-13
   5410.88574   8.54720E-13
   5412.35938   9.58737E-13
   5413.83350   6.81260E-13
   5415.30713   3.39831E-13
   5416.78125   2.34423E-13
   5418.25488   2.29581E-13
   5419.72900   1.79449E-13
   5421.20264   1.59038E-13
   5422.67676   2.18870E-13
   5424.15039   2.97863E-13
   5425.62451   2.80749E-13
   5427.09814   2.58751E-13
   5428.57178   1.99299E-13
   5430.04590   1.94956E-13
   5431.51953   1.73221E-13
   5432.99365   1.34383E-13
   5434.46729   2.19888E-13
   5435.94141   1.75202E-13
   5437.41504   2.23555E-13
   5438.88916   1.56045E-13
   5440.36279   1.59454E-13
   5441.83691   1.55465E-13
   5443.31055   1.55523E-13
   5444.78467   1.78084E-13
   5446.25830   1.23816E-13
   5447.73193   1.45854E-13
   5449.20605   1.73059E-13
   5450.67969   1.73812E-13
   5452.15381   1.11863E-13
   5453.62744   1.45765E-13
   5455.10156   1.45546E-13
   5456.57520   1.98913E-13
   5458.04932   2.13883E-13
   5459.52295   1.93768E-13
   5460.99707   2.08687E-13
   5462.47070   1.78411E-13
   5463.94482   1.48596E-13
   5465.41846   1.60126E-13
   5466.89209   1.59693E-13
   5468.36621   1.39462E-13
   5469.83984   1.89428E-13
   5471.31396   1.69446E-13
   5472.78760   9.32699E-14
   5474.26172   1.72414E-13
   5475.73535   1.65611E-13
   5477.20947   1.39127E-13
   5478.68311   1.14422E-13
   5480.15723   1.27946E-13
   5481.63086   1.82723E-13
   5483.10498   1.55535E-13
   5484.57861   1.53976E-13
   5486.05225   1.62581E-13
   5487.52637   1.79559E-13
   5489.00000   2.05665E-13
   5490.47412   1.59335E-13
   5491.94775   1.87663E-13
   5493.42188   2.33774E-13
   5494.89551   1.89557E-13
   5496.36963   2.10749E-13
   5497.84326   2.04495E-13
   5499.31738   1.45505E-13
   5500.79102   1.47481E-13
   5502.26514   1.58547E-13
   5503.73877   1.62864E-13
   5505.21240   1.60594E-13
   5506.68652   1.53695E-13
   5508.16016   1.76759E-13
   5509.63428   1.69951E-13
   5511.10791   1.56408E-13
   5512.58203   1.23608E-13
   5514.05566   1.32889E-13
   5515.52979   2.19808E-13
   5517.00342   1.63992E-13
   5518.47754   1.33112E-13
   5519.95117   1.21518E-13
   5521.42529   1.73200E-13
   5522.89893   1.48795E-13
   5524.37256   1.48699E-13
   5525.84668   1.92905E-13
   5527.32031   2.17376E-13
   5528.79443   2.21211E-13
   5530.26807   1.99358E-13
   5531.74219   1.89168E-13
   5533.21582   2.01886E-13
   5534.68994   2.09090E-13
   5536.16357   2.42015E-13
   5537.63770   2.11457E-13
   5539.11133   1.67155E-13
   5540.58545   1.71320E-13
   5542.05908   1.22698E-13
   5543.53271   1.55512E-13
   5545.00684   1.96673E-13
   5546.48047   1.38841E-13
   5547.95459   1.71103E-13
   5549.42822   1.93741E-13
   5550.90234   1.98786E-13
   5552.37598   2.03502E-13
   5553.85010   2.17155E-13
   5555.32373   1.53196E-13
   5556.79785   1.49528E-13
   5558.27148   1.65142E-13
   5559.74561   1.71190E-13
   5561.21924   1.81451E-13
   5562.69287   1.44690E-13
   5564.16699   2.01804E-13
   5565.64062   2.19173E-13
   5567.11475   1.49084E-13
   5568.58838   1.37575E-13
   5570.06250   1.72863E-13
   5571.53613   1.85659E-13
   5573.01025   1.34473E-13
   5574.48389   1.65224E-13
   5575.95801   2.26857E-13
   5577.43164   2.01595E-13
   5578.90576   2.32145E-13
   5580.37939   1.61096E-13
   5581.85303   1.47106E-13
   5583.32715   1.91923E-13
   5584.80078   1.91428E-13
   5586.27490   2.45417E-13
   5587.74854   1.93021E-13
   5589.22266   2.19758E-13
   5590.69629   1.94826E-13
   5592.17041   1.89853E-13
   5593.64404   1.69564E-13
   5595.11816   1.79955E-13
   5596.59180   1.78434E-13
   5598.06592   1.86932E-13
   5599.53955   1.48013E-13
   5601.01318   1.35229E-13
   5602.48730   1.35111E-13
   5603.96094   2.04379E-13
   5605.43506   1.73920E-13
   5606.90869   1.58350E-13
   5608.38281   1.77351E-13
   5609.85645   1.91618E-13
   5611.33057   1.58405E-13
   5612.80420   1.87666E-13
   5614.27832   1.95089E-13
   5615.75195   3.77875E-13
   5617.22607   5.84611E-13
   5618.69971   5.85062E-13
   5620.17334   5.13074E-13
   5621.64746   3.46686E-13
   5623.12109   3.29514E-13
   5624.59521   1.82705E-13
   5626.06885   2.21816E-13
   5627.54297   2.28547E-13
   5629.01660   2.42596E-13
   5630.49072   2.72322E-13
   5631.96436   2.49473E-13
   5633.43848   2.49846E-13
   5634.91211   2.63622E-13
   5636.38623   1.74742E-13
   5637.85986   1.61566E-13
   5639.33350   1.50595E-13
   5640.80762   1.89497E-13
   5642.28125   1.52541E-13
   5643.75537   1.86888E-13
   5645.22900   1.45128E-13
   5646.70312   1.74478E-13
   5648.17676   1.68489E-13
   5649.65088   1.71934E-13
   5651.12451   1.55794E-13
   5652.59863   1.65478E-13
   5654.07227   2.25004E-13
   5655.54639   1.56988E-13
   5657.02002   1.79004E-13
   5658.49365   1.95703E-13
   5659.96777   1.46241E-13
   5661.44141   1.42751E-13
   5662.91553   2.06342E-13
   5664.38916   1.43024E-13
   5665.86328   1.73359E-13
   5667.33691   1.84932E-13
   5668.81104   1.68912E-13
   5670.28467   1.82485E-13
   5671.75879   2.08074E-13
   5673.23242   2.83789E-13
   5674.70654   1.89705E-13
   5676.18018   2.28214E-13
   5677.65381   2.69699E-13
   5679.12793   2.20943E-13
   5680.60156   2.18675E-13
   5682.07568   1.74895E-13
   5683.54932   1.77313E-13
   5685.02344   2.15550E-13
   5686.49707   1.55895E-13
   5687.97119   1.59069E-13
   5689.44482   1.45253E-13
   5690.91895   1.67491E-13
   5692.39258   1.92973E-13
   5693.86670   1.19367E-13
   5695.34033   1.85176E-13
   5696.81396   1.82277E-13
   5698.28809   1.34586E-13
   5699.76172   1.74321E-13
   5701.23584   1.60334E-13
   5702.70947   2.08020E-13
   5704.18359   1.80062E-13
   5705.65723   2.15222E-13
   5707.13135   1.49917E-13
   5708.60498   1.46735E-13
   5710.07910   1.64266E-13
   5711.55273   1.83943E-13
   5713.02686   2.05049E-13
   5714.50049   1.76632E-13
   5715.97412   2.66256E-13
   5717.44824   6.68414E-13
   5718.92188   1.43250E-12
   5720.39600   2.23351E-12
   5721.86963   2.33824E-12
   5723.34375   1.89329E-12
   5724.81738   1.18565E-12
   5726.29150   5.59342E-13
   5727.76514   2.84200E-13
   5729.23926   2.19477E-13
   5730.71289   1.82346E-13
   5732.18701   1.83747E-13
   5733.66064   1.62992E-13
   5735.13428   1.77666E-13
   5736.60840   1.90213E-13
   5738.08203   1.68845E-13
   5739.55615   1.94356E-13
   5741.02979   1.91500E-13
   5742.50391   1.96428E-13
   5743.97754   1.67681E-13
   5745.45166   1.77827E-13
   5746.92529   1.84839E-13
   5748.39941   2.13974E-13
   5749.87305   3.77746E-13
   5751.34717   6.01538E-13
   5752.82080   7.71182E-13
   5754.29443   8.57304E-13
   5755.76855   6.35167E-13
   5757.24219   3.66395E-13
   5758.71631   2.42360E-13
   5760.18994   2.05569E-13
   5761.66406   1.42482E-13
   5763.13770   1.69564E-13
   5764.61182   2.11700E-13
   5766.08545   1.31847E-13
   5767.55957   1.39969E-13
   5769.03320   1.80725E-13
   5770.50732   1.64251E-13
   5771.98096   1.76466E-13
   5773.45459   1.95698E-13
   5774.92871   1.56681E-13
   5776.40234   2.01743E-13
   5777.87646   1.89865E-13
   5779.35010   2.00564E-13
   5780.82422   1.81400E-13
   5782.29785   1.85674E-13
   5783.77197   2.07292E-13
   5785.24561   1.78612E-13
   5786.71973   2.08474E-13
   5788.19336   2.53189E-13
   5789.66748   2.10230E-13
   5791.14111   1.65131E-13
   5792.61475   1.52677E-13
   5794.08887   2.05208E-13
   5795.56250   1.96240E-13
   5797.03662   2.16589E-13
   5798.51025   2.18938E-13
   5799.98438   1.97911E-13
   5801.45801   2.27303E-13
   5802.93213   1.81300E-13
   5804.40576   1.57668E-13
   5805.87988   2.00101E-13
   5807.35352   1.59770E-13
   5808.82764   1.44526E-13
   5810.30127   2.48451E-13
   5811.77490   1.85708E-13
   5813.24902   1.98537E-13
   5814.72266   2.13336E-13
   5816.19678   1.72900E-13
   5817.67041   1.70517E-13
   5819.14453   2.12520E-13
   5820.61816   2.13653E-13
   5822.09229   2.28871E-13
   5823.56592   1.91316E-13
   5825.04004   1.91587E-13
   5826.51367   1.61903E-13
   5827.98779   1.64771E-13
   5829.46143   1.70390E-13
   5830.93506   1.92637E-13
   5832.40918   1.72253E-13
   5833.88281   1.44982E-13
   5835.35693   1.66429E-13
   5836.83057   2.08694E-13
   5838.30469   1.99328E-13
   5839.77832   2.38691E-13
   5841.25244   1.82647E-13
   5842.72607   1.92957E-13
   5844.20020   1.72702E-13
   5845.67383   1.67482E-13
   5847.14795   1.83016E-13
   5848.62158   1.42378E-13
   5850.09521   1.50236E-13
   5851.56934   2.15953E-13
   5853.04297   1.40175E-13
   5854.51709   2.10094E-13
   5855.99072   1.81288E-13
   5857.46484   2.29265E-13
   5858.93848   1.73027E-13
   5860.41260   2.02848E-13
   5861.88623   1.97763E-13
   5863.36035   1.59639E-13
   5864.83398   1.94795E-13
   5866.30811   1.83326E-13
   5867.78174   1.39449E-13
   5869.25537   2.14668E-13
   5870.72949   2.82822E-13
   5872.20312   5.64604E-13
   5873.67725   1.23334E-12
   5875.15088   1.71282E-12
   5876.62500   1.76835E-12
   5878.09863   1.24019E-12
   5879.57275   6.41776E-13
   5881.04639   2.27691E-13
   5882.52051   1.85932E-13
   5883.99414   1.49587E-13
   5885.46826   2.27396E-13
   5886.94189   2.07198E-13
   5888.41553   1.33556E-13
   5889.88965   1.39682E-13
   5891.36328   9.93584E-14
   5892.83740   1.56597E-13
   5894.31104   1.65407E-13
   5895.78516   1.44790E-13
   5897.25879   1.79520E-13
   5898.73291   1.15457E-13
   5900.20654   1.59945E-13
   5901.68066   1.72234E-13
   5903.15430   1.76846E-13
   5904.62842   1.93527E-13
   5906.10205   1.57789E-13
   5907.57568   2.04610E-13
   5909.04980   1.46568E-13
   5910.52344   2.07461E-13
   5911.99756   1.64035E-13
   5913.47119   2.24611E-13
   5914.94531   1.56755E-13
   5916.41895   1.04786E-13
   5917.89307   1.56207E-13
   5919.36670   1.25154E-13
   5920.84082   1.56961E-13
   5922.31445   1.15616E-13
   5923.78857   1.74874E-13
   5925.26221   1.71649E-13
   5926.73584   1.90533E-13
   5928.20996   2.17629E-13
   5929.68359   2.24637E-13
   5931.15771   1.76012E-13
   5932.63135   1.94127E-13
   5934.10547   2.26611E-13
   5935.57910   1.82608E-13
   5937.05322   1.64586E-13
   5938.52686   1.54876E-13
   5940.00098   1.63612E-13
   5941.47461   1.83323E-13
   5942.94873   1.67419E-13
   5944.42236   2.00552E-13
   5945.89600   1.30133E-13
   5947.37012   1.62364E-13
   5948.84375   1.82599E-13
   5950.31787   1.81869E-13
   5951.79150   1.81809E-13
   5953.26562   1.77071E-13
   5954.73926   1.80113E-13
   5956.21338   1.51348E-13
   5957.68701   1.64732E-13
   5959.16113   1.57187E-13
   5960.63477   1.29415E-13
   5962.10889   1.53390E-13
   5963.58252   1.58715E-13
   5965.05615   1.78341E-13
   5966.53027   1.71077E-13
   5968.00391   2.08143E-13
   5969.47803   1.88768E-13
   5970.95166   1.68666E-13
   5972.42578   1.81100E-13
   5973.89941   1.53705E-13
   5975.37354   1.66044E-13
   5976.84717   1.93138E-13
   5978.32129   1.82258E-13
   5979.79492   1.69961E-13
   5981.26904   2.04543E-13
   5982.74268   2.05917E-13
   5984.21631   1.61865E-13
   5985.69043   1.78157E-13
   5987.16406   1.78759E-13
   5988.63818   1.83944E-13
   5990.11182   2.28006E-13
   5991.58594   1.87092E-13
   5993.05957   2.05993E-13
   5994.53369   1.73149E-13
   5996.00732   1.94970E-13
   5997.48145   1.85345E-13
   5998.95508   1.94923E-13
   6000.42920   2.28204E-13
   6001.90283   2.03752E-13
   6003.37646   2.12913E-13
   6004.85059   2.05724E-13
   6006.32422   1.95781E-13
   6007.79834   1.84593E-13
   6009.27197   1.55125E-13
   6010.74609   1.74026E-13
   6012.21973   1.67257E-13
   6013.69385   1.70830E-13
   6015.16748   1.44175E-13
   6016.64160   1.57955E-13
   6018.11523   1.67487E-13
   6019.58936   1.67285E-13
   6021.06299   1.66774E-13
   6022.53662   1.89674E-13
   6024.01074   2.08140E-13
   6025.48438   2.04958E-13
   6026.95850   1.66437E-13
   6028.43213   2.29317E-13
   6029.90625   1.67517E-13
   6031.37988   2.00980E-13
   6032.85400   2.12342E-13
   6034.32764   1.79540E-13
   6035.80176   2.18681E-13
   6037.27539   2.18989E-13
   6038.74951   1.96905E-13
   6040.22314   1.71966E-13
   6041.69678   1.81268E-13
   6043.17090   1.62018E-13
   6044.64453   2.11591E-13
   6046.11865   1.82455E-13
   6047.59229   2.06354E-13
   6049.06641   1.63339E-13
   6050.54004   1.89956E-13
   6052.01416   2.17066E-13
   6053.48779   2.04721E-13
   6054.96191   2.19807E-13
   6056.43555   1.84459E-13
   6057.90967   1.92874E-13
   6059.38330   2.06078E-13
   6060.85742   1.77507E-13
   6062.33105   2.49670E-13
   6063.80469   1.64066E-13
   6065.27881   2.23167E-13
   6066.75244   1.68802E-13
   6068.22656   1.74380E-13
   6069.70020   2.06568E-13
   6071.17432   2.34747E-13
   6072.64795   2.12989E-13
   6074.12207   1.79856E-13
   6075.59570   2.47047E-13
   6077.06982   1.79438E-13
   6078.54346   2.12735E-13
   6080.01758   2.19074E-13
   6081.49121   3.87111E-13
   6082.96484   8.83449E-13
   6084.43896   2.18742E-12
   6085.91260   3.60389E-12
   6087.38672   4.35514E-12
   6088.86035   3.66273E-12
   6090.33447   2.40860E-12
   6091.80811   1.09817E-12
   6093.28223   4.42964E-13
   6094.75586   2.78776E-13
   6096.22998   2.58934E-13
   6097.70361   1.92040E-13
   6099.17773   2.26104E-13
   6100.65137   2.76207E-13
   6102.12500   2.88867E-13
   6103.59912   2.40766E-13
   6105.07275   2.37405E-13
   6106.54688   2.57326E-13
   6108.02051   2.90657E-13
   6109.49463   2.62614E-13
   6110.96826   2.49083E-13
   6112.44238   2.05625E-13
   6113.91602   2.10079E-13
   6115.39014   2.47287E-13
   6116.86377   1.98910E-13
   6118.33789   2.53510E-13
   6119.81152   1.85123E-13
   6121.28516   2.23788E-13
   6122.75928   2.03798E-13
   6124.23291   2.35021E-13
   6125.70703   1.93197E-13
   6127.18066   2.08920E-13
   6128.65479   2.34244E-13
   6130.12842   2.50429E-13
   6131.60254   2.60044E-13
   6133.07617   1.95467E-13
   6134.55029   1.85492E-13
   6136.02393   2.22326E-13
   6137.49805   2.05739E-13
   6138.97168   2.39677E-13
   6140.44531   1.81456E-13
   6141.91943   2.06448E-13
   6143.39307   2.39370E-13
   6144.86719   2.13395E-13
   6146.34082   2.48740E-13
   6147.81494   2.26360E-13
   6149.28857   2.15208E-13
   6150.76270   2.04348E-13
   6152.23633   2.18404E-13
   6153.71045   2.20706E-13
   6155.18408   2.22356E-13
   6156.65820   2.32551E-13
   6158.13184   2.24989E-13
   6159.60547   2.21237E-13
   6161.07959   1.93297E-13
   6162.55322   1.79138E-13
   6164.02734   2.23535E-13
   6165.50098   1.85441E-13
   6166.97510   1.59603E-13
   6168.44873   2.38071E-13
   6169.92285   2.41541E-13
   6171.39648   2.35294E-13
   6172.87061   2.22210E-13
   6174.34424   2.15449E-13
   6175.81836   1.94161E-13
   6177.29199   2.01543E-13
   6178.76562   2.07377E-13
   6180.23975   1.92206E-13
   6181.71338   2.07350E-13
   6183.18750   2.22307E-13
   6184.66113   2.46505E-13
   6186.13525   2.21708E-13
   6187.60889   1.77172E-13
   6189.08301   1.94879E-13
   6190.55664   2.12992E-13
   6192.03076   2.08893E-13
   6193.50439   1.81184E-13
   6194.97852   1.40972E-13
   6196.45215   2.01899E-13
   6197.92578   2.19057E-13
   6199.39990   1.83331E-13
   6200.87354   1.90097E-13
   6202.34766   2.02219E-13
   6203.82129   2.05131E-13
   6205.29541   2.09542E-13
   6206.76904   2.41463E-13
   6208.24316   2.06821E-13
   6209.71680   1.49629E-13
   6211.19092   1.73883E-13
   6212.66455   1.85310E-13
   6214.13867   1.24027E-13
   6215.61230   1.54778E-13
   6217.08594   2.02815E-13
   6218.56006   2.07535E-13
   6220.03369   1.96774E-13
   6221.50781   1.91020E-13
   6222.98145   2.07350E-13
   6224.45557   1.85353E-13
   6225.92920   1.81347E-13
   6227.40332   2.04809E-13
   6228.87695   2.20019E-13
   6230.35107   2.25710E-13
   6231.82471   2.01552E-13
   6233.29883   2.54365E-13
   6234.77246   2.11167E-13
   6236.24609   2.03950E-13
   6237.72021   2.67472E-13
   6239.19385   2.36485E-13
   6240.66797   2.01123E-13
   6242.14160   2.14277E-13
   6243.61572   2.35940E-13
   6245.08936   1.88468E-13
   6246.56348   1.98685E-13
   6248.03711   2.79529E-13
   6249.51123   2.12122E-13
   6250.98486   2.41304E-13
   6252.45898   2.65795E-13
   6253.93262   1.97895E-13
   6255.40625   2.31390E-13
   6256.88037   1.66482E-13
   6258.35400   2.12304E-13
   6259.82812   2.39038E-13
   6261.30176   1.73303E-13
   6262.77588   1.92068E-13
   6264.24951   2.11991E-13
   6265.72363   2.53414E-13
   6267.19727   1.68847E-13
   6268.67139   1.71576E-13
   6270.14502   1.75743E-13
   6271.61914   1.93440E-13
   6273.09277   2.49971E-13
   6274.56641   2.46611E-13
   6276.04053   2.44800E-13
   6277.51416   2.23414E-13
   6278.98828   1.56722E-13
   6280.46191   2.28017E-13
   6281.93604   1.73411E-13
   6283.40967   1.54258E-13
   6284.88379   1.39247E-13
   6286.35742   2.09067E-13
   6287.83154   2.06933E-13
   6289.30518   1.82417E-13
   6290.77930   1.94925E-13
   6292.25293   2.27155E-13
   6293.72656   2.25654E-13
   6295.20068   2.37974E-13
   6296.67432   2.61925E-13
   6298.14844   4.78784E-13
   6299.62207   6.76756E-13
   6301.09619   7.57681E-13
   6302.56982   5.96948E-13
   6304.04395   3.62150E-13
   6305.51758   2.28475E-13
   6306.99170   3.13762E-13
   6308.46533   3.66667E-13
   6309.93945   4.30564E-13
   6311.41309   5.12649E-13
   6312.88672   4.01842E-13
   6314.36084   3.47495E-13
   6315.83447   2.75359E-13
   6317.30859   1.96985E-13
   6318.78223   2.51677E-13
   6320.25635   2.67915E-13
   6321.72998   2.07822E-13
   6323.20410   2.29795E-13
   6324.67773   1.85121E-13
   6326.15186   2.12187E-13
   6327.62549   1.96831E-13
   6329.09961   2.10065E-13
   6330.57324   1.73192E-13
   6332.04688   2.16768E-13
   6333.52100   2.33462E-13
   6334.99463   2.02218E-13
   6336.46875   2.26075E-13
   6337.94238   2.08227E-13
   6339.41650   2.31690E-13
   6340.89014   2.28404E-13
   6342.36426   2.06856E-13
   6343.83789   1.83090E-13
   6345.31201   2.78111E-13
   6346.78564   2.54487E-13
   6348.25977   2.82455E-13
   6349.73340   2.83142E-13
   6351.20703   2.39282E-13
   6352.68115   2.26559E-13
   6354.15479   2.10023E-13
   6355.62891   2.11470E-13
   6357.10254   1.94554E-13
   6358.57666   2.02834E-13
   6360.05029   2.28354E-13
   6361.52441   3.66593E-13
   6362.99805   3.97275E-13
   6364.47217   4.50299E-13
   6365.94580   3.91508E-13
   6367.41992   3.20851E-13
   6368.89355   3.31972E-13
   6370.36719   3.20260E-13
   6371.84131   2.42136E-13
   6373.31494   2.30001E-13
   6374.78906   2.65839E-13
   6376.26270   2.13811E-13
   6377.73682   2.56502E-13
   6379.21045   2.51862E-13
   6380.68457   2.48664E-13
   6382.15820   2.52606E-13
   6383.63232   2.66623E-13
   6385.10596   2.70797E-13
   6386.58008   2.80912E-13
   6388.05371   2.67969E-13
   6389.52734   2.25814E-13
   6391.00146   2.33586E-13
   6392.47510   2.03676E-13
   6393.94922   2.16463E-13
   6395.42285   2.43889E-13
   6396.89697   2.47132E-13
   6398.37061   2.64042E-13
   6399.84473   2.59294E-13
   6401.31836   2.48591E-13
   6402.79248   2.61048E-13
   6404.26611   2.80067E-13
   6405.74023   3.77480E-13
   6407.21387   3.62914E-13
   6408.68750   3.15581E-13
   6410.16162   2.71457E-13
   6411.63525   2.63492E-13
   6413.10938   2.60349E-13
   6414.58301   2.70337E-13
   6416.05713   2.61196E-13
   6417.53076   2.52396E-13
   6419.00488   2.48751E-13
   6420.47852   2.01963E-13
   6421.95264   1.98070E-13
   6423.42627   2.46072E-13
   6424.90039   2.61983E-13
   6426.37402   2.64258E-13
   6427.84766   2.69802E-13
   6429.32178   2.51961E-13
   6430.79541   2.43130E-13
   6432.26953   3.61241E-13
   6433.74316   4.19512E-13
   6435.21729   4.36668E-13
   6436.69092   3.45796E-13
   6438.16504   3.04714E-13
   6439.63867   3.05328E-13
   6441.11279   2.68805E-13
   6442.58643   3.00454E-13
   6444.06055   2.79089E-13
   6445.53418   2.55864E-13
   6447.00781   2.86292E-13
   6448.48193   2.51254E-13
   6449.95557   2.20172E-13
   6451.42969   2.80971E-13
   6452.90332   2.58381E-13
   6454.37744   2.84929E-13
   6455.85107   3.01013E-13
   6457.32520   3.63829E-13
   6458.79883   3.01229E-13
   6460.27295   3.01724E-13
   6461.74658   3.17566E-13
   6463.22070   2.50301E-13
   6464.69434   2.90675E-13
   6466.16797   3.29463E-13
   6467.64209   3.11203E-13
   6469.11572   2.90360E-13
   6470.58984   2.94898E-13
   6472.06348   2.90533E-13
   6473.53760   2.93606E-13
   6475.01123   2.91422E-13
   6476.48535   3.49883E-13
   6477.95898   3.47279E-13
   6479.43311   2.94847E-13
   6480.90674   3.54279E-13
   6482.38086   3.30972E-13
   6483.85449   3.32002E-13
   6485.32812   3.12254E-13
   6486.80225   2.72519E-13
   6488.27588   3.38234E-13
   6489.75000   2.74578E-13
   6491.22363   2.66667E-13
   6492.69775   3.74259E-13
   6494.17139   3.18232E-13
   6495.64551   3.05659E-13
   6497.11914   3.03596E-13
   6498.59326   3.25607E-13
   6500.06689   3.16485E-13
   6501.54102   2.90387E-13
   6503.01465   3.07641E-13
   6504.48828   3.18085E-13
   6505.96240   3.59838E-13
   6507.43604   3.86169E-13
   6508.91016   3.30424E-13
   6510.38379   3.57701E-13
   6511.85791   3.31400E-13
   6513.33154   3.99577E-13
   6514.80566   4.22063E-13
   6516.27930   4.36373E-13
   6517.75342   4.38776E-13
   6519.22705   4.01620E-13
   6520.70117   3.74003E-13
   6522.17480   3.62894E-13
   6523.64844   3.84026E-13
   6525.12256   4.16919E-13
   6526.59619   5.37214E-13
   6528.07031   5.02460E-13
   6529.54395   5.78118E-13
   6531.01807   5.07707E-13
   6532.49170   5.35068E-13
   6533.96582   6.02491E-13
   6535.43945   5.67807E-13
   6536.91357   6.27074E-13
   6538.38721   7.36956E-13
   6539.86133   6.98995E-13
   6541.33496   8.41038E-13
   6542.80859   9.47086E-13
   6544.28271   1.15122E-12
   6545.75635   1.39282E-12
   6547.23047   1.52642E-12
   6548.70410   1.69277E-12
   6550.17822   1.65797E-12
   6551.65186   1.95964E-12
   6553.12598   2.38884E-12
   6554.59961   3.19740E-12
   6556.07373   4.52471E-12
   6557.54736   8.67140E-12
   6559.02148   1.85706E-11
   6560.49512   3.13615E-11
   6561.96875   3.96207E-11
   6563.44287   3.96947E-11
   6564.91650   3.14602E-11
   6566.39062   2.11297E-11
   6567.86426   1.30845E-11
   6569.33838   7.95655E-12
   6570.81201   4.84423E-12
   6572.28613   3.35713E-12
   6573.75977   2.52816E-12
   6575.23389   1.93337E-12
   6576.70752   1.51656E-12
   6578.18164   1.44107E-12
   6579.65527   1.67020E-12
   6581.12891   1.80173E-12
   6582.60303   1.79221E-12
   6584.07666   1.46367E-12
   6585.55078   1.12479E-12
   6587.02441   8.98381E-13
   6588.49854   7.17133E-13
   6589.97217   6.67277E-13
   6591.44629   6.16443E-13
   6592.91992   5.93848E-13
   6594.39404   4.92378E-13
   6595.86768   4.78267E-13
   6597.34180   4.24970E-13
   6598.81543   4.40421E-13
   6600.28906   4.95781E-13
   6601.76318   4.74082E-13
   6603.23682   4.59537E-13
   6604.71094   4.44797E-13
   6606.18457   3.62998E-13
   6607.65869   3.48264E-13
   6609.13232   4.25151E-13
   6610.60645   3.64064E-13
   6612.08008   3.62793E-13
   6613.55420   3.58690E-13
   6615.02783   3.38338E-13
   6616.50195   3.26147E-13
   6617.97559   3.30801E-13
   6619.44922   3.21775E-13
   6620.92334   3.40995E-13
   6622.39697   3.51641E-13
   6623.87109   3.00998E-13
   6625.34473   3.01856E-13
   6626.81885   3.00877E-13
   6628.29248   2.56505E-13
   6629.76660   3.06560E-13
   6631.24023   3.42028E-13
   6632.71436   3.34342E-13
   6634.18799   2.66451E-13
   6635.66211   2.71349E-13
   6637.13574   2.64189E-13
   6638.60938   2.69912E-13
   6640.08350   2.63828E-13
   6641.55713   2.63853E-13
   6643.03125   1.97630E-13
   6644.50488   2.73489E-13
   6645.97900   3.28495E-13
   6647.45264   2.39836E-13
   6648.92676   3.02508E-13
   6650.40039   2.71160E-13
   6651.87451   2.10176E-13
   6653.34814   2.36734E-13
   6654.82227   2.84556E-13
   6656.29590   2.13769E-13
   6657.76953   2.34797E-13
   6659.24365   2.70219E-13
   6660.71729   2.92337E-13
   6662.19141   2.74727E-13
   6663.66504   2.70324E-13
   6665.13916   2.15381E-13
   6666.61279   2.84126E-13
   6668.08691   3.03196E-13
   6669.56055   2.60056E-13
   6671.03467   2.78770E-13
   6672.50830   2.34310E-13
   6673.98242   3.31792E-13
   6675.45605   5.12255E-13
   6676.92969   8.96791E-13
   6678.40381   1.04790E-12
   6679.87744   9.70360E-13
   6681.35156   7.55674E-13
   6682.82520   4.63720E-13
   6684.29932   3.22686E-13
   6685.77295   3.34928E-13
   6687.24707   3.37562E-13
   6688.72070   2.86351E-13
   6690.19482   2.87259E-13
   6691.66846   2.34152E-13
   6693.14258   2.58464E-13
   6694.61621   2.31473E-13
   6696.08984   2.86420E-13
   6697.56396   2.42655E-13
   6699.03760   2.17255E-13
   6700.51172   2.45832E-13
   6701.98535   2.35463E-13
   6703.45947   3.06865E-13
   6704.93311   2.61563E-13
   6706.40723   2.26783E-13
   6707.88086   2.12076E-13
   6709.35498   2.77193E-13
   6710.82861   2.35340E-13
   6712.30273   2.51644E-13
   6713.77637   1.79703E-13
   6715.25000   2.47054E-13
   6716.72412   1.98303E-13
   6718.19775   2.54868E-13
   6719.67188   2.43050E-13
   6721.14551   2.60262E-13
   6722.61963   2.33847E-13
   6724.09326   2.54062E-13
   6725.56738   2.24195E-13
   6727.04102   2.66602E-13
   6728.51514   2.61594E-13
   6729.98877   2.30211E-13
   6731.46289   2.55490E-13
   6732.93652   2.66559E-13
   6734.41016   2.14647E-13
   6735.88428   2.55536E-13
   6737.35791   2.49850E-13
   6738.83203   2.32608E-13
   6740.30566   1.84476E-13
   6741.77979   2.23519E-13
   6743.25342   3.11618E-13
   6744.72754   2.77095E-13
   6746.20117   2.86877E-13
   6747.67529   1.80827E-13
   6749.14893   1.95551E-13
   6750.62305   2.60970E-13
   6752.09668   2.72517E-13
   6753.57031   2.70453E-13
   6755.04443   2.22805E-13
   6756.51807   2.50784E-13
   6757.99219   2.28997E-13
   6759.46582   2.15171E-13
   6760.93994   2.84322E-13
   6762.41357   2.43456E-13
   6763.88770   2.20754E-13
   6765.36133   2.64599E-13
   6766.83545   2.85864E-13
   6768.30908   2.41174E-13
   6769.78320   2.39119E-13
   6771.25684   2.48380E-13
   6772.73047   2.81474E-13
   6774.20459   2.79232E-13
   6775.67822   2.05235E-13
   6777.15234   2.55054E-13
   6778.62598   3.02421E-13
   6780.10010   2.71042E-13
   6781.57373   1.76282E-13
   6783.04785   3.29458E-13
   6784.52148   2.61382E-13
   6785.99561   2.24981E-13
   6787.46924   1.91726E-13
   6788.94336   1.38643E-13
   6790.41699   2.63761E-13
   6791.89062   2.37296E-13
   6793.36475   2.94355E-13
   6794.83838   2.72112E-13
   6796.31250   2.79646E-13
   6797.78613   2.64058E-13
   6799.26025   2.17705E-13
   6800.73389   2.57703E-13
   6802.20801   2.93889E-13
   6803.68164   2.48278E-13
   6805.15576   3.01386E-13
   6806.62939   3.04471E-13
   6808.10352   3.10461E-13
   6809.57715   2.80519E-13
   6811.05078   2.72176E-13
   6812.52490   3.15785E-13
   6813.99854   3.44057E-13
   6815.47266   3.50151E-13
   6816.94629   4.56773E-13
   6818.42041   5.18372E-13
   6819.89404   5.90252E-13
   6821.36816   7.66354E-13
   6822.84180   8.75214E-13
   6824.31592   9.37520E-13
   6825.78955   9.73428E-13
   6827.26367   9.89737E-13
   6828.73730   1.04850E-12
   6830.21094   1.09422E-12
   6831.68506   1.06088E-12
   6833.15869   1.03504E-12
   6834.63281   9.38309E-13
   6836.10645   7.49174E-13
   6837.58057   6.02634E-13
   6839.05420   5.86132E-13
   6840.52832   5.40991E-13
   6842.00195   4.12117E-13
   6843.47607   4.24506E-13
   6844.94971   4.56380E-13
   6846.42383   5.43275E-13
   6847.89746   6.27859E-13
   6849.37109   5.40778E-13
   6850.84521   4.47041E-13
   6852.31885   4.06935E-13
   6853.79297   3.90741E-13
   6855.26660   2.81632E-13
   6856.74072   2.39499E-13
   6858.21436   2.76116E-13
   6859.68848   3.06538E-13
   6861.16211   3.13046E-13
   6862.63623   2.93859E-13
   6864.10986   2.59185E-13
   6865.58398   2.25187E-13
   6867.05762   1.97136E-13
   6868.53125   1.66732E-13
   6870.00537   2.05218E-13
   6871.47900   2.16776E-13
   6872.95312   2.16373E-13
   6874.42676   2.10365E-13
   6875.90088   2.50016E-13
   6877.37451   2.55558E-13
   6878.84863   1.78667E-13
   6880.32227   2.78147E-13
   6881.79639   3.20080E-13
   6883.27002   3.28548E-13
   6884.74414   2.66736E-13
   6886.21777   2.95290E-13
   6887.69141   3.47905E-13
   6889.16553   3.57462E-13
   6890.63916   4.47941E-13
   6892.11328   3.53330E-13
   6893.58691   3.07640E-13
   6895.06104   3.70605E-13
   6896.53467   3.39495E-13
   6898.00879   2.72691E-13
   6899.48242   2.90344E-13
   6900.95654   3.04899E-13
   6902.43018   2.76356E-13
   6903.90430   2.75129E-13
   6905.37793   2.67731E-13
   6906.85156   3.22837E-13
   6908.32568   3.06371E-13
   6909.79932   3.11233E-13
   6911.27344   3.64231E-13
   6912.74707   3.53748E-13
   6914.22119   3.88200E-13
   6915.69482   3.83896E-13
   6917.16895   3.42910E-13
   6918.64258   3.15193E-13
   6920.11670   3.20574E-13
   6921.59033   2.94064E-13
   6923.06445   2.74970E-13
   6924.53809   3.01387E-13
   6926.01221   3.23709E-13
   6927.48584   3.23080E-13
   6928.95947   2.91359E-13
   6930.43359   2.72576E-13
   6931.90723   3.52032E-13
   6933.38135   2.84450E-13
   6934.85498   3.39863E-13
   6936.32910   3.48740E-13
   6937.80273   3.33323E-13
   6939.27686   3.27965E-13
   6940.75049   3.96022E-13
   6942.22461   3.57364E-13
   6943.69824   3.68881E-13
   6945.17236   3.35209E-13
   6946.64600   3.49161E-13
   6948.11963   2.61707E-13
   6949.59375   3.59318E-13
   6951.06738   2.97758E-13
   6952.54150   3.90853E-13
   6954.01514   3.52234E-13
   6955.48926   3.22158E-13
   6956.96289   3.25239E-13
   6958.43701   3.27962E-13
   6959.91064   4.43089E-13
   6961.38477   3.68810E-13
   6962.85840   3.69260E-13
   6964.33252   4.51902E-13
   6965.80615   4.12166E-13
   6967.27979   4.25699E-13
   6968.75391   4.34750E-13
   6970.22754   4.30968E-13
   6971.70166   4.51263E-13
   6973.17529   4.51038E-13
   6974.64941   4.44495E-13
   6976.12305   4.71696E-13
   6977.59717   3.33328E-13
   6979.07080   4.18481E-13
   6980.54492   4.29193E-13
   6982.01855   4.39134E-13
   6983.49268   5.13691E-13
   6984.96631   4.23569E-13
   6986.43994   5.15707E-13
   6987.91406   4.61820E-13
   6989.38770   4.79950E-13
   6990.86182   3.74806E-13
   6992.33545   4.30438E-13
   6993.80957   4.91155E-13
   6995.28320   4.56289E-13
   6996.75732   4.47810E-13
   6998.23096   4.78839E-13
   6999.70508   4.77726E-13
   7001.17871   4.32998E-13
   7002.65283   5.51934E-13
   7004.12646   6.59550E-13
   7005.60010   6.75727E-13
   7007.07422   6.87337E-13
   7008.54785   5.88295E-13
   7010.02197   4.97174E-13
   7011.49561   4.40823E-13
   7012.96973   4.29158E-13
   7014.44336   4.85455E-13
   7015.91748   4.72383E-13
   7017.39111   4.77510E-13
   7018.86523   4.72506E-13
   7020.33887   4.82042E-13
   7021.81299   5.20912E-13
   7023.28662   4.58228E-13
   7024.76025   3.48538E-13
   7026.23438   4.49319E-13
   7027.70801   5.25406E-13
   7029.18213   4.39093E-13
   7030.65576   5.06718E-13
   7032.12988   4.55006E-13
   7033.60352   4.57106E-13
   7035.07764   4.88933E-13
   7036.55127   4.17928E-13
   7038.02539   4.86378E-13
   7039.49902   4.75892E-13
   7040.97314   4.68682E-13
   7042.44678   4.62422E-13
   7043.92041   4.68016E-13
   7045.39453   4.82202E-13
   7046.86816   5.00616E-13
   7048.34229   4.66487E-13
   7049.81592   4.85119E-13
   7051.29004   5.32079E-13
   7052.76367   4.81654E-13
   7054.23779   4.68238E-13
   7055.71143   3.85239E-13
   7057.18555   3.12388E-13
   7058.65918   3.18619E-13
   7060.13330   3.65488E-13
   7061.60693   6.31606E-13
   7063.08057   1.26619E-12
   7064.55469   2.21574E-12
   7066.02832   2.41407E-12
   7067.50244   1.92800E-12
   7068.97607   1.24226E-12
   7070.45020   5.90307E-13
   7071.92383   3.50129E-13
   7073.39795   4.05059E-13
   7074.87158   3.01885E-13
   7076.34570   4.02645E-13
   7077.81934   4.27696E-13
   7079.29346   4.28701E-13
   7080.76709   3.84701E-13
   7082.24072   3.60563E-13
   7083.71484   4.41705E-13
   7085.18848   4.75139E-13
   7086.66260   5.10178E-13
   7088.13623   4.56866E-13
   7089.61035   4.67211E-13
   7091.08398   4.78236E-13
   7092.55811   4.35077E-13
   7094.03174   4.78100E-13
   7095.50586   4.22558E-13
   7096.97949   3.10702E-13
   7098.45361   3.66791E-13
   7099.92725   3.12858E-13
   7101.40088   2.82828E-13
   7102.87500   2.97940E-13
   7104.34863   3.17586E-13
   7105.82275   2.81700E-13
   7107.29639   2.75951E-13
   7108.77051   3.56156E-13
   7110.24414   3.19545E-13
   7111.71826   2.81438E-13
   7113.19189   3.46268E-13
   7114.66602   2.73036E-13
   7116.13965   2.82821E-13
   7117.61377   3.29532E-13
   7119.08740   3.44289E-13
   7120.56104   3.32220E-13
   7122.03516   3.19240E-13
   7123.50879   3.02414E-13
   7124.98291   3.54700E-13
   7126.45654   3.21255E-13
   7127.93066   2.60175E-13
   7129.40430   2.91068E-13
   7130.87842   3.17381E-13
   7132.35205   4.84870E-13
   7133.82617   5.34964E-13
   7135.29980   5.40638E-13
   7136.77393   5.50880E-13
   7138.24756   3.67094E-13
   7139.72119   3.07939E-13
   7141.19531   2.77232E-13
   7142.66895   2.68281E-13
   7144.14307   3.11402E-13
   7145.61670   3.21418E-13
   7147.09082   2.44413E-13
   7148.56445   2.61308E-13
   7150.03857   3.18231E-13
   7151.51221   3.61824E-13
   7152.98633   4.12821E-13
   7154.45996   4.93241E-13
   7155.93408   5.12788E-13
   7157.40771   4.12256E-13
   7158.88135   3.13956E-13
   7160.35547   2.76588E-13
   7161.82910   2.70763E-13
   7163.30322   2.84235E-13
   7164.77686   2.76709E-13
   7166.25098   3.05726E-13
   7167.72461   3.81929E-13
   7169.19873   4.33701E-13
   7170.67236   3.87182E-13
   7172.14648   4.29154E-13
   7173.62012   4.33805E-13
   7175.09424   3.55726E-13
   7176.56787   4.62458E-13
   7178.04150   5.20987E-13
   7179.51562   4.21231E-13
   7180.98926   4.49078E-13
   7182.46338   4.10475E-13
   7183.93701   3.30962E-13
   7185.41113   3.12876E-13
   7186.88477   2.67070E-13
   7188.35889   3.16198E-13
   7189.83252   3.46547E-13
   7191.30664   3.18692E-13
   7192.78027   3.34627E-13
   7194.25439   3.02719E-13
   7195.72803   2.74789E-13
   7197.20166   3.21490E-13
   7198.67578   3.52521E-13
   7200.14941   3.70880E-13
   7201.62354   3.68985E-13
   7203.09717   3.19960E-13
   7204.57129   3.00188E-13
   7206.04492   3.31502E-13
   7207.51904   3.71665E-13
   7208.99268   3.59576E-13
   7210.46680   2.58129E-13
   7211.94043   2.97551E-13
   7213.41455   2.96397E-13
   7214.88818   3.20488E-13
   7216.36182   3.55306E-13
   7217.83594   3.75354E-13
   7219.30957   3.62979E-13
   7220.78369   2.96075E-13
   7222.25732   3.43770E-13
   7223.73145   3.13665E-13
   7225.20508   3.39664E-13
   7226.67920   3.25214E-13
   7228.15283   3.71642E-13
   7229.62695   4.01565E-13
   7231.10059   3.19851E-13
   7232.57471   3.69880E-13
   7234.04834   3.66721E-13
   7235.52197   3.35614E-13
   7236.99609   4.65105E-13
   7238.46973   4.58307E-13
   7239.94385   3.89613E-13
   7241.41748   3.71408E-13
   7242.89160   3.27025E-13
   7244.36523   3.00044E-13
   7245.83936   3.02739E-13
   7247.31299   3.64455E-13
   7248.78711   3.60114E-13
   7250.26074   3.77977E-13
   7251.73486   3.66039E-13
   7253.20850   3.49975E-13
   7254.68213   4.30659E-13
   7256.15625   3.72773E-13
   7257.62988   3.62662E-13
   7259.10400   3.76619E-13
   7260.57764   3.59839E-13
   7262.05176   4.60523E-13
   7263.52539   3.60377E-13
   7264.99951   4.24472E-13
   7266.47314   3.77512E-13
   7267.94727   4.75812E-13
   7269.42090   4.62079E-13
   7270.89502   4.05761E-13
   7272.36865   3.60829E-13
   7273.84229   3.11748E-13
   7275.31641   3.28810E-13
   7276.79004   3.83467E-13
   7278.26416   4.44849E-13
   7279.73779   5.36103E-13
   7281.21191   6.11821E-13
   7282.68555   6.15136E-13
   7284.15967   5.48302E-13
   7285.63330   4.40662E-13
   7287.10742   4.19328E-13
   7288.58105   4.74177E-13
   7290.05518   4.86888E-13
   7291.52881   5.53375E-13
   7293.00244   6.17313E-13
   7294.47656   4.97883E-13
   7295.95020   4.61775E-13
   7297.42432   5.30691E-13
   7298.89795   4.26949E-13
   7300.37207   3.68247E-13
   7301.84570   5.85726E-13
   7303.31982   3.79813E-13
   7304.79346   5.08086E-13
   7306.26758   5.06814E-13
   7307.74121   5.31922E-13
   7309.21533   4.81344E-13
   7310.68896   5.11362E-13
   7312.16260   5.47069E-13
   7313.63672   5.51443E-13
   7315.11035   5.25750E-13
   7316.58447   6.40723E-13
   7318.05811   6.70575E-13
   7319.53223   6.43369E-13
   7321.00586   7.14705E-13
   7322.47998   7.69345E-13
   7323.95361   6.61531E-13
   7325.42773   7.11368E-13
   7326.90137   7.69845E-13
   7328.37549   7.28997E-13
   7329.84912   7.45219E-13
   7331.32275   8.03038E-13
   7332.79688   6.85739E-13
   7334.27051   6.62090E-13
   7335.74463   6.23544E-13
   7337.21826   5.75583E-13
   7338.69238   5.83123E-13
   7340.16602   6.19487E-13
   7341.64014   6.14878E-13
   7343.11377   6.11891E-13
   7344.58789   5.97718E-13
   7346.06152   5.37973E-13
   7347.53564   6.35332E-13
   7349.00928   6.24369E-13
   7350.48291   6.03397E-13
   7351.95703   5.63268E-13
   7353.43066   5.26632E-13
   7354.90479   5.70324E-13
   7356.37842   5.42707E-13
   7357.85254   5.86648E-13
   7359.32617   5.61193E-13
   7360.80029   5.60054E-13
   7362.27393   7.07689E-13
   7363.74805   7.21024E-13
   7365.22168   7.22030E-13
   7366.69580   6.43444E-13
   7368.16943   7.27276E-13
   7369.64307   6.94082E-13
   7371.11719   7.38772E-13
   7372.59082   6.42498E-13
   7374.06494   6.68508E-13
   7375.53857   6.36147E-13
   7377.01270   7.28159E-13
   7378.48633   7.92017E-13
   7379.96045   7.82495E-13
   7381.43408   7.65769E-13
   7382.90820   7.86370E-13
   7384.38184   7.41235E-13
   7385.85596   6.61393E-13
   7387.32959   7.56112E-13
   7388.80322   6.76676E-13
   7390.27734   7.42495E-13
   7391.75098   7.53225E-13
   7393.22510   7.35171E-13
   7394.69873   6.18388E-13
   7396.17285   8.42541E-13
   7397.64648   6.47452E-13
   7399.12061   7.21250E-13
   7400.59424   8.29006E-13
   7402.06836   8.18655E-13
   7403.54199   7.04603E-13
   7405.01611   7.47322E-13
   7406.48975   7.94734E-13
   7407.96338   7.85586E-13
   7409.43750   7.17905E-13
   7410.91113   8.26635E-13
   7412.38525   8.09215E-13
   7413.85889   8.15425E-13
   7415.33301   7.94051E-13
