#  puvul.279  455353.94092   60.0
#     wave       flux
   3473.38135   5.73823E-14
   3474.85254   4.56419E-14
   3476.32373   3.12301E-14
   3477.79517   5.43874E-14
   3479.26636   4.45795E-14
   3480.73755   3.74452E-14
   3482.20874   2.05687E-14
   3483.68018   4.43744E-14
   3485.15137   3.80231E-14
   3486.62256   2.43308E-14
   3488.09375   2.85612E-14
   3489.56519   1.74776E-14
   3491.03638   4.23980E-14
   3492.50757   7.15218E-14
   3493.97876   2.96688E-14
   3495.45020   3.04867E-14
   3496.92139   4.74215E-14
   3498.39258   2.86679E-14
   3499.86377   2.91537E-14
   3501.33496   4.60754E-14
   3502.80640   2.80139E-14
   3504.27759   4.61991E-14
   3505.74878   2.49337E-14
   3507.21997   2.00910E-14
   3508.69141   5.17193E-14
   3510.16260   4.69523E-14
   3511.63379   5.22099E-14
   3513.10498   3.03396E-14
   3514.57642   3.67175E-14
   3516.04761   3.35428E-14
   3517.51880   3.42000E-14
   3518.98999   3.45576E-14
   3520.46143   1.37749E-14
   3521.93262   2.47465E-14
   3523.40381   4.92039E-14
   3524.87500   3.87268E-14
   3526.34644   1.67743E-14
   3527.81763   3.91600E-14
   3529.28882   2.84256E-14
   3530.76001   3.66453E-14
   3532.23120   3.39604E-14
   3533.70264   1.98441E-14
   3535.17383   3.00290E-14
   3536.64502   2.71995E-14
   3538.11621   2.41429E-14
   3539.58765   3.35096E-14
   3541.05884   3.47709E-14
   3542.53003   3.84551E-14
   3544.00122   4.02987E-14
   3545.47266   3.48177E-14
   3546.94385   4.38493E-14
   3548.41504   3.87993E-14
   3549.88623   3.59762E-14
   3551.35767   3.92355E-14
   3552.82886   4.80246E-14
   3554.30005   2.49727E-14
   3555.77124   3.27361E-14
   3557.24243   4.62805E-14
   3558.71387   2.67848E-14
   3560.18506   4.05869E-14
   3561.65625   4.03973E-14
   3563.12744   4.30076E-14
   3564.59888   3.85206E-14
   3566.07007   2.10446E-14
   3567.54126   2.23587E-14
   3569.01245   4.41477E-14
   3570.48389   3.26048E-14
   3571.95508   2.92835E-14
   3573.42627   2.07721E-14
   3574.89746   3.92924E-14
   3576.36890   3.21950E-14
   3577.84009   2.66661E-14
   3579.31128   3.21104E-14
   3580.78247   3.48032E-14
   3582.25366   7.49627E-14
   3583.72510   1.47267E-13
   3585.19629   1.53611E-13
   3586.66748   1.47543E-13
   3588.13867   1.27912E-13
   3589.61011   7.92140E-14
   3591.08130   4.21103E-14
   3592.55249   3.56536E-14
   3594.02368   4.20564E-14
   3595.49512   3.23934E-14
   3596.96631   3.54368E-14
   3598.43750   4.15746E-14
   3599.90869   2.35719E-14
   3601.38013   4.47122E-14
   3602.85132   3.94934E-14
   3604.32251   3.64449E-14
   3605.79370   3.24544E-14
   3607.26514   2.92306E-14
   3608.73633   3.75376E-14
   3610.20752   3.42988E-14
   3611.67871   2.87909E-14
   3613.14990   2.41485E-14
   3614.62134   3.46188E-14
   3616.09253   3.56284E-14
   3617.56372   2.81675E-14
   3619.03491   2.74997E-14
   3620.50635   3.59485E-14
   3621.97754   3.19712E-14
   3623.44873   2.17878E-14
   3624.91992   4.02318E-14
   3626.39136   5.18938E-14
   3627.86255   3.30864E-14
   3629.33374   3.04448E-14
   3630.80493   4.32853E-14
   3632.27637   3.00159E-14
   3633.74756   3.60948E-14
   3635.21875   3.93428E-14
   3636.68994   2.99010E-14
   3638.16113   2.33391E-14
   3639.63257   2.01291E-14
   3641.10376   3.74205E-14
   3642.57495   3.75381E-14
   3644.04614   1.48943E-14
   3645.51758   1.62328E-14
   3646.98877   2.28049E-14
   3648.45996   3.14328E-14
   3649.93115   3.50436E-14
   3651.40259   3.01887E-14
   3652.87378   3.77409E-14
   3654.34497   3.51221E-14
   3655.81616   3.68941E-14
   3657.28760   2.74377E-14
   3658.75879   3.47700E-14
   3660.22998   4.29979E-14
   3661.70117   4.21787E-14
   3663.17236   4.30824E-14
   3664.64380   4.20427E-14
   3666.11499   3.84596E-14
   3667.58618   3.33627E-14
   3669.05737   3.50179E-14
   3670.52881   3.57548E-14
   3672.00000   1.75991E-14
   3673.47119   3.04152E-14
   3674.94238   3.14923E-14
   3676.41382   3.16907E-14
   3677.88501   3.55399E-14
   3679.35620   1.28872E-14
   3680.82739   8.67539E-15
   3682.29883   2.16778E-14
   3683.77002   2.57260E-14
   3685.24121   1.57310E-14
   3686.71240   3.09858E-14
   3688.18384   2.74395E-14
   3689.65503   1.92032E-14
   3691.12622   1.69327E-14
   3692.59741   1.69260E-14
   3694.06860   2.23722E-14
   3695.54004   2.42207E-14
   3697.01123   2.36896E-14
   3698.48242   3.01228E-14
   3699.95361   3.06821E-14
   3701.42505   2.43858E-14
   3702.89624   3.06193E-14
   3704.36743   3.26577E-14
   3705.83862   2.76210E-14
   3707.31006   2.81689E-14
   3708.78125   2.59857E-14
   3710.25244   2.74449E-14
   3711.72363   2.98043E-14
   3713.19507   2.67442E-14
   3714.66626   2.15685E-14
   3716.13745   1.79909E-14
   3717.60864   3.13043E-14
   3719.07983   3.10667E-14
   3720.55127   3.75184E-14
   3722.02246   4.69509E-14
   3723.49365   5.45752E-14
   3724.96484   5.04478E-14
   3726.43628   3.28994E-14
   3727.90747   2.92125E-14
   3729.37866   3.44108E-14
   3730.84985   3.32336E-14
   3732.32129   3.62332E-14
   3733.79248   3.63170E-14
   3735.26367   3.72291E-14
   3736.73486   3.04202E-14
   3738.20630   2.64209E-14
   3739.67749   2.30962E-14
   3741.14868   1.75298E-14
   3742.61987   1.73693E-14
   3744.09106   2.01699E-14
   3745.56250   3.30539E-14
   3747.03369   3.78328E-14
   3748.50488   2.48883E-14
   3749.97607   3.82046E-14
   3751.44751   3.87472E-14
   3752.91870   3.27242E-14
   3754.38989   7.84748E-14
   3755.86108   1.48552E-13
   3757.33252   2.15461E-13
   3758.80371   2.14073E-13
   3760.27490   1.59464E-13
   3761.74609   1.06417E-13
   3763.21753   4.63749E-14
   3764.68872   2.71688E-14
   3766.15991   2.69729E-14
   3767.63110   3.10400E-14
   3769.10254   4.66850E-14
   3770.57373   3.30549E-14
   3772.04492   2.71037E-14
   3773.51611   2.49924E-14
   3774.98730   1.35709E-14
   3776.45874   1.76904E-14
   3777.92993   1.83663E-14
   3779.40112   2.16232E-14
   3780.87231   1.85423E-14
   3782.34375   2.24348E-14
   3783.81494   1.40091E-14
   3785.28613   1.15553E-14
   3786.75732   1.73442E-14
   3788.22876   2.08735E-14
   3789.69995   1.57385E-14
   3791.17114   1.59004E-14
   3792.64233   2.94237E-14
   3794.11377   3.95657E-14
   3795.58496   5.05317E-14
   3797.05615   5.06690E-14
   3798.52734   4.32605E-14
   3799.99854   2.47869E-14
   3801.46997   1.03712E-14
   3802.94116   1.76536E-14
   3804.41235   1.83537E-14
   3805.88354   1.70155E-14
   3807.35498   1.36154E-14
   3808.82617   1.48088E-14
   3810.29736   2.40304E-14
   3811.76855   2.24882E-14
   3813.23999   2.01437E-14
   3814.71118   2.16948E-14
   3816.18237   1.62807E-14
   3817.65356   2.66895E-14
   3819.12500   2.77309E-14
   3820.59619   2.58224E-14
   3822.06738   1.80426E-14
   3823.53857   1.96878E-14
   3825.00977   2.28644E-14
   3826.48120   1.74363E-14
   3827.95239   1.97244E-14
   3829.42358   1.53746E-14
   3830.89478   2.92872E-14
   3832.36621   4.58506E-14
   3833.83740   6.40918E-14
   3835.30859   5.39340E-14
   3836.77979   4.48776E-14
   3838.25122   3.82663E-14
   3839.72241   2.28813E-14
   3841.19360   2.18553E-14
   3842.66479   1.73763E-14
   3844.13623   1.62314E-14
   3845.60742   1.46187E-14
   3847.07861   2.06004E-14
   3848.54980   1.44859E-14
   3850.02100   1.55420E-14
   3851.49243   1.32964E-14
   3852.96362   2.20757E-14
   3854.43481   1.22140E-14
   3855.90601   1.88447E-14
   3857.37744   2.33700E-14
   3858.84863   2.36180E-14
   3860.31982   2.11350E-14
   3861.79102   2.14741E-14
   3863.26245   5.39005E-14
   3864.73364   1.47172E-13
   3866.20483   2.29400E-13
   3867.67603   2.32129E-13
   3869.14746   1.86628E-13
   3870.61865   1.01801E-13
   3872.08984   4.74782E-14
   3873.56104   2.15375E-14
   3875.03247   1.70622E-14
   3876.50366   1.55538E-14
   3877.97485   1.13656E-14
   3879.44604   1.42187E-14
   3880.91724   1.36003E-14
   3882.38867   1.96493E-14
   3883.85986   3.22663E-14
   3885.33105   5.67249E-14
   3886.80225   7.61090E-14
   3888.27368   8.42246E-14
   3889.74487   8.12010E-14
   3891.21606   6.25374E-14
   3892.68726   3.67907E-14
   3894.15869   3.34509E-14
   3895.62988   2.29142E-14
   3897.10107   1.77720E-14
   3898.57227   1.32469E-14
   3900.04370   1.34260E-14
   3901.51489   1.58532E-14
   3902.98608   1.52799E-14
   3904.45728   1.83592E-14
   3905.92847   1.40358E-14
   3907.39990   1.21269E-14
   3908.87109   1.63459E-14
   3910.34229   1.91838E-14
   3911.81348   1.90462E-14
   3913.28491   1.26388E-14
   3914.75610   1.38813E-14
   3916.22729   1.52576E-14
   3917.69849   9.58965E-15
   3919.16992   1.32528E-14
   3920.64111   1.75981E-14
   3922.11230   1.77065E-14
   3923.58350   2.04006E-14
   3925.05493   1.88383E-14
   3926.52612   2.35070E-14
   3927.99731   2.00815E-14
   3929.46851   9.58258E-15
   3930.93970   1.70246E-14
   3932.41113   1.63354E-14
   3933.88232   2.03878E-14
   3935.35352   1.81098E-14
   3936.82471   1.48766E-14
   3938.29614   1.77386E-14
   3939.76733   1.33404E-14
   3941.23853   1.48346E-14
   3942.70972   9.82722E-15
   3944.18115   1.77851E-14
   3945.65234   1.20111E-14
   3947.12354   1.34172E-14
   3948.59473   1.84299E-14
   3950.06616   1.36186E-14
   3951.53735   8.83647E-15
   3953.00854   1.51956E-14
   3954.47974   1.38869E-14
   3955.95117   1.55624E-14
   3957.42236   1.68083E-14
   3958.89355   1.27657E-14
   3960.36475   1.48825E-14
   3961.83594   3.01835E-14
   3963.30737   6.65897E-14
   3964.77856   1.03436E-13
   3966.24976   1.37728E-13
   3967.72095   1.39612E-13
   3969.19238   1.26996E-13
   3970.66357   8.82346E-14
   3972.13477   5.07319E-14
   3973.60596   2.55658E-14
   3975.07739   1.81900E-14
   3976.54858   1.49657E-14
   3978.01978   1.33404E-14
   3979.49097   1.37351E-14
   3980.96240   1.42275E-14
   3982.43359   2.05607E-14
   3983.90479   1.35915E-14
   3985.37598   1.48029E-14
   3986.84717   1.31438E-14
   3988.31860   9.90025E-15
   3989.78979   1.19115E-14
   3991.26099   1.32693E-14
   3992.73218   1.13794E-14
   3994.20361   1.21898E-14
   3995.67480   1.59253E-14
   3997.14600   1.54528E-14
   3998.61719   1.22339E-14
   4000.08862   1.03178E-14
   4001.55981   1.33117E-14
   4003.03101   1.32709E-14
   4004.50220   1.35429E-14
   4005.97363   1.68449E-14
   4007.44482   1.71652E-14
   4008.91602   1.39197E-14
   4010.38721   1.37909E-14
   4011.85840   1.36009E-14
   4013.32983   1.57906E-14
   4014.80103   1.63373E-14
   4016.27222   1.17048E-14
   4017.74341   1.56227E-14
   4019.21484   1.63861E-14
   4020.68604   1.60625E-14
   4022.15723   2.40927E-14
   4023.62842   3.14607E-14
   4025.09985   2.67341E-14
   4026.57104   2.94363E-14
   4028.04224   2.37554E-14
   4029.51343   1.71423E-14
   4030.98486   1.77162E-14
   4032.45605   1.43973E-14
   4033.92725   1.49446E-14
   4035.39844   1.43935E-14
   4036.86987   1.71469E-14
   4038.34106   1.34486E-14
   4039.81226   1.13456E-14
   4041.28345   1.07439E-14
   4042.75464   1.43168E-14
   4044.22607   6.96820E-15
   4045.69727   1.19633E-14
   4047.16846   1.05913E-14
   4048.63965   1.30386E-14
   4050.11108   1.30548E-14
   4051.58228   1.11106E-14
   4053.05347   1.25210E-14
   4054.52466   1.09694E-14
   4055.99609   1.45602E-14
   4057.46729   1.40541E-14
   4058.93848   1.41137E-14
   4060.40967   1.23580E-14
   4061.88110   1.13402E-14
   4063.35229   1.74127E-14
   4064.82349   1.69557E-14
   4066.29468   2.61941E-14
   4067.76587   3.05305E-14
   4069.23730   2.99492E-14
   4070.70850   2.60353E-14
   4072.17969   2.00289E-14
   4073.65088   2.24508E-14
   4075.12231   1.36437E-14
   4076.59351   1.52909E-14
   4078.06470   1.32624E-14
   4079.53589   1.11705E-14
   4081.00732   1.17929E-14
   4082.47852   1.10098E-14
   4083.94971   1.25367E-14
   4085.42090   1.84973E-14
   4086.89233   1.42389E-14
   4088.36353   1.61661E-14
   4089.83472   1.65197E-14
   4091.30591   1.88251E-14
   4092.77710   1.51685E-14
   4094.24854   2.90092E-14
   4095.71973   4.49756E-14
   4097.19092   7.12048E-14
   4098.66211   1.20448E-13
   4100.13330   1.42944E-13
   4101.60449   1.24705E-13
   4103.07617   9.39717E-14
   4104.54736   5.86318E-14
   4106.01855   2.91055E-14
   4107.48975   1.61894E-14
   4108.96094   1.78961E-14
   4110.43213   1.75253E-14
   4111.90332   1.37575E-14
   4113.37451   1.42509E-14
   4114.84619   1.31793E-14
   4116.31738   1.82624E-14
   4117.78857   1.53406E-14
   4119.25977   1.60111E-14
   4120.73096   1.53557E-14
   4122.20215   1.55500E-14
   4123.67334   1.46841E-14
   4125.14453   1.49914E-14
   4126.61572   1.57161E-14
   4128.08740   1.38173E-14
   4129.55859   1.40865E-14
   4131.02979   1.10960E-14
   4132.50098   1.17246E-14
   4133.97217   1.42853E-14
   4135.44336   1.10392E-14
   4136.91455   1.34648E-14
   4138.38574   1.54199E-14
   4139.85742   1.73896E-14
   4141.32861   1.95369E-14
   4142.79980   1.81949E-14
   4144.27100   1.83186E-14
   4145.74219   1.42969E-14
   4147.21338   1.23086E-14
   4148.68457   1.41458E-14
   4150.15576   1.18782E-14
   4151.62695   1.37650E-14
   4153.09863   1.70096E-14
   4154.56982   1.43534E-14
   4156.04102   1.25604E-14
   4157.51221   1.37883E-14
   4158.98340   8.03625E-15
   4160.45459   1.03504E-14
   4161.92578   1.81950E-14
   4163.39697   1.44268E-14
   4164.86865   1.38245E-14
   4166.33984   1.28741E-14
   4167.81104   1.14330E-14
   4169.28223   1.55763E-14
   4170.75342   1.29545E-14
   4172.22461   1.70518E-14
   4173.69580   1.53272E-14
   4175.16699   1.79746E-14
   4176.63818   2.17318E-14
   4178.10986   2.00948E-14
   4179.58105   2.28018E-14
   4181.05225   2.13992E-14
   4182.52344   2.10604E-14
   4183.99463   1.78556E-14
   4185.46582   1.62789E-14
   4186.93701   1.63972E-14
   4188.40820   1.48902E-14
   4189.87988   1.22512E-14
   4191.35107   1.60070E-14
   4192.82227   1.47446E-14
   4194.29346   1.63186E-14
   4195.76465   2.02016E-14
   4197.23584   2.55418E-14
   4198.70703   2.84291E-14
   4200.17822   1.02112E-14
   4201.64941   1.97956E-14
   4203.12109   2.04532E-14
   4204.59229   1.59740E-14
   4206.06348   1.70968E-14
   4207.53467   1.43936E-14
   4209.00586   1.35140E-14
   4210.47705   1.28323E-14
   4211.94824   1.60892E-14
   4213.41943   1.12615E-14
   4214.89111   1.21947E-14
   4216.36230   1.21214E-14
   4217.83350   1.39142E-14
   4219.30469   1.41642E-14
   4220.77588   1.33976E-14
   4222.24707   1.35026E-14
   4223.71826   1.39969E-14
   4225.18945   1.18007E-14
   4226.66064   1.53678E-14
   4228.13232   1.07593E-14
   4229.60352   1.48061E-14
   4231.07471   2.00470E-14
   4232.54590   1.91302E-14
   4234.01709   1.87564E-14
   4235.48828   1.78558E-14
   4236.95947   1.45106E-14
   4238.43066   1.38397E-14
   4239.90234   1.75958E-14
   4241.37354   2.14124E-14
   4242.84473   2.81139E-14
   4244.31592   2.55122E-14
   4245.78711   2.03931E-14
   4247.25830   1.65340E-14
   4248.72949   1.61305E-14
   4250.20068   1.38180E-14
   4251.67236   1.28054E-14
   4253.14355   1.21520E-14
   4254.61475   1.17732E-14
   4256.08594   1.07166E-14
   4257.55713   1.52855E-14
   4259.02832   1.14682E-14
   4260.49951   1.50769E-14
   4261.97070   1.22268E-14
   4263.44189   1.36739E-14
   4264.91357   1.32562E-14
   4266.38477   1.34179E-14
   4267.85596   1.40376E-14
   4269.32715   1.21875E-14
   4270.79834   1.39785E-14
   4272.26953   1.37165E-14
   4273.74072   1.60883E-14
   4275.21191   2.15842E-14
   4276.68359   2.04444E-14
   4278.15479   1.63368E-14
   4279.62598   1.47799E-14
   4281.09717   1.29337E-14
   4282.56836   1.29164E-14
   4284.03955   1.79142E-14
   4285.51074   2.13270E-14
   4286.98193   2.08420E-14
   4288.45312   1.65542E-14
   4289.92480   1.77198E-14
   4291.39600   1.58632E-14
   4292.86719   1.32895E-14
   4294.33838   1.55524E-14
   4295.80957   1.61387E-14
   4297.28076   1.51745E-14
   4298.75195   1.26829E-14
   4300.22314   1.47496E-14
   4301.69482   1.47247E-14
   4303.16602   1.48287E-14
   4304.63721   1.48714E-14
   4306.10840   1.35012E-14
   4307.57959   1.47253E-14
   4309.05078   1.27889E-14
   4310.52197   1.37398E-14
   4311.99316   1.26153E-14
   4313.46436   1.43282E-14
   4314.93604   1.78708E-14
   4316.40723   1.56362E-14
   4317.87842   1.55972E-14
   4319.34961   1.48621E-14
   4320.82080   1.57592E-14
   4322.29199   1.52299E-14
   4323.76318   1.29334E-14
   4325.23438   1.37224E-14
   4326.70605   1.36866E-14
   4328.17725   1.50662E-14
   4329.64844   1.55490E-14
   4331.11963   1.68488E-14
   4332.59082   2.06559E-14
   4334.06201   3.14053E-14
   4335.53320   8.03007E-14
   4337.00439   1.66415E-13
   4338.47559   2.32051E-13
   4339.94727   2.23087E-13
   4341.41846   1.70632E-13
   4342.88965   9.89082E-14
   4344.36084   4.80494E-14
   4345.83203   2.74689E-14
   4347.30322   1.82454E-14
   4348.77441   2.14316E-14
   4350.24561   2.29090E-14
   4351.71729   1.85146E-14
   4353.18848   1.80847E-14
   4354.65967   1.98284E-14
   4356.13086   2.63751E-14
   4357.60205   3.59145E-14
   4359.07324   7.62752E-14
   4360.54443   1.31939E-13
   4362.01562   1.36230E-13
   4363.48682   1.11876E-13
   4364.95850   7.56330E-14
   4366.42969   3.89732E-14
   4367.90088   2.04595E-14
   4369.37207   1.47931E-14
   4370.84326   1.58938E-14
   4372.31445   1.66351E-14
   4373.78564   1.58230E-14
   4375.25684   1.47776E-14
   4376.72852   1.60022E-14
   4378.19971   1.45343E-14
   4379.67090   1.45005E-14
   4381.14209   1.37229E-14
   4382.61328   1.76603E-14
   4384.08447   1.80331E-14
   4385.55566   1.88815E-14
   4387.02686   2.37604E-14
   4388.49805   1.82445E-14
   4389.96973   1.54132E-14
   4391.44092   1.53563E-14
   4392.91211   1.23800E-14
   4394.38330   1.61147E-14
   4395.85449   1.32985E-14
   4397.32568   1.11740E-14
   4398.79688   1.39469E-14
   4400.26807   1.38334E-14
   4401.73975   1.38539E-14
   4403.21094   1.32075E-14
   4404.68213   1.32672E-14
   4406.15332   1.13304E-14
   4407.62451   1.31515E-14
   4409.09570   1.60708E-14
   4410.56689   1.65661E-14
   4412.03809   1.83534E-14
   4413.50977   2.60224E-14
   4414.98096   2.37898E-14
   4416.45215   2.02435E-14
   4417.92334   1.99453E-14
   4419.39453   1.81751E-14
   4420.86572   1.67695E-14
   4422.33691   1.31622E-14
   4423.80811   1.49432E-14
   4425.27930   1.37106E-14
   4426.75098   1.16752E-14
   4428.22217   1.13747E-14
   4429.69336   1.45119E-14
   4431.16455   1.24244E-14
   4432.63574   1.12374E-14
   4434.10693   1.39674E-14
   4435.57812   1.56022E-14
   4437.04932   1.17750E-14
   4438.52100   1.39822E-14
   4439.99219   1.14672E-14
   4441.46338   1.55151E-14
   4442.93457   1.47661E-14
   4444.40576   1.54762E-14
   4445.87695   1.49604E-14
   4447.34814   1.53594E-14
   4448.81934   1.69826E-14
   4450.29053   1.52263E-14
   4451.76221   1.68697E-14
   4453.23340   1.57839E-14
   4454.70459   1.73295E-14
   4456.17578   1.73335E-14
   4457.64697   1.42035E-14
   4459.11816   9.00085E-15
   4460.58936   1.34991E-14
   4462.06055   1.45971E-14
   4463.53223   1.48313E-14
   4465.00342   1.42872E-14
   4466.47461   1.95503E-14
   4467.94580   2.80237E-14
   4469.41699   3.06691E-14
   4470.88818   3.38041E-14
   4472.35938   2.68698E-14
   4473.83057   2.17412E-14
   4475.30176   2.10367E-14
   4476.77344   1.51826E-14
   4478.24463   1.50535E-14
   4479.71582   1.38951E-14
   4481.18701   1.40886E-14
   4482.65820   1.39588E-14
   4484.12939   1.15394E-14
   4485.60059   1.35807E-14
   4487.07178   1.77866E-14
   4488.54346   2.37865E-14
   4490.01465   2.18136E-14
   4491.48584   1.81685E-14
   4492.95703   1.71699E-14
   4494.42822   1.69738E-14
   4495.89941   1.24387E-14
   4497.37061   1.48759E-14
   4498.84180   1.49697E-14
   4500.31299   1.44743E-14
   4501.78467   1.29946E-14
   4503.25586   1.28975E-14
   4504.72705   1.48621E-14
   4506.19824   1.50671E-14
   4507.66943   1.59790E-14
   4509.14062   1.59450E-14
   4510.61182   1.77787E-14
   4512.08301   1.84095E-14
   4513.55469   2.27177E-14
   4515.02588   2.42921E-14
   4516.49707   1.94375E-14
   4517.96826   1.73390E-14
   4519.43945   2.12307E-14
   4520.91064   2.01939E-14
   4522.38184   1.76536E-14
   4523.85303   1.56379E-14
   4525.32422   1.56161E-14
   4526.79590   1.56823E-14
   4528.26709   1.55044E-14
   4529.73828   1.51897E-14
   4531.20947   1.31309E-14
   4532.68066   1.44274E-14
   4534.15186   1.74622E-14
   4535.62305   1.74610E-14
   4537.09424   2.17591E-14
   4538.56592   3.36853E-14
   4540.03711   4.12436E-14
   4541.50830   3.92318E-14
   4542.97949   3.11500E-14
   4544.45068   2.23605E-14
   4545.92188   1.79747E-14
   4547.39307   1.74764E-14
   4548.86426   1.65630E-14
   4550.33545   1.79248E-14
   4551.80713   1.76015E-14
   4553.27832   1.93244E-14
   4554.74951   1.99651E-14
   4556.22070   1.89893E-14
   4557.69189   1.59550E-14
   4559.16309   1.77629E-14
   4560.63428   1.43992E-14
   4562.10547   1.28562E-14
   4563.57715   1.37235E-14
   4565.04834   1.59384E-14
   4566.51953   1.69172E-14
   4567.99072   1.81549E-14
   4569.46191   1.97446E-14
   4570.93311   1.94914E-14
   4572.40430   1.86987E-14
   4573.87549   1.73989E-14
   4575.34717   1.66604E-14
   4576.81836   1.75536E-14
   4578.28955   1.63553E-14
   4579.76074   1.95648E-14
   4581.23193   2.04258E-14
   4582.70312   2.27154E-14
   4584.17432   2.16330E-14
   4585.64551   1.89454E-14
   4587.11670   1.59149E-14
   4588.58838   1.54500E-14
   4590.05957   1.50345E-14
   4591.53076   1.45952E-14
   4593.00195   1.58794E-14
   4594.47314   1.51365E-14
   4595.94434   1.59105E-14
   4597.41553   1.51524E-14
   4598.88672   1.39929E-14
   4600.35840   1.53377E-14
   4601.82959   1.58860E-14
   4603.30078   1.76234E-14
   4604.77197   1.79710E-14
   4606.24316   1.66457E-14
   4607.71436   1.61332E-14
   4609.18555   1.64052E-14
   4610.65674   1.52878E-14
   4612.12793   1.45273E-14
   4613.59961   1.42924E-14
   4615.07080   1.55272E-14
   4616.54199   1.59203E-14
   4618.01318   1.72372E-14
   4619.48438   1.72047E-14
   4620.95557   1.58066E-14
   4622.42676   1.56615E-14
   4623.89795   1.48995E-14
   4625.36963   1.77628E-14
   4626.84082   2.22319E-14
   4628.31201   2.45838E-14
   4629.78320   2.71691E-14
   4631.25439   3.00227E-14
   4632.72559   2.86406E-14
   4634.19678   2.54409E-14
   4635.66797   2.50539E-14
   4637.13916   3.01688E-14
   4638.61084   3.91800E-14
   4640.08203   4.14661E-14
   4641.55322   3.50478E-14
   4643.02441   2.83465E-14
   4644.49561   2.47041E-14
   4645.96680   2.26798E-14
   4647.43799   2.22834E-14
   4648.90918   2.21196E-14
   4650.38086   2.05097E-14
   4651.85205   1.94578E-14
   4653.32324   1.97777E-14
   4654.79443   2.34665E-14
   4656.26562   2.61961E-14
   4657.73682   2.45828E-14
   4659.20801   2.17981E-14
   4660.67920   1.98460E-14
   4662.15039   1.91348E-14
   4663.62207   2.06363E-14
   4665.09326   2.19017E-14
   4666.56445   2.14161E-14
   4668.03564   2.22001E-14
   4669.50684   2.06520E-14
   4670.97803   2.10287E-14
   4672.44922   2.27894E-14
   4673.92041   2.20458E-14
   4675.39209   2.10868E-14
   4676.86328   2.46311E-14
   4678.33447   3.10951E-14
   4679.80566   6.68984E-14
   4681.27686   2.17766E-13
   4682.74805   4.89395E-13
   4684.21924   6.43653E-13
   4685.69043   5.90781E-13
   4687.16162   4.29025E-13
   4688.63330   2.35784E-13
   4690.10449   8.30514E-14
   4691.57568   3.26490E-14
   4693.04688   2.22650E-14
   4694.51807   2.42154E-14
   4695.98926   2.72289E-14
   4697.46045   3.20082E-14
   4698.93164   3.09977E-14
   4700.40332   2.78149E-14
   4701.87451   2.35830E-14
   4703.34570   2.21625E-14
   4704.81689   1.81261E-14
   4706.28809   1.84831E-14
   4707.75928   2.00130E-14
   4709.23047   2.43834E-14
   4710.70166   3.46832E-14
   4712.17285   3.83488E-14
   4713.64453   3.99971E-14
   4715.11572   3.34779E-14
   4716.58691   2.47657E-14
   4718.05811   1.86867E-14
   4719.52930   2.03968E-14
   4721.00049   3.12271E-14
   4722.47168   3.81144E-14
   4723.94287   3.82104E-14
   4725.41455   3.87610E-14
   4726.88574   3.23890E-14
   4728.35693   2.52623E-14
   4729.82812   1.99062E-14
   4731.29932   1.93221E-14
   4732.77051   1.64865E-14
   4734.24170   1.65713E-14
   4735.71289   1.70035E-14
   4737.18457   1.89825E-14
   4738.65576   1.92940E-14
   4740.12695   1.80936E-14
   4741.59814   1.90155E-14
   4743.06934   1.62855E-14
   4744.54053   1.46618E-14
   4746.01172   1.52643E-14
   4747.48291   1.62224E-14
   4748.95410   1.66020E-14
   4750.42578   1.60307E-14
   4751.89697   1.81833E-14
   4753.36816   1.63451E-14
   4754.83936   1.98168E-14
   4756.31055   1.52471E-14
   4757.78174   1.31994E-14
   4759.25293   1.66071E-14
   4760.72412   1.50386E-14
   4762.19580   1.44928E-14
   4763.66699   1.38021E-14
   4765.13818   1.48314E-14
   4766.60938   1.39875E-14
   4768.08057   1.49336E-14
   4769.55176   1.48418E-14
   4771.02295   1.40580E-14
   4772.49414   1.60626E-14
   4773.96533   1.54659E-14
   4775.43701   1.56783E-14
   4776.90820   1.31764E-14
   4778.37939   1.44700E-14
   4779.85059   1.41547E-14
   4781.32178   1.46824E-14
   4782.79297   1.71461E-14
   4784.26416   1.39695E-14
   4785.73535   1.47271E-14
   4787.20703   1.54061E-14
   4788.67822   1.45282E-14
   4790.14941   1.51947E-14
   4791.62061   1.42067E-14
   4793.09180   1.54598E-14
   4794.56299   1.40819E-14
   4796.03418   1.50123E-14
   4797.50537   1.50182E-14
   4798.97656   1.47826E-14
   4800.44824   1.65957E-14
   4801.91943   1.38244E-14
   4803.39062   1.42109E-14
   4804.86182   1.35157E-14
   4806.33301   1.50503E-14
   4807.80420   1.27535E-14
   4809.27539   1.35295E-14
   4810.74658   1.62726E-14
   4812.21826   1.88928E-14
   4813.68945   1.89814E-14
   4815.16064   1.90810E-14
   4816.63184   1.66677E-14
   4818.10303   1.53718E-14
   4819.57422   1.52144E-14
   4821.04541   1.48746E-14
   4822.51660   1.54233E-14
   4823.98779   1.45930E-14
   4825.45947   1.52790E-14
   4826.93066   1.61533E-14
   4828.40186   1.51550E-14
   4829.87305   1.45777E-14
   4831.34424   1.52149E-14
   4832.81543   1.57012E-14
   4834.28662   1.78718E-14
   4835.75781   1.71723E-14
   4837.22949   1.63507E-14
   4838.70068   1.66943E-14
   4840.17188   1.64716E-14
   4841.64307   1.64731E-14
   4843.11426   1.72907E-14
   4844.58545   1.74858E-14
   4846.05664   2.00679E-14
   4847.52783   2.08286E-14
   4848.99902   2.17203E-14
   4850.47070   2.52228E-14
   4851.94189   2.74456E-14
   4853.41309   3.39451E-14
   4854.88428   6.79458E-14
   4856.35547   1.81339E-13
   4857.82666   3.87357E-13
   4859.29785   5.59034E-13
   4860.76904   5.74419E-13
   4862.24072   4.40930E-13
   4863.71191   2.75462E-13
   4865.18311   1.37931E-13
   4866.65430   6.00375E-14
   4868.12549   3.57739E-14
   4869.59668   2.39507E-14
   4871.06787   2.35996E-14
   4872.53906   2.26282E-14
   4874.01025   2.21011E-14
   4875.48193   2.17398E-14
   4876.95312   2.00988E-14
   4878.42432   2.17962E-14
   4879.89551   1.87928E-14
   4881.36670   1.82931E-14
   4882.83789   1.87765E-14
   4884.30908   1.78884E-14
   4885.78027   2.17874E-14
   4887.25195   2.08065E-14
   4888.72314   2.62090E-14
   4890.19434   3.23248E-14
   4891.66553   3.73192E-14
   4893.13672   3.89508E-14
   4894.60791   3.67846E-14
   4896.07910   3.10187E-14
   4897.55029   2.40830E-14
   4899.02197   2.06799E-14
   4900.49316   1.92904E-14
   4901.96436   2.16129E-14
   4903.43555   2.11927E-14
   4904.90674   2.28753E-14
   4906.37793   2.29667E-14
   4907.84912   1.99034E-14
   4909.32031   1.79001E-14
   4910.79150   1.90634E-14
   4912.26318   1.69458E-14
   4913.73438   1.66030E-14
   4915.20557   1.78573E-14
   4916.67676   1.90411E-14
   4918.14795   2.42464E-14
   4919.61914   3.08401E-14
   4921.09033   3.41005E-14
   4922.56152   3.31942E-14
   4924.03320   2.95964E-14
   4925.50439   2.58356E-14
   4926.97559   2.74275E-14
   4928.44678   2.56815E-14
   4929.91797   2.64681E-14
   4931.38916   2.58186E-14
   4932.86035   2.33213E-14
   4934.33154   2.40926E-14
   4935.80273   3.24065E-14
   4937.27441   4.30467E-14
   4938.74561   5.42238E-14
   4940.21680   6.41088E-14
   4941.68799   6.70119E-14
   4943.15918   5.79360E-14
   4944.63037   5.01497E-14
   4946.10156   3.78736E-14
   4947.57275   2.98422E-14
   4949.04443   2.55338E-14
   4950.51562   2.37065E-14
   4951.98682   2.78184E-14
   4953.45801   4.62482E-14
   4954.92920   9.82193E-14
   4956.40039   1.44303E-13
   4957.87158   1.42263E-13
   4959.34277   1.11302E-13
   4960.81396   7.17569E-14
   4962.28564   3.72366E-14
   4963.75684   2.60975E-14
   4965.22803   2.77523E-14
   4966.69922   3.06505E-14
   4968.17041   3.43100E-14
   4969.64160   3.79331E-14
   4971.11279   3.61477E-14
   4972.58398   3.33304E-14
   4974.05566   2.87522E-14
   4975.52686   2.48249E-14
   4976.99805   1.98638E-14
   4978.46924   1.56672E-14
   4979.94043   1.64418E-14
   4981.41162   1.75019E-14
   4982.88281   1.83578E-14
   4984.35400   2.32741E-14
   4985.82520   3.53360E-14
   4987.29688   4.29819E-14
   4988.76807   4.43627E-14
   4990.23926   3.65103E-14
   4991.71045   2.67827E-14
   4993.18164   2.05968E-14
   4994.65283   1.92469E-14
   4996.12402   1.74071E-14
   4997.59521   1.65876E-14
   4999.06689   2.23586E-14
   5000.53809   5.16012E-14
   5002.00928   1.66595E-13
   5003.48047   3.43488E-13
   5004.95166   4.20717E-13
   5006.42285   3.80533E-13
   5007.89404   2.69371E-13
   5009.36523   1.37147E-13
   5010.83643   5.43403E-14
   5012.30811   2.74473E-14
   5013.77930   2.74949E-14
   5015.25049   3.03048E-14
   5016.72168   3.00318E-14
   5018.19287   2.86056E-14
   5019.66406   2.39718E-14
   5021.13525   2.09778E-14
   5022.60645   1.73781E-14
   5024.07812   1.69926E-14
   5025.54932   1.65543E-14
   5027.02051   1.65629E-14
   5028.49170   1.74824E-14
   5029.96289   1.82475E-14
   5031.43408   1.88732E-14
   5032.90527   1.87788E-14
   5034.37646   1.80318E-14
   5035.84766   2.05196E-14
   5037.31934   2.24986E-14
   5038.79053   2.71778E-14
   5040.26172   2.81395E-14
   5041.73291   2.45101E-14
   5043.20410   2.32966E-14
   5044.67529   2.34414E-14
   5046.14648   2.11958E-14
   5047.61768   2.08910E-14
   5049.08936   2.01073E-14
   5050.56055   2.01383E-14
   5052.03174   1.98215E-14
   5053.50293   2.06128E-14
   5054.97412   2.22725E-14
   5056.44531   2.12949E-14
   5057.91650   2.18879E-14
   5059.38770   2.00032E-14
   5060.85889   1.99253E-14
   5062.33057   1.91274E-14
   5063.80176   1.75607E-14
   5065.27295   1.87038E-14
   5066.74414   1.78605E-14
   5068.21533   1.93775E-14
   5069.68652   2.07504E-14
   5071.15771   2.00304E-14
   5072.62891   2.01897E-14
   5074.10059   2.04084E-14
   5075.57178   1.98374E-14
   5077.04297   1.95951E-14
   5078.51416   1.87864E-14
   5079.98535   1.74669E-14
   5081.45654   1.85842E-14
   5082.92773   1.93603E-14
   5084.39893   2.10668E-14
   5085.87061   2.03538E-14
   5087.34180   1.99308E-14
   5088.81299   2.02791E-14
   5090.28418   2.09226E-14
   5091.75537   2.05158E-14
   5093.22656   2.19809E-14
   5094.69775   2.07960E-14
   5096.16895   2.02608E-14
   5097.64014   2.12733E-14
   5099.11182   2.19851E-14
   5100.58301   2.30758E-14
   5102.05420   2.25121E-14
   5103.52539   2.22589E-14
   5104.99658   2.05036E-14
   5106.46777   2.24710E-14
   5107.93896   2.35889E-14
   5109.41016   2.45605E-14
   5110.88184   2.49576E-14
   5112.35303   2.36057E-14
   5113.82422   2.38084E-14
   5115.29541   2.30762E-14
   5116.76660   2.21788E-14
   5118.23779   2.41297E-14
   5119.70898   2.18320E-14
   5121.18018   2.12511E-14
   5122.65137   2.11197E-14
   5124.12305   2.15662E-14
   5125.59424   2.25417E-14
   5127.06543   2.23801E-14
   5128.53662   2.38681E-14
   5130.00781   2.47983E-14
   5131.47900   2.49416E-14
   5132.95020   2.59740E-14
   5134.42139   2.61045E-14
   5135.89307   2.56363E-14
   5137.36426   2.26222E-14
   5138.83545   2.22789E-14
   5140.30664   2.49100E-14
   5141.77783   2.98537E-14
   5143.24902   3.81569E-14
   5144.72021   4.10531E-14
   5146.19141   4.06885E-14
   5147.66260   3.52777E-14
   5149.13428   2.77670E-14
   5150.60547   2.66425E-14
   5152.07666   2.59256E-14
   5153.54785   2.95625E-14
   5155.01904   4.83262E-14
   5156.49023   6.79415E-14
   5157.96143   7.58920E-14
   5159.43262   7.23198E-14
   5160.90430   5.91151E-14
   5162.37549   4.32248E-14
   5163.84668   3.22668E-14
   5165.31787   2.72801E-14
   5166.78906   2.40134E-14
   5168.26025   2.35352E-14
   5169.73145   2.47979E-14
   5171.20264   2.88151E-14
   5172.67383   3.75124E-14
   5174.14551   5.07992E-14
   5175.61670   5.59877E-14
   5177.08789   5.11095E-14
   5178.55908   4.11800E-14
   5180.03027   2.90279E-14
   5181.50146   2.04598E-14
   5182.97266   1.99364E-14
   5184.44385   2.01025E-14
   5185.91553   2.10097E-14
   5187.38672   1.96917E-14
   5188.85791   1.87064E-14
   5190.32910   1.89341E-14
   5191.80029   1.84020E-14
   5193.27148   2.00978E-14
   5194.74268   2.18213E-14
   5196.21387   2.51530E-14
   5197.68506   2.59106E-14
   5199.15674   2.47119E-14
   5200.62793   2.21417E-14
   5202.09912   1.99094E-14
   5203.57031   1.91888E-14
   5205.04150   1.82047E-14
   5206.51270   1.84305E-14
   5207.98389   1.88800E-14
   5209.45508   2.03021E-14
   5210.92676   1.92539E-14
   5212.39795   1.82407E-14
   5213.86914   1.90231E-14
   5215.34033   1.94532E-14
   5216.81152   2.26323E-14
   5218.28271   2.27225E-14
   5219.75391   2.10464E-14
   5221.22510   2.18746E-14
   5222.69629   2.16207E-14
   5224.16797   2.14179E-14
   5225.63916   2.03181E-14
   5227.11035   1.94380E-14
   5228.58154   2.02624E-14
   5230.05273   2.25455E-14
   5231.52393   2.71409E-14
   5232.99512   3.05626E-14
   5234.46631   3.14331E-14
   5235.93799   2.97504E-14
   5237.40918   2.60170E-14
   5238.88037   2.33692E-14
   5240.35156   2.03045E-14
   5241.82275   2.00125E-14
   5243.29395   2.07613E-14
   5244.76514   1.96320E-14
   5246.23633   1.93039E-14
   5247.70801   2.01325E-14
   5249.17920   1.91250E-14
   5250.65039   2.01493E-14
   5252.12158   1.97108E-14
   5253.59277   2.17399E-14
   5255.06396   2.36729E-14
   5256.53516   2.53612E-14
   5258.00635   2.62916E-14
   5259.47754   3.10159E-14
   5260.94922   3.27961E-14
   5262.42041   2.91907E-14
   5263.89160   2.70156E-14
   5265.36279   2.46736E-14
   5266.83398   2.70047E-14
   5268.30518   3.12288E-14
   5269.77637   3.21577E-14
   5271.24756   3.48043E-14
   5272.71924   4.21133E-14
   5274.19043   5.80912E-14
   5275.66162   6.29987E-14
   5277.13281   5.78582E-14
   5278.60400   4.53304E-14
   5280.07520   3.38537E-14
   5281.54639   3.06111E-14
   5283.01758   2.40134E-14
   5284.48877   2.61376E-14
   5285.96045   2.52513E-14
   5287.43164   2.46123E-14
   5288.90283   2.48641E-14
   5290.37402   2.40339E-14
   5291.84521   2.51659E-14
   5293.31641   2.45659E-14
   5294.78760   2.51970E-14
   5296.25879   2.62987E-14
   5297.73047   2.44522E-14
   5299.20166   2.59706E-14
   5300.67285   2.40422E-14
   5302.14404   2.56445E-14
   5303.61523   2.71021E-14
   5305.08643   3.97221E-14
   5306.55762   5.79422E-14
   5308.02881   6.61994E-14
   5309.50000   6.25937E-14
   5310.97168   5.08610E-14
   5312.44287   4.01800E-14
   5313.91406   3.56998E-14
   5315.38525   3.66440E-14
   5316.85645   3.44499E-14
   5318.32764   3.36040E-14
   5319.79883   2.83122E-14
   5321.27002   2.51863E-14
   5322.74170   2.39580E-14
   5324.21289   2.59398E-14
   5325.68408   2.53527E-14
   5327.15527   2.51173E-14
   5328.62646   2.58123E-14
   5330.09766   2.67824E-14
   5331.56885   3.05637E-14
   5333.04004   3.41565E-14
   5334.51123   3.74820E-14
   5335.98291   3.45421E-14
   5337.45410   2.92626E-14
   5338.92529   2.65947E-14
   5340.39648   2.48915E-14
   5341.86768   2.34141E-14
   5343.33887   2.55054E-14
   5344.81006   2.46761E-14
   5346.28125   2.58106E-14
   5347.75293   2.27043E-14
   5349.22412   2.39514E-14
   5350.69531   2.40684E-14
   5352.16650   2.41523E-14
   5353.63770   2.31764E-14
   5355.10889   2.62420E-14
   5356.58008   2.29783E-14
   5358.05127   2.43658E-14
   5359.52246   2.52224E-14
   5360.99414   2.61715E-14
   5362.46533   2.93287E-14
   5363.93652   2.79605E-14
   5365.40771   2.58484E-14
   5366.87891   2.63458E-14
   5368.35010   2.68778E-14
   5369.82129   2.42147E-14
   5371.29248   2.75580E-14
   5372.76416   2.51868E-14
   5374.23535   2.91020E-14
   5375.70654   2.92815E-14
   5377.17773   2.68910E-14
   5378.64893   2.90758E-14
   5380.12012   2.65923E-14
   5381.59131   2.66942E-14
   5383.06250   2.63317E-14
   5384.53369   2.36269E-14
   5386.00537   2.35562E-14
   5387.47656   2.64622E-14
   5388.94775   2.64528E-14
   5390.41895   2.38963E-14
   5391.89014   2.54723E-14
   5393.36133   2.37183E-14
   5394.83252   2.74046E-14
   5396.30371   2.72558E-14
   5397.77539   2.55258E-14
   5399.24658   2.70133E-14
   5400.71777   2.62492E-14
   5402.18896   2.61943E-14
   5403.66016   2.64487E-14
   5405.13135   2.88015E-14
   5406.60254   3.97653E-14
   5408.07373   7.25901E-14
   5409.54541   9.92778E-14
   5411.01660   9.58972E-14
   5412.48779   8.43495E-14
   5413.95898   6.24402E-14
   5415.43018   3.98786E-14
   5416.90137   3.15254E-14
   5418.37256   2.84146E-14
   5419.84375   3.02281E-14
   5421.31494   3.38503E-14
   5422.78662   3.55484E-14
   5424.25781   3.89341E-14
   5425.72900   3.87159E-14
   5427.20020   3.46567E-14
   5428.67139   3.00361E-14
   5430.14258   2.94600E-14
   5431.61377   3.19372E-14
   5433.08496   2.87835E-14
   5434.55664   2.83676E-14
   5436.02783   2.70330E-14
   5437.49902   2.60471E-14
   5438.97021   2.72237E-14
   5440.44141   2.94421E-14
   5441.91260   2.81319E-14
   5443.38379   2.65737E-14
   5444.85498   2.58380E-14
   5446.32617   2.49742E-14
   5447.79785   2.39258E-14
   5449.26904   2.22375E-14
   5450.74023   2.20962E-14
   5452.21143   2.14079E-14
   5453.68262   2.18796E-14
   5455.15381   2.16002E-14
   5456.62500   2.48146E-14
   5458.09619   2.78421E-14
   5459.56787   3.20172E-14
   5461.03906   3.00924E-14
   5462.51025   2.68214E-14
   5463.98145   2.54700E-14
   5465.45264   2.38849E-14
   5466.92383   2.21485E-14
   5468.39502   2.21419E-14
   5469.86621   2.45756E-14
   5471.33740   2.34130E-14
   5472.80908   2.48423E-14
   5474.28027   2.44232E-14
   5475.75146   2.42277E-14
   5477.22266   2.44638E-14
   5478.69385   2.44222E-14
   5480.16504   2.39129E-14
   5481.63623   2.47365E-14
   5483.10742   2.53120E-14
   5484.57910   2.80886E-14
   5486.05029   2.70589E-14
   5487.52148   2.60579E-14
   5488.99268   2.55618E-14
   5490.46387   2.56085E-14
   5491.93506   2.55365E-14
   5493.40625   2.62461E-14
   5494.87744   2.71853E-14
   5496.34863   2.62767E-14
   5497.82031   2.53930E-14
   5499.29150   2.28044E-14
   5500.76270   2.28399E-14
   5502.23389   2.45361E-14
   5503.70508   2.32020E-14
   5505.17627   2.29877E-14
   5506.64746   2.25130E-14
   5508.11865   2.32923E-14
   5509.59033   2.43003E-14
   5511.06152   2.51759E-14
   5512.53271   2.69733E-14
   5514.00391   2.56344E-14
   5515.47510   2.59445E-14
   5516.94629   2.66943E-14
   5518.41748   2.49301E-14
   5519.88867   2.55082E-14
   5521.35986   2.66011E-14
   5522.83154   2.58567E-14
   5524.30273   2.81657E-14
   5525.77393   3.08041E-14
   5527.24512   3.14317E-14
   5528.71631   2.90022E-14
   5530.18750   2.65531E-14
   5531.65869   2.70594E-14
   5533.12988   3.03823E-14
   5534.60156   3.21833E-14
   5536.07275   3.04206E-14
   5537.54395   2.83552E-14
   5539.01514   2.69988E-14
   5540.48633   2.45518E-14
   5541.95752   2.52291E-14
   5543.42871   2.71775E-14
   5544.89990   2.70217E-14
   5546.37109   2.74067E-14
   5547.84277   2.74656E-14
   5549.31396   2.68420E-14
   5550.78516   2.67750E-14
   5552.25635   2.69644E-14
   5553.72754   2.56779E-14
   5555.19873   2.64720E-14
   5556.66992   2.65996E-14
   5558.14111   2.55361E-14
   5559.61279   2.68126E-14
   5561.08398   2.64945E-14
   5562.55518   2.51027E-14
   5564.02637   2.66823E-14
   5565.49756   2.64730E-14
   5566.96875   2.56989E-14
   5568.43994   2.47232E-14
   5569.91113   2.49889E-14
   5571.38281   2.63921E-14
   5572.85400   2.42974E-14
   5574.32520   2.74894E-14
   5575.79639   2.97305E-14
   5577.26758   2.87189E-14
   5578.73877   2.94922E-14
   5580.20996   2.70220E-14
   5581.68115   2.57001E-14
   5583.15234   3.02463E-14
   5584.62402   3.23574E-14
   5586.09521   3.14061E-14
   5587.56641   2.84580E-14
   5589.03760   2.95392E-14
   5590.50879   2.95812E-14
   5591.97998   2.81914E-14
   5593.45117   2.59913E-14
   5594.92236   2.38896E-14
   5596.39404   2.50433E-14
   5597.86523   2.49863E-14
   5599.33643   2.64600E-14
   5600.80762   2.51106E-14
   5602.27881   2.46701E-14
   5603.75000   2.46692E-14
   5605.22119   2.45259E-14
   5606.69238   2.59151E-14
   5608.16357   2.49945E-14
   5609.63525   2.35921E-14
   5611.10645   2.52532E-14
   5612.57764   2.86200E-14
   5614.04883   3.81302E-14
   5615.52002   5.65240E-14
   5616.99121   6.97759E-14
   5618.46240   6.71264E-14
   5619.93359   5.76853E-14
   5621.40527   4.59135E-14
   5622.87646   3.32475E-14
   5624.34766   2.70680E-14
   5625.81885   2.79031E-14
   5627.29004   2.81067E-14
   5628.76123   3.31117E-14
   5630.23242   3.53412E-14
   5631.70361   3.28221E-14
   5633.17480   2.96261E-14
   5634.64648   2.88253E-14
   5636.11768   2.52697E-14
   5637.58887   2.42100E-14
   5639.06006   2.43804E-14
   5640.53125   2.54525E-14
   5642.00244   2.47945E-14
   5643.47363   2.35831E-14
   5644.94482   2.52686E-14
   5646.41650   2.45540E-14
   5647.88770   2.56824E-14
   5649.35889   2.62933E-14
   5650.83008   2.61831E-14
   5652.30127   2.69154E-14
   5653.77246   2.55831E-14
   5655.24365   2.76537E-14
   5656.71484   2.74445E-14
   5658.18604   2.60690E-14
   5659.65771   2.79542E-14
   5661.12891   2.57930E-14
   5662.60010   2.75985E-14
   5664.07129   2.73803E-14
   5665.54248   2.80950E-14
   5667.01367   2.59005E-14
   5668.48486   2.58416E-14
   5669.95605   2.66476E-14
   5671.42773   2.72919E-14
   5672.89893   3.20367E-14
   5674.37012   3.40066E-14
   5675.84131   3.66685E-14
   5677.31250   3.72363E-14
   5678.78369   3.35827E-14
   5680.25488   2.96672E-14
   5681.72607   2.73899E-14
   5683.19727   2.69150E-14
   5684.66895   2.89414E-14
   5686.14014   2.69772E-14
   5687.61133   2.59302E-14
   5689.08252   2.70438E-14
   5690.55371   2.95255E-14
   5692.02490   2.87709E-14
   5693.49609   2.72282E-14
   5694.96729   2.63989E-14
   5696.43896   2.72570E-14
   5697.91016   2.73867E-14
   5699.38135   2.90014E-14
   5700.85254   2.63196E-14
   5702.32373   2.75396E-14
   5703.79492   2.75436E-14
   5705.26611   2.70115E-14
   5706.73730   2.78265E-14
   5708.20850   2.92789E-14
   5709.68018   3.09635E-14
   5711.15137   2.92291E-14
   5712.62256   2.93159E-14
   5714.09375   3.14962E-14
   5715.56494   4.90971E-14
   5717.03613   1.06863E-13
   5718.50732   1.93149E-13
   5719.97852   2.48798E-13
   5721.45020   2.45291E-13
   5722.92139   1.92502E-13
   5724.39258   1.22431E-13
   5725.86377   6.55439E-14
   5727.33496   3.88670E-14
   5728.80615   3.35573E-14
   5730.27734   2.96500E-14
   5731.74854   2.89326E-14
   5733.21973   2.99116E-14
   5734.69141   2.91763E-14
   5736.16260   2.84603E-14
   5737.63379   3.00103E-14
   5739.10498   3.05718E-14
   5740.57617   2.95025E-14
   5742.04736   2.98175E-14
   5743.51855   2.99638E-14
   5744.98975   3.04285E-14
   5746.46143   3.26985E-14
   5747.93262   3.38472E-14
   5749.40381   5.05859E-14
   5750.87500   8.00036E-14
   5752.34619   9.31247E-14
   5753.81738   9.17209E-14
   5755.28857   7.40219E-14
   5756.75977   5.10194E-14
   5758.23145   3.82302E-14
   5759.70264   3.10246E-14
   5761.17383   2.99822E-14
   5762.64502   3.04373E-14
   5764.11621   2.85625E-14
   5765.58740   2.96702E-14
   5767.05859   3.02267E-14
   5768.52979   2.86483E-14
   5770.00098   3.04225E-14
   5771.47266   3.16144E-14
   5772.94385   3.15528E-14
   5774.41504   3.11482E-14
   5775.88623   2.91541E-14
   5777.35742   3.00589E-14
   5778.82861   3.15233E-14
   5780.29980   3.18727E-14
   5781.77100   3.27374E-14
   5783.24268   3.12786E-14
   5784.71387   2.97005E-14
   5786.18506   3.11131E-14
   5787.65625   3.18450E-14
   5789.12744   3.37210E-14
   5790.59863   3.35549E-14
   5792.06982   3.19131E-14
   5793.54102   3.31210E-14
   5795.01221   3.34104E-14
   5796.48389   3.44425E-14
   5797.95508   3.64244E-14
   5799.42627   3.89627E-14
   5800.89746   3.81040E-14
   5802.36865   3.65448E-14
   5803.83984   3.41657E-14
   5805.31104   3.45373E-14
   5806.78223   3.38696E-14
   5808.25391   3.61886E-14
   5809.72510   3.54397E-14
   5811.19629   3.47909E-14
   5812.66748   3.21949E-14
   5814.13867   3.08336E-14
   5815.60986   3.09886E-14
   5817.08105   3.14257E-14
   5818.55225   3.31077E-14
   5820.02344   3.13062E-14
   5821.49512   3.05590E-14
   5822.96631   2.98527E-14
   5824.43750   3.22604E-14
   5825.90869   3.22113E-14
   5827.37988   3.18927E-14
   5828.85107   3.11555E-14
   5830.32227   3.44925E-14
   5831.79346   3.42096E-14
   5833.26514   3.14886E-14
   5834.73633   3.29837E-14
   5836.20752   3.20628E-14
   5837.67871   3.12250E-14
   5839.14990   2.95509E-14
   5840.62109   3.23782E-14
   5842.09229   3.27182E-14
   5843.56348   3.45090E-14
   5845.03467   3.11046E-14
   5846.50635   3.20726E-14
   5847.97754   2.96898E-14
   5849.44873   2.72700E-14
   5850.91992   2.83178E-14
   5852.39111   2.72733E-14
   5853.86230   2.80374E-14
   5855.33350   2.89260E-14
   5856.80469   2.82227E-14
   5858.27637   2.79785E-14
   5859.74756   2.76222E-14
   5861.21875   2.83622E-14
   5862.68994   3.01186E-14
   5864.16113   2.68355E-14
   5865.63232   2.95911E-14
   5867.10352   3.36026E-14
   5868.57471   3.45287E-14
   5870.04590   3.86609E-14
   5871.51758   7.16248E-14
   5872.98877   1.24805E-13
   5874.45996   1.56794E-13
   5875.93115   1.49513E-13
   5877.40234   1.12085E-13
   5878.87354   6.78569E-14
   5880.34473   4.09220E-14
   5881.81592   3.21902E-14
   5883.28760   3.09239E-14
   5884.75879   2.97502E-14
   5886.22998   2.68279E-14
   5887.70117   2.44608E-14
   5889.17236   2.29695E-14
   5890.64355   2.61629E-14
   5892.11475   2.51914E-14
   5893.58594   2.77893E-14
   5895.05713   2.64720E-14
   5896.52881   2.71789E-14
   5898.00000   2.78197E-14
   5899.47119   2.81354E-14
   5900.94238   2.82539E-14
   5902.41357   2.93707E-14
   5903.88477   2.85903E-14
   5905.35596   2.70766E-14
   5906.82715   2.60366E-14
   5908.29883   2.72351E-14
   5909.77002   2.80749E-14
   5911.24121   3.00773E-14
   5912.71240   2.98664E-14
   5914.18359   3.09100E-14
   5915.65479   2.84182E-14
   5917.12598   2.80926E-14
   5918.59717   2.78173E-14
   5920.06885   2.91959E-14
   5921.54004   2.74956E-14
   5923.01123   2.77561E-14
   5924.48242   2.90911E-14
   5925.95361   2.92417E-14
   5927.42480   2.80340E-14
   5928.89600   2.93428E-14
   5930.36719   3.01650E-14
   5931.83838   2.96133E-14
   5933.31006   3.08977E-14
   5934.78125   2.89304E-14
   5936.25244   2.84791E-14
   5937.72363   2.95600E-14
   5939.19482   3.06985E-14
   5940.66602   2.93831E-14
   5942.13721   2.92243E-14
   5943.60840   3.05547E-14
   5945.08008   2.99608E-14
   5946.55127   2.86591E-14
   5948.02246   2.95045E-14
   5949.49365   3.05362E-14
   5950.96484   3.17376E-14
   5952.43604   3.45466E-14
   5953.90723   3.26847E-14
   5955.37842   2.91850E-14
   5956.84961   2.94109E-14
   5958.32129   2.85040E-14
   5959.79248   2.91379E-14
   5961.26367   3.09121E-14
   5962.73486   3.00552E-14
   5964.20605   2.86999E-14
   5965.67725   2.89632E-14
   5967.14844   3.04653E-14
   5968.61963   3.01386E-14
   5970.09131   3.06915E-14
   5971.56250   2.93023E-14
   5973.03369   2.94192E-14
   5974.50488   3.11260E-14
   5975.97607   3.21167E-14
   5977.44727   3.24177E-14
   5978.91846   3.31777E-14
   5980.38965   3.32678E-14
   5981.86084   3.06182E-14
   5983.33252   3.08111E-14
   5984.80371   3.18228E-14
   5986.27490   3.08282E-14
   5987.74609   3.15968E-14
   5989.21729   3.48622E-14
   5990.68848   3.56495E-14
   5992.15967   3.53283E-14
   5993.63086   3.61155E-14
   5995.10254   3.24237E-14
   5996.57373   3.07284E-14
   5998.04492   3.27892E-14
   5999.51611   3.41216E-14
   6000.98730   3.43259E-14
   6002.45850   3.46539E-14
   6003.92969   3.59132E-14
   6005.40088   3.51752E-14
   6006.87207   3.36261E-14
   6008.34375   3.41392E-14
   6009.81494   3.29951E-14
   6011.28613   3.39845E-14
   6012.75732   3.31121E-14
   6014.22852   3.20571E-14
   6015.69971   3.29387E-14
   6017.17090   3.48596E-14
   6018.64209   3.38363E-14
   6020.11377   3.34673E-14
   6021.58496   3.51061E-14
   6023.05615   3.46152E-14
   6024.52734   3.42426E-14
   6025.99854   3.52396E-14
   6027.46973   3.53790E-14
   6028.94092   3.55482E-14
   6030.41211   3.67254E-14
   6031.88330   3.63417E-14
   6033.35498   3.73958E-14
   6034.82617   3.89499E-14
   6036.29736   3.73197E-14
   6037.76855   3.45913E-14
   6039.23975   3.57929E-14
   6040.71094   3.47359E-14
   6042.18213   3.66813E-14
   6043.65332   3.66008E-14
   6045.12500   3.48997E-14
   6046.59619   3.53036E-14
   6048.06738   3.60515E-14
   6049.53857   3.77455E-14
   6051.00977   3.63868E-14
   6052.48096   3.65118E-14
   6053.95215   3.53634E-14
   6055.42334   3.57235E-14
   6056.89453   3.62182E-14
   6058.36621   3.44920E-14
   6059.83740   3.74440E-14
   6061.30859   3.63440E-14
   6062.77979   3.72949E-14
   6064.25098   3.52557E-14
   6065.72217   3.78693E-14
   6067.19336   3.85489E-14
   6068.66455   3.92970E-14
   6070.13623   3.78099E-14
   6071.60742   4.15042E-14
   6073.07861   4.17049E-14
   6074.54980   3.92668E-14
   6076.02100   4.17007E-14
   6077.49219   3.88036E-14
   6078.96338   3.93551E-14
   6080.43457   5.29482E-14
   6081.90625   1.10484E-13
   6083.37744   2.47018E-13
   6084.84863   4.00211E-13
   6086.31982   4.72428E-13
   6087.79102   4.29193E-13
   6089.26221   2.92480E-13
   6090.73340   1.65172E-13
   6092.20459   8.56936E-14
   6093.67578   4.84768E-14
   6095.14746   4.20745E-14
   6096.61865   3.94490E-14
   6098.08984   3.85956E-14
   6099.56104   4.32071E-14
   6101.03223   4.44740E-14
   6102.50342   4.35654E-14
   6103.97461   4.41856E-14
   6105.44580   4.71394E-14
   6106.91748   4.64980E-14
   6108.38867   4.39756E-14
   6109.85986   4.11942E-14
   6111.33105   4.27095E-14
   6112.80225   4.13841E-14
   6114.27344   4.15552E-14
   6115.74463   4.38142E-14
   6117.21582   4.30987E-14
   6118.68701   3.99547E-14
   6120.15869   4.01842E-14
   6121.62988   3.91329E-14
   6123.10107   4.09318E-14
   6124.57227   4.22506E-14
   6126.04346   4.08731E-14
   6127.51465   4.03492E-14
   6128.98584   4.25357E-14
   6130.45703   4.19202E-14
   6131.92871   3.92356E-14
   6133.39990   4.29049E-14
   6134.87109   3.90278E-14
   6136.34229   4.08552E-14
   6137.81348   4.01788E-14
   6139.28467   4.09294E-14
   6140.75586   4.07723E-14
   6142.22705   4.18001E-14
   6143.69824   4.23196E-14
   6145.16992   4.16159E-14
   6146.64111   4.37308E-14
   6148.11230   4.15386E-14
   6149.58350   4.11433E-14
   6151.05469   3.89973E-14
   6152.52588   3.91786E-14
   6153.99707   4.12115E-14
   6155.46826   3.79487E-14
   6156.93994   3.88833E-14
   6158.41113   3.78977E-14
   6159.88232   3.49436E-14
   6161.35352   3.54342E-14
   6162.82471   3.68301E-14
   6164.29590   3.61330E-14
   6165.76709   3.54972E-14
   6167.23828   3.95046E-14
   6168.70947   4.04810E-14
   6170.18115   4.09234E-14
   6171.65234   3.85283E-14
   6173.12354   3.55039E-14
   6174.59473   3.54062E-14
   6176.06592   3.54366E-14
   6177.53711   3.45828E-14
   6179.00830   3.40094E-14
   6180.47949   3.31111E-14
   6181.95117   3.41706E-14
   6183.42236   3.56188E-14
   6184.89355   3.38725E-14
   6186.36475   3.30910E-14
   6187.83594   3.32857E-14
   6189.30713   3.28038E-14
   6190.77832   3.37163E-14
   6192.24951   3.33546E-14
   6193.72070   3.16297E-14
   6195.19238   3.40547E-14
   6196.66357   3.52387E-14
   6198.13477   3.35663E-14
   6199.60596   3.36696E-14
   6201.07715   3.25401E-14
   6202.54834   3.24622E-14
   6204.01953   3.41400E-14
   6205.49072   3.18369E-14
   6206.96240   3.27929E-14
   6208.43359   3.33472E-14
   6209.90479   3.42222E-14
   6211.37598   3.41912E-14
   6212.84717   3.10261E-14
   6214.31836   3.38134E-14
   6215.78955   3.41602E-14
   6217.26074   3.23724E-14
   6218.73193   3.27043E-14
   6220.20361   3.35331E-14
   6221.67480   3.20949E-14
   6223.14600   3.11933E-14
   6224.61719   3.44776E-14
   6226.08838   3.41762E-14
   6227.55957   3.54481E-14
   6229.03076   3.81011E-14
   6230.50195   3.80336E-14
   6231.97363   3.89180E-14
   6233.44482   3.85977E-14
   6234.91602   3.74279E-14
   6236.38721   3.64288E-14
   6237.85840   3.84498E-14
   6239.32959   3.67650E-14
   6240.80078   3.53457E-14
   6242.27197   3.46060E-14
   6243.74365   3.33444E-14
   6245.21484   3.50325E-14
   6246.68604   3.95475E-14
   6248.15723   4.02580E-14
   6249.62842   3.88540E-14
   6251.09961   3.68777E-14
   6252.57080   3.49900E-14
   6254.04199   3.38185E-14
   6255.51318   3.52596E-14
   6256.98486   3.46898E-14
   6258.45605   3.66210E-14
   6259.92725   3.31026E-14
   6261.39844   3.89472E-14
   6262.86963   3.91751E-14
   6264.34082   3.52635E-14
   6265.81201   3.59820E-14
   6267.28320   3.53984E-14
   6268.75488   3.61505E-14
   6270.22607   3.46072E-14
   6271.69727   3.54875E-14
   6273.16846   3.46068E-14
   6274.63965   3.50018E-14
   6276.11084   3.24575E-14
   6277.58203   3.37045E-14
   6279.05322   3.30386E-14
   6280.52441   3.57842E-14
   6281.99609   3.16079E-14
   6283.46729   3.49898E-14
   6284.93848   3.54786E-14
   6286.40967   3.61180E-14
   6287.88086   3.65572E-14
   6289.35205   3.69593E-14
   6290.82324   3.56897E-14
   6292.29443   3.73112E-14
   6293.76611   3.70360E-14
   6295.23730   4.27564E-14
   6296.70850   5.50665E-14
   6298.17969   8.48185E-14
   6299.65088   9.35832E-14
   6301.12207   9.08722E-14
   6302.59326   6.95209E-14
   6304.06445   4.87461E-14
   6305.53564   3.97995E-14
   6307.00732   4.83529E-14
   6308.47852   5.54077E-14
   6309.94971   6.40139E-14
   6311.42090   6.28544E-14
   6312.89209   5.91219E-14
   6314.36328   4.75347E-14
   6315.83447   4.60676E-14
   6317.30566   4.71362E-14
   6318.77734   4.26179E-14
   6320.24854   4.15674E-14
   6321.71973   4.02977E-14
   6323.19092   4.22908E-14
   6324.66211   3.96323E-14
   6326.13330   4.29545E-14
   6327.60449   4.12735E-14
   6329.07568   4.19812E-14
   6330.54688   4.09691E-14
   6332.01855   4.18433E-14
   6333.48975   4.01956E-14
   6334.96094   4.33697E-14
   6336.43213   3.86480E-14
   6337.90332   4.39231E-14
   6339.37451   4.14993E-14
   6340.84570   4.29801E-14
   6342.31689   4.31476E-14
   6343.78857   4.33087E-14
   6345.25977   4.73145E-14
   6346.73096   4.69504E-14
   6348.20215   4.54946E-14
   6349.67334   4.28615E-14
   6351.14453   4.27629E-14
   6352.61572   4.26868E-14
   6354.08691   4.16843E-14
   6355.55811   4.19829E-14
   6357.02979   4.07134E-14
   6358.50098   3.89017E-14
   6359.97217   4.78625E-14
   6361.44336   5.57395E-14
   6362.91455   6.01279E-14
   6364.38574   5.89566E-14
   6365.85693   5.51980E-14
   6367.32812   5.14043E-14
   6368.79980   5.17678E-14
   6370.27100   5.36106E-14
   6371.74219   5.06385E-14
   6373.21338   4.90959E-14
   6374.68457   4.72493E-14
   6376.15576   4.85890E-14
   6377.62695   4.74298E-14
   6379.09814   4.61588E-14
   6380.56934   4.97272E-14
   6382.04102   5.23271E-14
   6383.51221   5.39461E-14
   6384.98340   5.29032E-14
   6386.45459   4.82994E-14
   6387.92578   4.72620E-14
   6389.39697   4.47530E-14
   6390.86816   4.62975E-14
   6392.33936   4.68795E-14
   6393.81104   4.56487E-14
   6395.28223   4.74458E-14
   6396.75342   4.74851E-14
   6398.22461   4.79767E-14
   6399.69580   5.01092E-14
   6401.16699   4.98887E-14
   6402.63818   5.23670E-14
   6404.10938   5.63637E-14
   6405.58105   5.66702E-14
   6407.05225   5.88370E-14
   6408.52344   5.46370E-14
   6409.99463   5.08023E-14
   6411.46582   5.06679E-14
   6412.93701   4.92775E-14
   6414.40820   4.85429E-14
   6415.87939   5.19686E-14
   6417.35059   5.04432E-14
   6418.82227   4.83687E-14
   6420.29346   4.83289E-14
   6421.76465   4.61267E-14
   6423.23584   4.63077E-14
   6424.70703   4.67118E-14
   6426.17822   4.66298E-14
   6427.64941   4.69972E-14
   6429.12061   4.92526E-14
   6430.59229   5.72642E-14
   6432.06348   6.40166E-14
   6433.53467   6.64437E-14
   6435.00586   6.71310E-14
   6436.47705   5.96288E-14
   6437.94824   5.59305E-14
   6439.41943   5.44406E-14
   6440.89062   5.25733E-14
   6442.36182   5.15853E-14
   6443.83350   5.42603E-14
   6445.30469   5.39930E-14
   6446.77588   5.00301E-14
   6448.24707   5.24356E-14
   6449.71826   5.13800E-14
   6451.18945   5.17507E-14
   6452.66064   5.22208E-14
   6454.13184   5.80969E-14
   6455.60352   6.13739E-14
   6457.07471   6.26134E-14
   6458.54590   5.93753E-14
   6460.01709   5.63365E-14
   6461.48828   5.37069E-14
   6462.95947   5.59558E-14
   6464.43066   5.70319E-14
   6465.90186   5.75607E-14
   6467.37305   5.64434E-14
   6468.84473   5.49797E-14
   6470.31592   5.88121E-14
   6471.78711   5.56505E-14
   6473.25830   5.52595E-14
   6474.72949   5.57958E-14
   6476.20068   5.57688E-14
   6477.67188   5.43312E-14
   6479.14307   5.50971E-14
   6480.61475   5.36642E-14
   6482.08594   5.22290E-14
   6483.55713   5.10836E-14
   6485.02832   5.49124E-14
   6486.49951   5.31320E-14
   6487.97070   5.52697E-14
   6489.44189   5.19063E-14
   6490.91309   5.75708E-14
   6492.38428   5.82482E-14
   6493.85596   5.71707E-14
   6495.32715   5.68199E-14
   6496.79834   5.51475E-14
   6498.26953   5.74998E-14
   6499.74072   6.02522E-14
   6501.21191   6.24074E-14
   6502.68311   5.83271E-14
   6504.15430   6.21677E-14
   6505.62598   6.46218E-14
   6507.09717   6.30048E-14
   6508.56836   6.10530E-14
   6510.03955   6.12513E-14
   6511.51074   6.17066E-14
   6512.98193   6.33251E-14
   6514.45312   6.93438E-14
   6515.92432   7.08256E-14
   6517.39551   7.51875E-14
   6518.86719   7.07911E-14
   6520.33838   6.89525E-14
   6521.80957   7.16586E-14
   6523.28076   7.60550E-14
   6524.75195   8.18590E-14
   6526.22314   8.86743E-14
   6527.69434   9.03781E-14
   6529.16553   8.93027E-14
   6530.63721   8.91054E-14
   6532.10840   8.58189E-14
   6533.57959   9.33828E-14
   6535.05078   9.83153E-14
   6536.52197   1.04155E-13
   6537.99316   1.12103E-13
   6539.46436   1.15684E-13
   6540.93555   1.26463E-13
   6542.40674   1.46382E-13
   6543.87842   1.65030E-13
   6545.34961   1.92403E-13
   6546.82080   2.05576E-13
   6548.29199   2.23964E-13
   6549.76318   2.38902E-13
   6551.23438   2.72318E-13
   6552.70557   3.38871E-13
   6554.17676   4.60263E-13
   6555.64844   7.18937E-13
   6557.11963   1.41000E-12
   6558.59082   2.80957E-12
   6560.06201   4.18743E-12
   6561.53320   4.81561E-12
   6563.00439   4.78639E-12
   6564.47559   3.58413E-12
   6565.94678   2.48484E-12
   6567.41797   1.51542E-12
   6568.88965   8.79651E-13
   6570.36084   5.66325E-13
   6571.83203   4.01999E-13
   6573.30322   3.12141E-13
   6574.77441   2.52705E-13
   6576.24561   2.15301E-13
   6577.71680   2.03433E-13
   6579.18799   2.20970E-13
   6580.65967   2.28507E-13
   6582.13086   2.18535E-13
   6583.60205   1.89569E-13
   6585.07324   1.52640E-13
   6586.54443   1.23846E-13
   6588.01562   1.10674E-13
   6589.48682   1.05707E-13
   6590.95801   9.73297E-14
   6592.42969   9.14666E-14
   6593.90088   9.01677E-14
   6595.37207   8.55633E-14
   6596.84326   8.27574E-14
   6598.31445   8.14360E-14
   6599.78564   8.22689E-14
   6601.25684   7.98081E-14
   6602.72803   7.45608E-14
   6604.19922   7.17451E-14
   6605.67090   6.78955E-14
   6607.14209   6.76460E-14
   6608.61328   7.04967E-14
   6610.08447   6.65486E-14
   6611.55566   6.76724E-14
   6613.02686   6.66805E-14
   6614.49805   6.39280E-14
   6615.96924   6.56978E-14
   6617.44092   6.55004E-14
   6618.91211   6.32866E-14
   6620.38330   6.20674E-14
   6621.85449   6.46451E-14
   6623.32568   6.46875E-14
   6624.79688   6.19600E-14
   6626.26807   6.15921E-14
   6627.73926   6.02308E-14
   6629.21045   6.05763E-14
   6630.68213   5.88331E-14
   6632.15332   5.83374E-14
   6633.62451   5.98733E-14
   6635.09570   5.69004E-14
   6636.56689   5.50707E-14
   6638.03809   5.60377E-14
   6639.50928   5.54503E-14
   6640.98047   5.42867E-14
   6642.45215   5.64286E-14
   6643.92334   5.59115E-14
   6645.39453   5.49060E-14
   6646.86572   5.79086E-14
   6648.33691   5.34491E-14
   6649.80811   5.07785E-14
   6651.27930   5.35862E-14
   6652.75049   5.01837E-14
   6654.22168   4.94584E-14
   6655.69336   5.16414E-14
   6657.16455   4.86653E-14
   6658.63574   4.83546E-14
   6660.10693   5.06355E-14
   6661.57812   5.08276E-14
   6663.04932   5.04037E-14
   6664.52051   5.37782E-14
   6665.99170   5.47971E-14
   6667.46338   5.43891E-14
   6668.93457   5.18422E-14
   6670.40576   5.07486E-14
   6671.87695   5.13293E-14
   6673.34814   6.00489E-14
   6674.81934   8.86993E-14
   6676.29053   1.25508E-13
   6677.76172   1.33745E-13
   6679.23291   1.21357E-13
   6680.70459   9.92451E-14
   6682.17578   6.92541E-14
   6683.64697   6.12222E-14
   6685.11816   6.38818E-14
   6686.58936   6.09817E-14
   6688.06055   5.77006E-14
   6689.53174   5.68580E-14
   6691.00293   5.34939E-14
   6692.47461   5.25508E-14
   6693.94580   4.91484E-14
   6695.41699   4.82468E-14
   6696.88818   5.01671E-14
   6698.35938   5.00352E-14
   6699.83057   4.84753E-14
   6701.30176   4.78340E-14
   6702.77295   5.13452E-14
   6704.24414   4.89676E-14
   6705.71582   5.10284E-14
   6707.18701   4.83552E-14
   6708.65820   5.03846E-14
   6710.12939   5.01120E-14
   6711.60059   5.08330E-14
   6713.07178   4.73768E-14
   6714.54297   4.48384E-14
   6716.01416   4.78547E-14
   6717.48584   4.60316E-14
   6718.95703   4.71000E-14
   6720.42822   4.52036E-14
   6721.89941   4.62405E-14
   6723.37061   4.60695E-14
   6724.84180   4.94208E-14
   6726.31299   4.81007E-14
   6727.78418   5.04640E-14
   6729.25537   4.87100E-14
   6730.72705   4.82920E-14
   6732.19824   4.88652E-14
   6733.66943   4.91401E-14
   6735.14062   4.87648E-14
   6736.61182   5.04283E-14
   6738.08301   4.82746E-14
   6739.55420   5.04547E-14
   6741.02539   4.97064E-14
   6742.49707   5.08537E-14
   6743.96826   5.07373E-14
   6745.43945   5.21926E-14
   6746.91064   5.17323E-14
   6748.38184   4.89139E-14
   6749.85303   4.72810E-14
   6751.32422   4.98505E-14
   6752.79541   4.85045E-14
   6754.26709   4.71249E-14
   6755.73828   4.70923E-14
   6757.20947   4.94599E-14
   6758.68066   4.95426E-14
   6760.15186   5.17138E-14
   6761.62305   5.10008E-14
   6763.09424   5.06184E-14
   6764.56543   5.23306E-14
   6766.03662   5.00287E-14
   6767.50830   5.16779E-14
   6768.97949   5.30121E-14
   6770.45068   5.21437E-14
   6771.92188   5.07065E-14
   6773.39307   5.41518E-14
   6774.86426   5.36347E-14
   6776.33545   5.47046E-14
   6777.80664   5.24350E-14
   6779.27832   5.41508E-14
   6780.74951   5.27261E-14
   6782.22070   5.19859E-14
   6783.69189   5.02772E-14
   6785.16309   4.97155E-14
   6786.63428   5.02066E-14
   6788.10547   4.91923E-14
   6789.57666   5.13896E-14
   6791.04785   5.21468E-14
   6792.51953   5.17291E-14
   6793.99072   5.40614E-14
   6795.46191   5.67573E-14
   6796.93311   5.73438E-14
   6798.40430   5.44823E-14
   6799.87549   5.57817E-14
   6801.34668   5.27170E-14
   6802.81787   5.26596E-14
   6804.28955   5.42872E-14
   6805.76074   5.75424E-14
   6807.23193   5.80031E-14
   6808.70312   5.77795E-14
   6810.17432   5.89898E-14
   6811.64551   5.91012E-14
   6813.11670   6.40285E-14
   6814.58789   6.94655E-14
   6816.05908   7.59502E-14
   6817.53076   8.19556E-14
   6819.00195   1.01529E-13
   6820.47314   1.20248E-13
   6821.94434   1.34087E-13
   6823.41553   1.44519E-13
   6824.88672   1.49928E-13
   6826.35791   1.50705E-13
   6827.82910   1.49912E-13
   6829.30078   1.55204E-13
   6830.77197   1.54698E-13
   6832.24316   1.43758E-13
   6833.71436   1.34173E-13
   6835.18555   1.23958E-13
   6836.65674   1.06833E-13
   6838.12793   9.73348E-14
   6839.59912   9.02566E-14
   6841.07031   8.27014E-14
   6842.54199   8.10350E-14
   6844.01318   8.83264E-14
   6845.48438   9.95886E-14
   6846.95557   1.01689E-13
   6848.42676   9.91077E-14
   6849.89795   8.91149E-14
   6851.36914   7.56205E-14
   6852.84033   6.64344E-14
   6854.31201   6.30269E-14
   6855.78320   6.53344E-14
   6857.25439   6.56611E-14
   6858.72559   6.58045E-14
   6860.19678   6.45827E-14
   6861.66797   6.31728E-14
   6863.13916   6.24483E-14
   6864.61035   6.24553E-14
   6866.08154   5.68283E-14
   6867.55322   5.06157E-14
   6869.02441   4.64946E-14
   6870.49561   4.72519E-14
   6871.96680   5.01919E-14
   6873.43799   5.23959E-14
   6874.90918   5.62023E-14
   6876.38037   5.81361E-14
   6877.85156   6.30269E-14
   6879.32324   6.39093E-14
   6880.79443   6.56113E-14
   6882.26562   6.94415E-14
   6883.73682   6.58084E-14
   6885.20801   6.43895E-14
   6886.67920   6.59214E-14
   6888.15039   7.04122E-14
   6889.62158   7.38757E-14
   6891.09277   7.44426E-14
   6892.56445   7.16283E-14
   6894.03564   6.60940E-14
   6895.50684   6.72792E-14
   6896.97803   6.82319E-14
   6898.44922   6.44288E-14
   6899.92041   6.68135E-14
   6901.39160   6.71913E-14
   6902.86279   6.84546E-14
   6904.33447   7.09007E-14
   6905.80566   7.09569E-14
   6907.27686   7.42337E-14
   6908.74805   7.38460E-14
   6910.21924   7.00243E-14
   6911.69043   7.58681E-14
   6913.16162   7.87526E-14
   6914.63281   7.79665E-14
   6916.10449   7.65239E-14
   6917.57568   7.38412E-14
   6919.04688   7.32509E-14
   6920.51807   7.36447E-14
   6921.98926   7.01100E-14
   6923.46045   7.18776E-14
   6924.93164   7.24542E-14
   6926.40283   7.07320E-14
   6927.87402   7.22656E-14
   6929.34570   7.42070E-14
   6930.81689   7.14783E-14
   6932.28809   7.16030E-14
   6933.75928   7.42182E-14
   6935.23047   7.49149E-14
   6936.70166   7.46487E-14
   6938.17285   7.38553E-14
   6939.64404   7.41480E-14
   6941.11572   7.45650E-14
   6942.58691   7.84100E-14
   6944.05811   8.06571E-14
   6945.52930   8.15197E-14
   6947.00049   8.09142E-14
   6948.47168   8.02203E-14
   6949.94287   7.95899E-14
   6951.41406   8.03226E-14
   6952.88525   7.92591E-14
   6954.35693   7.95022E-14
   6955.82812   7.71021E-14
   6957.29932   7.88310E-14
   6958.77051   8.13655E-14
   6960.24170   8.18009E-14
   6961.71289   8.39043E-14
   6963.18408   8.65088E-14
   6964.65527   8.86986E-14
   6966.12695   8.58394E-14
   6967.59814   9.09591E-14
   6969.06934   9.02090E-14
   6970.54053   9.07549E-14
   6972.01172   9.32853E-14
   6973.48291   8.86673E-14
   6974.95410   9.59923E-14
   6976.42529   9.64886E-14
   6977.89648   9.97204E-14
   6979.36816   9.77001E-14
   6980.83936   9.38623E-14
   6982.31055   1.00202E-13
   6983.78174   9.87759E-14
   6985.25293   9.74359E-14
   6986.72412   9.27709E-14
   6988.19531   8.96020E-14
   6989.66650   8.77888E-14
   6991.13818   8.99781E-14
   6992.60938   9.46587E-14
   6994.08057   9.79047E-14
   6995.55176   9.78107E-14
   6997.02295   9.72658E-14
   6998.49414   9.72862E-14
   6999.96533   9.77938E-14
   7001.43652   1.07793E-13
   7002.90771   1.18301E-13
   7004.37939   1.27478E-13
   7005.85059   1.26720E-13
   7007.32178   1.20369E-13
   7008.79297   1.11900E-13
   7010.26416   1.06445E-13
   7011.73535   1.02644E-13
   7013.20654   1.02182E-13
   7014.67773   9.70080E-14
   7016.14941   1.00310E-13
   7017.62061   9.85054E-14
   7019.09180   1.01846E-13
   7020.56299   1.03226E-13
   7022.03418   1.02948E-13
   7023.50537   9.92827E-14
   7024.97656   1.00925E-13
   7026.44775   9.67163E-14
   7027.91895   1.00864E-13
   7029.39062   1.04428E-13
   7030.86182   1.03458E-13
   7032.33301   1.05178E-13
   7033.80420   1.04301E-13
   7035.27539   1.03610E-13
   7036.74658   9.99445E-14
   7038.21777   9.83007E-14
   7039.68896   9.91169E-14
   7041.16064   1.03769E-13
   7042.63184   1.02288E-13
   7044.10303   1.05569E-13
   7045.57422   1.03128E-13
   7047.04541   1.05939E-13
   7048.51660   1.05707E-13
   7049.98779   1.04786E-13
   7051.45898   1.00919E-13
   7052.93018   8.95160E-14
   7054.40186   8.17395E-14
   7055.87305   7.54678E-14
   7057.34424   7.16409E-14
   7058.81543   7.28370E-14
   7060.28662   9.31752E-14
   7061.75781   1.45921E-13
   7063.22900   2.37530E-13
   7064.70020   2.68088E-13
   7066.17188   2.39064E-13
   7067.64307   1.66089E-13
   7069.11426   1.05781E-13
   7070.58545   7.64470E-14
   7072.05664   7.14048E-14
   7073.52783   7.66174E-14
   7074.99902   7.65784E-14
   7076.47021   7.74681E-14
   7077.94189   8.38918E-14
   7079.41309   8.44878E-14
   7080.88428   8.24788E-14
   7082.35547   8.16351E-14
   7083.82666   8.61523E-14
   7085.29785   8.78098E-14
   7086.76904   8.27278E-14
   7088.24023   8.59694E-14
   7089.71143   8.47106E-14
   7091.18311   8.34332E-14
   7092.65430   7.97045E-14
   7094.12549   7.30966E-14
   7095.59668   6.71937E-14
   7097.06787   6.79993E-14
   7098.53906   6.64474E-14
   7100.01025   6.47953E-14
   7101.48145   6.56196E-14
   7102.95312   6.49905E-14
   7104.42432   5.89298E-14
   7105.89551   6.43679E-14
   7107.36670   6.48742E-14
   7108.83789   6.33091E-14
   7110.30908   6.75025E-14
   7111.78027   6.92889E-14
   7113.25146   6.55542E-14
   7114.72266   6.54918E-14
   7116.19434   6.88764E-14
   7117.66553   6.84855E-14
   7119.13672   6.83108E-14
   7120.60791   6.89058E-14
   7122.07910   6.62177E-14
   7123.55029   6.57319E-14
   7125.02148   5.85140E-14
   7126.49268   6.07510E-14
   7127.96436   6.09774E-14
   7129.43555   6.25966E-14
   7130.90674   6.98928E-14
   7132.37793   8.18150E-14
   7133.84912   9.31132E-14
   7135.32031   9.09804E-14
   7136.79150   7.90228E-14
   7138.26270   6.91692E-14
   7139.73389   6.44601E-14
   7141.20557   6.14507E-14
   7142.67676   6.01507E-14
   7144.14795   6.21333E-14
   7145.61914   6.05746E-14
   7147.09033   6.04560E-14
   7148.56152   6.33990E-14
   7150.03271   6.47156E-14
   7151.50391   7.17573E-14
   7152.97559   8.18088E-14
   7154.44678   8.73247E-14
   7155.91797   8.22597E-14
   7157.38916   7.41638E-14
   7158.86035   7.11325E-14
   7160.33154   6.65755E-14
   7161.80273   6.33652E-14
   7163.27393   6.30679E-14
   7164.74512   6.62974E-14
   7166.21680   6.98524E-14
   7167.68799   7.17024E-14
   7169.15918   7.55289E-14
   7170.63037   7.62920E-14
   7172.10156   7.40753E-14
   7173.57275   7.29893E-14
   7175.04395   7.67911E-14
   7176.51514   8.19314E-14
   7177.98682   8.01808E-14
   7179.45801   7.66421E-14
   7180.92920   7.09864E-14
   7182.40039   6.78325E-14
   7183.87158   6.28687E-14
   7185.34277   6.21059E-14
   7186.81396   6.16428E-14
   7188.28516   6.46001E-14
   7189.75635   6.83488E-14
   7191.22803   7.12928E-14
   7192.69922   6.91738E-14
   7194.17041   6.70697E-14
   7195.64160   6.45308E-14
   7197.11279   6.31181E-14
   7198.58398   6.37146E-14
   7200.05518   6.16172E-14
   7201.52637   6.13005E-14
   7202.99805   6.41756E-14
   7204.46924   6.49624E-14
   7205.94043   6.36262E-14
   7207.41162   6.87233E-14
   7208.88281   7.05061E-14
   7210.35400   7.11842E-14
   7211.82520   7.67117E-14
   7213.29639   7.88444E-14
   7214.76758   7.97316E-14
   7216.23926   7.74331E-14
   7217.71045   7.66716E-14
   7219.18164   7.85462E-14
   7220.65283   7.90335E-14
   7222.12402   7.99315E-14
   7223.59521   8.11064E-14
   7225.06641   8.16619E-14
   7226.53760   8.03522E-14
   7228.00928   8.13954E-14
   7229.48047   7.85132E-14
   7230.95166   7.43276E-14
   7232.42285   7.36771E-14
   7233.89404   7.54214E-14
   7235.36523   7.81628E-14
   7236.83643   8.54488E-14
   7238.30762   8.77014E-14
   7239.77881   7.98028E-14
   7241.25049   7.51837E-14
   7242.72168   7.66944E-14
   7244.19287   7.69682E-14
   7245.66406   7.97325E-14
   7247.13525   8.51706E-14
   7248.60645   8.79975E-14
   7250.07764   8.38052E-14
   7251.54883   8.33048E-14
   7253.02051   8.51740E-14
   7254.49170   8.62634E-14
   7255.96289   9.22735E-14
   7257.43408   9.33030E-14
   7258.90527   9.31050E-14
   7260.37646   9.64045E-14
   7261.84766   9.59739E-14
   7263.31885   9.21018E-14
   7264.79053   9.18595E-14
   7266.26172   9.31241E-14
   7267.73291   9.62311E-14
   7269.20410   9.38138E-14
   7270.67529   8.77543E-14
   7272.14648   8.86853E-14
   7273.61768   8.71684E-14
   7275.08887   8.42897E-14
   7276.56006   8.58222E-14
   7278.03174   9.71487E-14
   7279.50293   1.18154E-13
   7280.97412   1.26377E-13
   7282.44531   1.20834E-13
   7283.91650   1.09826E-13
   7285.38770   1.02373E-13
   7286.85889   1.00190E-13
   7288.33008   9.95636E-14
   7289.80176   1.09686E-13
   7291.27295   1.14633E-13
   7292.74414   1.11029E-13
   7294.21533   1.09554E-13
   7295.68652   1.12836E-13
   7297.15771   1.08373E-13
   7298.62891   1.06560E-13
   7300.10010   1.07133E-13
   7301.57129   1.04112E-13
   7303.04297   1.01630E-13
   7304.51416   1.04336E-13
   7305.98535   1.11709E-13
   7307.45654   1.13942E-13
   7308.92773   1.16855E-13
   7310.39893   1.14416E-13
   7311.87012   1.14438E-13
   7313.34131   1.13113E-13
   7314.81299   1.17830E-13
   7316.28418   1.26006E-13
   7317.75537   1.32366E-13
   7319.22656   1.34675E-13
   7320.69775   1.32257E-13
   7322.16895   1.36862E-13
   7323.64014   1.41111E-13
   7325.11133   1.44162E-13
   7326.58252   1.50576E-13
   7328.05420   1.51896E-13
   7329.52539   1.46539E-13
   7330.99658   1.39649E-13
   7332.46777   1.29449E-13
   7333.93896   1.29093E-13
   7335.41016   1.32217E-13
   7336.88135   1.38186E-13
   7338.35254   1.43572E-13
   7339.82422   1.41437E-13
   7341.29541   1.41213E-13
   7342.76660   1.39867E-13
   7344.23779   1.35069E-13
   7345.70898   1.36945E-13
   7347.18018   1.32791E-13
   7348.65137   1.37466E-13
   7350.12256   1.33314E-13
   7351.59375   1.38519E-13
   7353.06543   1.38737E-13
   7354.53662   1.38646E-13
   7356.00781   1.35582E-13
   7357.47900   1.36949E-13
   7358.95020   1.44353E-13
   7360.42139   1.44458E-13
   7361.89258   1.44153E-13
   7363.36377   1.44053E-13
   7364.83545   1.44944E-13
   7366.30664   1.47606E-13
   7367.77783   1.51814E-13
   7369.24902   1.57038E-13
   7370.72021   1.59770E-13
   7372.19141   1.59395E-13
   7373.66260   1.56922E-13
   7375.13379   1.62433E-13
   7376.60498   1.66158E-13
   7378.07666   1.66895E-13
   7379.54785   1.65475E-13
   7381.01904   1.61537E-13
   7382.49023   1.60128E-13
   7383.96143   1.58606E-13
   7385.43262   1.66328E-13
   7386.90381   1.70548E-13
   7388.37500   1.64657E-13
   7389.84668   1.67624E-13
   7391.31787   1.64855E-13
   7392.78906   1.67766E-13
   7394.26025   1.64366E-13
   7395.73145   1.67940E-13
   7397.20264   1.69819E-13
   7398.67383   1.67234E-13
   7400.14502   1.73629E-13
   7401.61621   1.75313E-13
   7403.08789   1.75000E-13
   7404.55908   1.72263E-13
   7406.03027   1.68980E-13
   7407.50146   1.69887E-13
   7408.97266   1.73998E-13
   7410.44385   1.80867E-13
   7411.91504   1.80212E-13
   7413.38623   1.77158E-13
   7414.85791   1.72083E-13
   7416.32910   1.73113E-13
