#  puvul.272  455147.56576   60.0
#     wave       flux
   3467.74365   4.55306E-14
   3469.21777   4.00192E-14
   3470.69214   3.93817E-14
   3472.16626   5.03657E-14
   3473.64038   3.57688E-14
   3475.11475   3.53060E-14
   3476.58887   2.08274E-14
   3478.06299   5.03969E-14
   3479.53711   5.05799E-14
   3481.01147   4.04613E-14
   3482.48560   3.80398E-14
   3483.95972   3.55750E-14
   3485.43408   6.25072E-14
   3486.90820   4.85288E-14
   3488.38232   4.90539E-14
   3489.85669   6.71344E-14
   3491.33081   5.51385E-14
   3492.80493   3.21381E-14
   3494.27905   4.78714E-14
   3495.75342   4.19339E-14
   3497.22754   5.06573E-14
   3498.70166   3.70293E-14
   3500.17603   5.54328E-14
   3501.65015   3.85550E-14
   3503.12427   6.40729E-14
   3504.59863   3.21351E-14
   3506.07275   3.15113E-14
   3507.54688   3.83398E-14
   3509.02124   3.47915E-14
   3510.49536   2.61624E-14
   3511.96948   4.07161E-14
   3513.44360   4.30058E-14
   3514.91797   5.18147E-14
   3516.39209   4.89163E-14
   3517.86621   5.78097E-14
   3519.34058   4.19024E-14
   3520.81470   3.76793E-14
   3522.28882   4.05191E-14
   3523.76318   4.28541E-14
   3525.23730   3.40965E-14
   3526.71143   3.35221E-14
   3528.18579   2.73772E-14
   3529.65991   2.94511E-14
   3531.13403   3.75555E-14
   3532.60815   4.19458E-14
   3534.08252   2.77960E-14
   3535.55664   4.19595E-14
   3537.03076   5.22225E-14
   3538.50513   4.22442E-14
   3539.97925   3.35399E-14
   3541.45337   3.44709E-14
   3542.92773   3.22548E-14
   3544.40186   3.34901E-14
   3545.87598   4.30253E-14
   3547.35010   3.24054E-14
   3548.82446   4.89349E-14
   3550.29858   5.21370E-14
   3551.77271   4.50362E-14
   3553.24707   4.34925E-14
   3554.72119   6.02537E-14
   3556.19531   4.44484E-14
   3557.66968   5.06101E-14
   3559.14380   3.32281E-14
   3560.61792   4.18411E-14
   3562.09229   2.58362E-14
   3563.56641   3.93141E-14
   3565.04053   4.49382E-14
   3566.51465   4.67751E-14
   3567.98901   3.22007E-14
   3569.46313   3.20140E-14
   3570.93726   2.96932E-14
   3572.41162   4.37285E-14
   3573.88574   4.59550E-14
   3575.35986   3.31922E-14
   3576.83423   3.29502E-14
   3578.30835   3.58978E-14
   3579.78247   3.49209E-14
   3581.25659   5.98476E-14
   3582.73096   8.39728E-14
   3584.20508   1.57453E-13
   3585.67920   2.43420E-13
   3587.15356   2.22956E-13
   3588.62769   1.46938E-13
   3590.10181   8.41372E-14
   3591.57617   4.86734E-14
   3593.05029   4.04449E-14
   3594.52441   3.48547E-14
   3595.99878   3.38222E-14
   3597.47290   3.10397E-14
   3598.94702   2.37552E-14
   3600.42114   4.44554E-14
   3601.89551   3.70237E-14
   3603.36963   2.68269E-14
   3604.84375   3.68967E-14
   3606.31812   3.30461E-14
   3607.79224   3.56912E-14
   3609.26636   4.15844E-14
   3610.74072   3.60691E-14
   3612.21484   3.67607E-14
   3613.68896   4.37811E-14
   3615.16333   3.50944E-14
   3616.63745   3.85985E-14
   3618.11157   2.76729E-14
   3619.58569   3.85842E-14
   3621.06006   3.50769E-14
   3622.53418   4.24723E-14
   3624.00830   3.68738E-14
   3625.48267   3.85244E-14
   3626.95679   2.93723E-14
   3628.43091   4.29503E-14
   3629.90527   3.79848E-14
   3631.37939   3.38669E-14
   3632.85352   3.57167E-14
   3634.32764   3.77220E-14
   3635.80200   4.06639E-14
   3637.27612   3.61147E-14
   3638.75024   1.96897E-14
   3640.22461   3.37151E-14
   3641.69873   3.84825E-14
   3643.17285   3.83233E-14
   3644.64722   3.94549E-14
   3646.12134   3.66789E-14
   3647.59546   3.94607E-14
   3649.06982   3.36344E-14
   3650.54395   4.01768E-14
   3652.01807   3.65210E-14
   3653.49219   4.29151E-14
   3654.96655   4.71733E-14
   3656.44067   3.69722E-14
   3657.91479   3.63136E-14
   3659.38916   4.56331E-14
   3660.86328   5.31929E-14
   3662.33740   5.41528E-14
   3663.81177   4.94762E-14
   3665.28589   3.96595E-14
   3666.76001   4.06664E-14
   3668.23438   4.52742E-14
   3669.70850   4.28435E-14
   3671.18262   2.83619E-14
   3672.65674   3.54234E-14
   3674.13110   3.62386E-14
   3675.60522   3.20493E-14
   3677.07935   2.78839E-14
   3678.55371   2.91903E-14
   3680.02783   2.88015E-14
   3681.50195   3.41579E-14
   3682.97632   2.91895E-14
   3684.45044   3.12495E-14
   3685.92456   3.03766E-14
   3687.39868   3.01577E-14
   3688.87305   3.37270E-14
   3690.34717   3.57739E-14
   3691.82129   2.99612E-14
   3693.29565   2.81988E-14
   3694.76978   3.20350E-14
   3696.24390   3.34519E-14
   3697.71826   3.22000E-14
   3699.19238   2.76779E-14
   3700.66650   3.10463E-14
   3702.14087   3.00773E-14
   3703.61499   4.09846E-14
   3705.08911   3.83666E-14
   3706.56323   2.56962E-14
   3708.03760   3.14582E-14
   3709.51172   3.10551E-14
   3710.98584   3.55640E-14
   3712.46021   3.57943E-14
   3713.93433   3.25991E-14
   3715.40845   2.07073E-14
   3716.88281   2.27305E-14
   3718.35693   3.40101E-14
   3719.83105   4.96115E-14
   3721.30518   5.67606E-14
   3722.77954   6.44177E-14
   3724.25366   6.89810E-14
   3725.72778   6.61943E-14
   3727.20215   4.45964E-14
   3728.67627   4.22567E-14
   3730.15039   3.89059E-14
   3731.62476   4.02146E-14
   3733.09888   4.04433E-14
   3734.57300   4.17388E-14
   3736.04736   4.08906E-14
   3737.52148   3.26808E-14
   3738.99561   2.90608E-14
   3740.46973   1.82669E-14
   3741.94409   1.72475E-14
   3743.41821   2.27047E-14
   3744.89233   1.88440E-14
   3746.36670   2.94858E-14
   3747.84082   3.82493E-14
   3749.31494   4.41858E-14
   3750.78931   4.01805E-14
   3752.26343   3.63749E-14
   3753.73755   4.74911E-14
   3755.21191   9.18654E-14
   3756.68604   2.02032E-13
   3758.16016   3.15776E-13
   3759.63428   3.16179E-13
   3761.10864   2.11697E-13
   3762.58276   1.05580E-13
   3764.05688   3.89972E-14
   3765.53125   2.24718E-14
   3767.00537   3.59508E-14
   3768.47949   5.02634E-14
   3769.95386   5.16956E-14
   3771.42798   4.38192E-14
   3772.90210   3.22460E-14
   3774.37622   2.46301E-14
   3775.85059   1.91886E-14
   3777.32471   2.01809E-14
   3778.79883   2.70065E-14
   3780.27319   2.48745E-14
   3781.74731   2.36191E-14
   3783.22144   2.83118E-14
   3784.69580   2.56219E-14
   3786.16992   2.12468E-14
   3787.64404   1.56974E-14
   3789.11841   1.71471E-14
   3790.59253   1.96857E-14
   3792.06665   2.47906E-14
   3793.54077   3.26216E-14
   3795.01514   5.23801E-14
   3796.48926   6.43322E-14
   3797.96338   6.22303E-14
   3799.43774   4.22955E-14
   3800.91187   3.14367E-14
   3802.38599   2.07641E-14
   3803.86035   2.08341E-14
   3805.33447   2.02209E-14
   3806.80859   1.82066E-14
   3808.28271   2.17759E-14
   3809.75708   2.19733E-14
   3811.23120   2.58006E-14
   3812.70532   2.92236E-14
   3814.17969   3.16795E-14
   3815.65381   2.72948E-14
   3817.12793   3.34063E-14
   3818.60229   3.35982E-14
   3820.07642   3.39950E-14
   3821.55054   3.10221E-14
   3823.02490   2.49397E-14
   3824.49902   2.16624E-14
   3825.97314   2.28583E-14
   3827.44727   2.50940E-14
   3828.92163   1.79833E-14
   3830.39575   2.35838E-14
   3831.86987   4.04171E-14
   3833.34424   6.91595E-14
   3834.81836   8.12438E-14
   3836.29248   6.27295E-14
   3837.76685   5.15893E-14
   3839.24097   3.81665E-14
   3840.71509   2.86471E-14
   3842.18945   2.37673E-14
   3843.66357   1.85874E-14
   3845.13770   2.42799E-14
   3846.61182   2.28146E-14
   3848.08618   1.69751E-14
   3849.56030   1.96547E-14
   3851.03442   2.28203E-14
   3852.50879   1.58206E-14
   3853.98291   1.44666E-14
   3855.45703   2.39186E-14
   3856.93140   2.23868E-14
   3858.40552   2.51146E-14
   3859.87964   2.30790E-14
   3861.35376   2.25020E-14
   3862.82812   3.37302E-14
   3864.30225   8.32064E-14
   3865.77637   2.44129E-13
   3867.25073   3.95970E-13
   3868.72485   3.64481E-13
   3870.19897   2.33360E-13
   3871.67334   1.18742E-13
   3873.14746   4.17305E-14
   3874.62158   1.78671E-14
   3876.09595   1.66541E-14
   3877.57007   1.72046E-14
   3879.04419   1.84385E-14
   3880.51831   1.64323E-14
   3881.99268   1.71442E-14
   3883.46680   2.87216E-14
   3884.94092   3.96877E-14
   3886.41528   7.83622E-14
   3887.88940   1.14850E-13
   3889.36353   1.20758E-13
   3890.83789   9.27790E-14
   3892.31201   6.81846E-14
   3893.78613   4.93796E-14
   3895.26050   3.49897E-14
   3896.73462   3.16154E-14
   3898.20874   2.30983E-14
   3899.68286   2.22563E-14
   3901.15723   1.72106E-14
   3902.63135   2.09960E-14
   3904.10547   1.92953E-14
   3905.57983   1.81645E-14
   3907.05396   1.65334E-14
   3908.52808   1.72640E-14
   3910.00244   2.01053E-14
   3911.47656   2.07552E-14
   3912.95068   1.75719E-14
   3914.42480   1.91348E-14
   3915.89917   1.75465E-14
   3917.37329   1.50940E-14
   3918.84741   2.04764E-14
   3920.32178   1.70097E-14
   3921.79590   2.49807E-14
   3923.27002   2.42104E-14
   3924.74438   2.74079E-14
   3926.21851   2.52389E-14
   3927.69263   1.80195E-14
   3929.16699   1.95983E-14
   3930.64111   1.26699E-14
   3932.11523   1.27907E-14
   3933.58936   1.51119E-14
   3935.06372   1.84454E-14
   3936.53784   1.87545E-14
   3938.01196   2.20253E-14
   3939.48633   2.16025E-14
   3940.96045   1.64916E-14
   3942.43457   1.73113E-14
   3943.90894   1.62664E-14
   3945.38306   1.68744E-14
   3946.85718   1.83426E-14
   3948.33130   1.53813E-14
   3949.80566   1.41345E-14
   3951.27979   1.74714E-14
   3952.75391   1.71825E-14
   3954.22827   1.88739E-14
   3955.70239   1.71109E-14
   3957.17651   1.43011E-14
   3958.65088   1.83727E-14
   3960.12500   1.92909E-14
   3961.59912   2.44621E-14
   3963.07349   4.18095E-14
   3964.54761   9.81041E-14
   3966.02173   1.53236E-13
   3967.49585   1.79579E-13
   3968.97021   1.81913E-13
   3970.44434   1.32342E-13
   3971.91846   7.65079E-14
   3973.39282   4.43030E-14
   3974.86694   2.60017E-14
   3976.34106   1.97481E-14
   3977.81543   1.57628E-14
   3979.28955   1.50015E-14
   3980.76367   1.59592E-14
   3982.23804   1.68106E-14
   3983.71216   1.79357E-14
   3985.18628   1.53676E-14
   3986.66040   1.46603E-14
   3988.13477   1.77348E-14
   3989.60889   1.71847E-14
   3991.08301   1.61081E-14
   3992.55737   1.67362E-14
   3994.03149   1.76976E-14
   3995.50562   1.59818E-14
   3996.97998   1.84429E-14
   3998.45410   1.90953E-14
   3999.92822   1.71857E-14
   4001.40234   1.91599E-14
   4002.87671   1.69558E-14
   4004.35083   1.58696E-14
   4005.82495   1.66731E-14
   4007.29932   1.96291E-14
   4008.77344   1.81430E-14
   4010.24756   1.73998E-14
   4011.72192   1.87605E-14
   4013.19604   1.93082E-14
   4014.67017   1.96294E-14
   4016.14453   1.95156E-14
   4017.61865   1.68251E-14
   4019.09277   1.76920E-14
   4020.56689   2.38080E-14
   4022.04126   2.05622E-14
   4023.51538   3.28857E-14
   4024.98950   4.41283E-14
   4026.46387   4.13497E-14
   4027.93799   3.20879E-14
   4029.41211   2.18435E-14
   4030.88647   1.68460E-14
   4032.36060   1.73628E-14
   4033.83472   1.83033E-14
   4035.30884   1.63107E-14
   4036.78320   1.65529E-14
   4038.25732   1.65815E-14
   4039.73145   1.57946E-14
   4041.20581   1.70707E-14
   4042.67993   1.63669E-14
   4044.15405   1.59443E-14
   4045.62842   1.33859E-14
   4047.10254   1.63262E-14
   4048.57666   1.20103E-14
   4050.05103   1.20267E-14
   4051.52515   1.92130E-14
   4052.99927   1.69340E-14
   4054.47339   1.44033E-14
   4055.94775   1.52601E-14
   4057.42188   1.63351E-14
   4058.89600   1.88113E-14
   4060.37036   1.57484E-14
   4061.84448   1.89037E-14
   4063.31860   1.47487E-14
   4064.79297   2.21661E-14
   4066.26709   3.00801E-14
   4067.74121   4.03760E-14
   4069.21558   4.48427E-14
   4070.68970   3.81174E-14
   4072.16382   3.58580E-14
   4073.63794   2.85848E-14
   4075.11230   2.33940E-14
   4076.58643   1.91658E-14
   4078.06055   1.75301E-14
   4079.53491   1.68292E-14
   4081.00903   1.73026E-14
   4082.48315   1.69927E-14
   4083.95752   1.82956E-14
   4085.43164   1.53765E-14
   4086.90576   1.83424E-14
   4088.37988   1.99802E-14
   4089.85425   1.82805E-14
   4091.32837   2.03420E-14
   4092.80249   2.19737E-14
   4094.27686   2.85361E-14
   4095.75098   4.14527E-14
   4097.22510   6.50104E-14
   4098.69922   1.16983E-13
   4100.17334   1.77007E-13
   4101.64795   1.91005E-13
   4103.12207   1.44381E-13
   4104.59619   8.13502E-14
   4106.07031   3.87486E-14
   4107.54443   2.24098E-14
   4109.01855   2.03149E-14
   4110.49316   1.73829E-14
   4111.96729   1.76102E-14
   4113.44141   1.94192E-14
   4114.91553   1.96878E-14
   4116.38965   2.10980E-14
   4117.86377   2.18974E-14
   4119.33789   1.78476E-14
   4120.81250   2.10672E-14
   4122.28662   2.20929E-14
   4123.76074   1.94968E-14
   4125.23486   1.79240E-14
   4126.70898   1.85795E-14
   4128.18311   1.78572E-14
   4129.65771   1.58766E-14
   4131.13184   1.81149E-14
   4132.60596   1.85503E-14
   4134.08008   1.59637E-14
   4135.55420   1.54571E-14
   4137.02832   1.41786E-14
   4138.50244   1.70448E-14
   4139.97705   1.67691E-14
   4141.45117   2.16429E-14
   4142.92529   2.33046E-14
   4144.39941   2.19394E-14
   4145.87354   1.78813E-14
   4147.34766   1.45301E-14
   4148.82178   1.69176E-14
   4150.29639   1.56122E-14
   4151.77051   1.85353E-14
   4153.24463   1.45020E-14
   4154.71875   1.28250E-14
   4156.19287   1.83455E-14
   4157.66699   1.88285E-14
   4159.14160   1.71673E-14
   4160.61572   1.64158E-14
   4162.08984   1.85256E-14
   4163.56396   1.98405E-14
   4165.03809   1.71855E-14
   4166.51221   1.63111E-14
   4167.98633   1.47502E-14
   4169.46094   1.87466E-14
   4170.93506   1.84759E-14
   4172.40918   1.72468E-14
   4173.88330   1.83589E-14
   4175.35742   2.09498E-14
   4176.83154   2.49752E-14
   4178.30615   2.68866E-14
   4179.78027   2.49395E-14
   4181.25439   2.75868E-14
   4182.72852   2.12773E-14
   4184.20264   1.92163E-14
   4185.67676   1.75471E-14
   4187.15088   2.00283E-14
   4188.62549   2.18416E-14
   4190.09961   1.66862E-14
   4191.57373   1.79341E-14
   4193.04785   1.60497E-14
   4194.52197   1.83627E-14
   4195.99609   1.16044E-14
   4197.47070   2.87110E-14
   4198.94482   3.72702E-14
   4200.41895   3.64620E-14
   4201.89307   2.62660E-14
   4203.36719   2.35434E-14
   4204.84131   1.90696E-14
   4206.31543   1.93283E-14
   4207.79004   2.18506E-14
   4209.26416   1.75035E-14
   4210.73828   2.07662E-14
   4212.21240   1.93825E-14
   4213.68652   1.61852E-14
   4215.16064   1.56702E-14
   4216.63525   1.57816E-14
   4218.10938   1.61621E-14
   4219.58350   1.40173E-14
   4221.05762   1.42317E-14
   4222.53174   1.51197E-14
   4224.00586   1.51768E-14
   4225.47998   1.69267E-14
   4226.95459   1.49085E-14
   4228.42871   1.78130E-14
   4229.90283   1.54919E-14
   4231.37695   2.09333E-14
   4232.85107   2.35618E-14
   4234.32520   2.06178E-14
   4235.79932   1.82564E-14
   4237.27393   1.78693E-14
   4238.74805   1.74989E-14
   4240.22217   1.88595E-14
   4241.69629   2.13568E-14
   4243.17041   2.64088E-14
   4244.64453   3.48021E-14
   4246.11914   3.12120E-14
   4247.59326   2.13202E-14
   4249.06738   1.89834E-14
   4250.54150   1.69900E-14
   4252.01562   1.57940E-14
   4253.48975   1.43713E-14
   4254.96387   1.38285E-14
   4256.43848   1.55836E-14
   4257.91260   1.68251E-14
   4259.38672   1.72401E-14
   4260.86084   1.79468E-14
   4262.33496   1.60746E-14
   4263.80908   1.47543E-14
   4265.28369   1.70561E-14
   4266.75781   1.86855E-14
   4268.23193   1.60432E-14
   4269.70605   1.73941E-14
   4271.18018   1.61120E-14
   4272.65430   1.52196E-14
   4274.12842   1.95392E-14
   4275.60303   2.32306E-14
   4277.07715   2.47956E-14
   4278.55127   2.02059E-14
   4280.02539   1.84960E-14
   4281.49951   1.47712E-14
   4282.97363   1.44889E-14
   4284.44824   1.99517E-14
   4285.92236   2.45408E-14
   4287.39648   2.84286E-14
   4288.87061   2.51434E-14
   4290.34473   2.05692E-14
   4291.81885   1.85107E-14
   4293.29297   1.73513E-14
   4294.76758   1.74642E-14
   4296.24170   1.82695E-14
   4297.71582   1.75892E-14
   4299.18994   1.97527E-14
   4300.66406   1.85881E-14
   4302.13818   1.82593E-14
   4303.61279   2.17802E-14
   4305.08691   2.02864E-14
   4306.56104   1.84910E-14
   4308.03516   1.81743E-14
   4309.50928   1.61681E-14
   4310.98340   1.59968E-14
   4312.45752   1.75377E-14
   4313.93213   1.83003E-14
   4315.40625   1.55310E-14
   4316.88037   1.75334E-14
   4318.35449   2.06129E-14
   4319.82861   2.19340E-14
   4321.30273   2.32813E-14
   4322.77734   1.75578E-14
   4324.25146   1.83255E-14
   4325.72559   1.89961E-14
   4327.19971   1.54928E-14
   4328.67383   1.86920E-14
   4330.14795   1.74406E-14
   4331.62207   1.96826E-14
   4333.09668   2.19052E-14
   4334.57080   2.81807E-14
   4336.04492   6.73745E-14
   4337.51904   1.68582E-13
   4338.99316   2.91824E-13
   4340.46729   3.13255E-13
   4341.94141   2.31979E-13
   4343.41602   1.30493E-13
   4344.89014   5.63659E-14
   4346.36426   3.02598E-14
   4347.83838   2.60774E-14
   4349.31250   2.46803E-14
   4350.78662   2.61200E-14
   4352.26123   2.77194E-14
   4353.73535   2.29672E-14
   4355.20947   2.55938E-14
   4356.68359   2.67706E-14
   4358.15771   4.19801E-14
   4359.63184   8.03229E-14
   4361.10596   1.66057E-13
   4362.58057   2.21310E-13
   4364.05469   1.86312E-13
   4365.52881   1.10371E-13
   4367.00293   4.53769E-14
   4368.47705   2.25351E-14
   4369.95117   2.17739E-14
   4371.42578   1.88728E-14
   4372.89990   2.15409E-14
   4374.37402   1.74999E-14
   4375.84814   1.81146E-14
   4377.32227   1.97272E-14
   4378.79639   1.96882E-14
   4380.27051   1.94024E-14
   4381.74512   1.76811E-14
   4383.21924   2.09367E-14
   4384.69336   2.32707E-14
   4386.16748   2.61809E-14
   4387.64160   2.86996E-14
   4389.11572   2.32234E-14
   4390.59033   1.98180E-14
   4392.06445   1.57049E-14
   4393.53857   1.72179E-14
   4395.01270   1.73557E-14
   4396.48682   1.79667E-14
   4397.96094   1.86837E-14
   4399.43506   1.64374E-14
   4400.90967   1.66154E-14
   4402.38379   1.84216E-14
   4403.85791   1.66620E-14
   4405.33203   1.61447E-14
   4406.80615   1.87731E-14
   4408.28027   1.63394E-14
   4409.75488   1.77697E-14
   4411.22900   1.93096E-14
   4412.70312   2.49227E-14
   4414.17725   3.18960E-14
   4415.65137   3.42349E-14
   4417.12549   3.16009E-14
   4418.59961   2.65860E-14
   4420.07422   2.06189E-14
   4421.54834   1.74486E-14
   4423.02246   1.70205E-14
   4424.49658   1.59011E-14
   4425.97070   1.66980E-14
   4427.44482   2.02668E-14
   4428.91895   1.77171E-14
   4430.39355   1.67424E-14
   4431.86768   1.65794E-14
   4433.34180   1.82749E-14
   4434.81592   1.65477E-14
   4436.29004   1.45470E-14
   4437.76416   1.58440E-14
   4439.23877   1.79302E-14
   4440.71289   1.50088E-14
   4442.18701   1.64504E-14
   4443.66113   1.58018E-14
   4445.13525   1.79912E-14
   4446.60938   1.99641E-14
   4448.08350   1.85963E-14
   4449.55811   1.95013E-14
   4451.03223   2.19754E-14
   4452.50635   2.23115E-14
   4453.98047   1.68112E-14
   4455.45459   1.72450E-14
   4456.92871   2.33443E-14
   4458.40332   2.20563E-14
   4459.87744   2.09201E-14
   4461.35156   1.78402E-14
   4462.82568   1.60490E-14
   4464.29980   1.58500E-14
   4465.77393   1.66535E-14
   4467.24805   2.04803E-14
   4468.72266   3.18558E-14
   4470.19678   4.89217E-14
   4471.67090   5.36514E-14
   4473.14502   4.39572E-14
   4474.61914   3.03955E-14
   4476.09326   2.15635E-14
   4477.56787   2.01526E-14
   4479.04199   1.74749E-14
   4480.51611   1.62748E-14
   4481.99023   1.68930E-14
   4483.46436   1.70334E-14
   4484.93848   1.79854E-14
   4486.41260   1.94789E-14
   4487.88721   2.16159E-14
   4489.36133   2.56301E-14
   4490.83545   2.59938E-14
   4492.30957   2.35910E-14
   4493.78369   2.14209E-14
   4495.25781   1.79538E-14
   4496.73242   1.86603E-14
   4498.20654   1.80222E-14
   4499.68066   1.59307E-14
   4501.15479   1.71535E-14
   4502.62891   1.67062E-14
   4504.10303   1.55148E-14
   4505.57715   1.66791E-14
   4507.05176   1.70831E-14
   4508.52588   2.00376E-14
   4510.00000   2.25650E-14
   4511.47412   2.16485E-14
   4512.94824   2.25991E-14
   4514.42236   2.32720E-14
   4515.89648   2.52386E-14
   4517.37109   2.62707E-14
   4518.84521   2.44874E-14
   4520.31934   2.59902E-14
   4521.79346   2.52923E-14
   4523.26758   2.25795E-14
   4524.74170   1.99823E-14
   4526.21631   1.69817E-14
   4527.69043   1.73057E-14
   4529.16455   1.92620E-14
   4530.63867   1.85278E-14
   4532.11279   1.93571E-14
   4533.58691   1.93737E-14
   4535.06104   2.00152E-14
   4536.53564   2.10516E-14
   4538.00977   2.59785E-14
   4539.48389   4.00030E-14
   4540.95801   5.23665E-14
   4542.43213   5.04920E-14
   4543.90625   3.76654E-14
   4545.38086   2.58249E-14
   4546.85498   2.12662E-14
   4548.32910   2.05281E-14
   4549.80322   2.03165E-14
   4551.27734   2.05635E-14
   4552.75146   2.14882E-14
   4554.22559   2.31523E-14
   4555.70020   2.48013E-14
   4557.17432   2.34808E-14
   4558.64844   1.95702E-14
   4560.12256   1.74270E-14
   4561.59668   1.76319E-14
   4563.07080   1.84169E-14
   4564.54541   1.80416E-14
   4566.01953   1.71944E-14
   4567.49365   1.80996E-14
   4568.96777   2.21970E-14
   4570.44189   2.58788E-14
   4571.91602   2.42570E-14
   4573.39014   2.19737E-14
   4574.86475   2.18211E-14
   4576.33887   2.21976E-14
   4577.81299   2.01467E-14
   4579.28711   1.93790E-14
   4580.76123   2.07757E-14
   4582.23535   2.38175E-14
   4583.70996   2.59249E-14
   4585.18408   2.43371E-14
   4586.65820   2.02547E-14
   4588.13232   1.84189E-14
   4589.60645   1.71336E-14
   4591.08057   1.94908E-14
   4592.55469   1.86205E-14
   4594.02930   1.70362E-14
   4595.50342   1.77229E-14
   4596.97754   1.63877E-14
   4598.45166   1.67067E-14
   4599.92578   1.64274E-14
   4601.39990   1.87045E-14
   4602.87402   2.09627E-14
   4604.34863   1.98537E-14
   4605.82275   2.25634E-14
   4607.29688   2.41088E-14
   4608.77100   2.13197E-14
   4610.24512   2.00782E-14
   4611.71924   1.91845E-14
   4613.19385   1.87818E-14
   4614.66797   1.81733E-14
   4616.14209   1.80562E-14
   4617.61621   1.78330E-14
   4619.09033   2.08287E-14
   4620.56445   2.10705E-14
   4622.03857   1.95243E-14
   4623.51318   1.98904E-14
   4624.98730   1.91650E-14
   4626.46143   2.04434E-14
   4627.93555   2.57468E-14
   4629.40967   3.08696E-14
   4630.88379   3.31791E-14
   4632.35840   3.57181E-14
   4633.83252   3.64322E-14
   4635.30664   3.33492E-14
   4636.78076   3.01247E-14
   4638.25488   3.84880E-14
   4639.72900   5.32269E-14
   4641.20312   5.25542E-14
   4642.67773   4.15623E-14
   4644.15186   3.03057E-14
   4645.62598   2.60539E-14
   4647.10010   2.76023E-14
   4648.57422   2.96811E-14
   4650.04834   2.92440E-14
   4651.52295   2.59835E-14
   4652.99707   2.53456E-14
   4654.47119   2.57929E-14
   4655.94531   3.17640E-14
   4657.41943   3.74424E-14
   4658.89355   3.31663E-14
   4660.36768   2.88640E-14
   4661.84229   2.36157E-14
   4663.31641   2.42678E-14
   4664.79053   2.54227E-14
   4666.26465   2.66628E-14
   4667.73877   2.74878E-14
   4669.21289   2.59233E-14
   4670.68750   2.58917E-14
   4672.16162   2.60330E-14
   4673.63574   2.58159E-14
   4675.10986   2.66560E-14
   4676.58398   2.87876E-14
   4678.05811   3.13964E-14
   4679.53223   4.00930E-14
   4681.00684   8.10498E-14
   4682.48096   2.82798E-13
   4683.95508   6.91031E-13
   4685.42920   9.65787E-13
   4686.90332   8.82312E-13
   4688.37744   5.17528E-13
   4689.85156   2.05205E-13
   4691.32617   6.94992E-14
   4692.80029   3.49988E-14
   4694.27441   2.76986E-14
   4695.74854   2.83433E-14
   4697.22266   3.55443E-14
   4698.69678   4.34334E-14
   4700.17139   4.38964E-14
   4701.64551   3.59415E-14
   4703.11963   3.07209E-14
   4704.59375   2.67738E-14
   4706.06787   2.30331E-14
   4707.54199   2.56470E-14
   4709.01611   2.52875E-14
   4710.49072   3.07809E-14
   4711.96484   4.38923E-14
   4713.43896   5.45729E-14
   4714.91309   5.45609E-14
   4716.38721   4.07984E-14
   4717.86133   2.86538E-14
   4719.33594   2.39146E-14
   4720.81006   2.58035E-14
   4722.28418   3.64126E-14
   4723.75830   5.34658E-14
   4725.23242   5.64255E-14
   4726.70654   4.82758E-14
   4728.18066   3.85605E-14
   4729.65527   2.85625E-14
   4731.12939   2.50182E-14
   4732.60352   2.41883E-14
   4734.07764   2.29601E-14
   4735.55176   2.10110E-14
   4737.02588   1.98059E-14
   4738.50049   2.15468E-14
   4739.97461   2.36857E-14
   4741.44873   2.27494E-14
   4742.92285   2.02667E-14
   4744.39697   1.94536E-14
   4745.87109   1.90211E-14
   4747.34521   1.93232E-14
   4748.81982   1.72383E-14
   4750.29395   1.84207E-14
   4751.76807   2.06735E-14
   4753.24219   2.08755E-14
   4754.71631   2.04346E-14
   4756.19043   1.96515E-14
   4757.66504   1.93487E-14
   4759.13916   1.79266E-14
   4760.61328   1.67507E-14
   4762.08740   1.68514E-14
   4763.56152   1.71402E-14
   4765.03564   1.50359E-14
   4766.50977   1.83327E-14
   4767.98438   1.69935E-14
   4769.45850   1.84646E-14
   4770.93262   1.77870E-14
   4772.40674   1.84783E-14
   4773.88086   1.99032E-14
   4775.35498   1.87866E-14
   4776.82910   1.96730E-14
   4778.30371   1.82022E-14
   4779.77783   1.71661E-14
   4781.25195   1.63674E-14
   4782.72607   1.60442E-14
   4784.20020   1.75556E-14
   4785.67432   1.67999E-14
   4787.14893   1.85961E-14
   4788.62305   1.86413E-14
   4790.09717   1.75384E-14
   4791.57129   1.70893E-14
   4793.04541   1.76911E-14
   4794.51953   1.79655E-14
   4795.99365   1.84730E-14
   4797.46826   1.73007E-14
   4798.94238   1.79023E-14
   4800.41650   1.92748E-14
   4801.89062   1.95828E-14
   4803.36475   1.96718E-14
   4804.83887   1.82848E-14
   4806.31348   1.64987E-14
   4807.78760   1.58361E-14
   4809.26172   1.56781E-14
   4810.73584   1.70546E-14
   4812.20996   2.02765E-14
   4813.68408   2.43258E-14
   4815.15820   2.61935E-14
   4816.63281   2.31547E-14
   4818.10693   2.05738E-14
   4819.58105   1.75341E-14
   4821.05518   1.89371E-14
   4822.52930   1.69497E-14
   4824.00342   1.90356E-14
   4825.47803   1.83215E-14
   4826.95215   1.74232E-14
   4828.42627   1.81815E-14
   4829.90039   1.84698E-14
   4831.37451   1.80897E-14
   4832.84863   1.84651E-14
   4834.32275   2.01517E-14
   4835.79736   1.87939E-14
   4837.27148   1.85711E-14
   4838.74561   2.07219E-14
   4840.21973   2.04298E-14
   4841.69385   2.08220E-14
   4843.16797   2.20108E-14
   4844.64258   2.15838E-14
   4846.11670   2.38595E-14
   4847.59082   2.41675E-14
   4849.06494   2.00035E-14
   4850.53906   2.62077E-14
   4852.01318   3.39475E-14
   4853.48730   3.27558E-14
   4854.96191   4.62554E-14
   4856.43604   1.04360E-13
   4857.91016   2.87414E-13
   4859.38428   5.84993E-13
   4860.85840   8.19872E-13
   4862.33252   7.57406E-13
   4863.80713   5.09353E-13
   4865.28125   2.47650E-13
   4866.75537   9.66331E-14
   4868.22949   4.91425E-14
   4869.70361   3.66234E-14
   4871.17773   2.96361E-14
   4872.65186   2.89961E-14
   4874.12646   2.77184E-14
   4875.60059   2.61243E-14
   4877.07471   2.44764E-14
   4878.54883   2.47607E-14
   4880.02295   2.44611E-14
   4881.49707   2.34137E-14
   4882.97119   2.28636E-14
   4884.44580   2.26472E-14
   4885.91992   2.20341E-14
   4887.39404   2.52282E-14
   4888.86816   2.75319E-14
   4890.34229   3.31842E-14
   4891.81641   4.25598E-14
   4893.29102   5.37199E-14
   4894.76514   5.26119E-14
   4896.23926   4.53578E-14
   4897.71338   3.41465E-14
   4899.18750   2.53974E-14
   4900.66162   2.38050E-14
   4902.13574   2.32634E-14
   4903.61035   2.76885E-14
   4905.08447   2.89479E-14
   4906.55859   2.99914E-14
   4908.03271   2.64482E-14
   4909.50684   2.06505E-14
   4910.98096   2.08386E-14
   4912.45557   2.24007E-14
   4913.92969   2.23102E-14
   4915.40381   2.25614E-14
   4916.87793   2.20848E-14
   4918.35205   2.63876E-14
   4919.82617   3.06954E-14
   4921.30029   4.07792E-14
   4922.77490   4.52482E-14
   4924.24902   4.09403E-14
   4925.72314   3.24373E-14
   4927.19727   2.78491E-14
   4928.67139   3.09903E-14
   4930.14551   3.59223E-14
   4931.62012   3.34141E-14
   4933.09424   2.98391E-14
   4934.56836   2.68360E-14
   4936.04248   3.14205E-14
   4937.51660   4.41122E-14
   4938.99072   5.72929E-14
   4940.46484   7.63128E-14
   4941.93945   9.04535E-14
   4943.41357   9.09610E-14
   4944.88770   7.98086E-14
   4946.36182   5.79011E-14
   4947.83594   4.00615E-14
   4949.31006   3.09243E-14
   4950.78467   3.06390E-14
   4952.25879   2.88582E-14
   4953.73291   3.67607E-14
   4955.20703   8.00045E-14
   4956.68115   1.58966E-13
   4958.15527   2.15054E-13
   4959.62939   1.90297E-13
   4961.10400   1.15966E-13
   4962.57812   5.17749E-14
   4964.05225   3.12778E-14
   4965.52637   3.30846E-14
   4967.00049   4.16782E-14
   4968.47461   4.25751E-14
   4969.94873   4.33645E-14
   4971.42334   4.56363E-14
   4972.89746   4.90287E-14
   4974.37158   4.22102E-14
   4975.84570   3.30982E-14
   4977.31982   2.41548E-14
   4978.79395   2.13502E-14
   4980.26855   1.88009E-14
   4981.74268   1.93139E-14
   4983.21680   2.00717E-14
   4984.69092   2.13454E-14
   4986.16504   3.25341E-14
   4987.63916   4.92223E-14
   4989.11328   5.75395E-14
   4990.58789   5.55143E-14
   4992.06201   4.01093E-14
   4993.53613   2.77792E-14
   4995.01025   2.13543E-14
   4996.48438   2.05117E-14
   4997.95850   1.95304E-14
   4999.43311   2.14532E-14
   5000.90723   3.40320E-14
   5002.38135   1.13682E-13
   5003.85547   3.12609E-13
   5005.32959   5.86659E-13
   5006.80371   6.42999E-13
   5008.27783   4.73310E-13
   5009.75244   2.18900E-13
   5011.22656   7.75082E-14
   5012.70068   3.54100E-14
   5014.17480   3.53730E-14
   5015.64893   3.85395E-14
   5017.12305   4.19374E-14
   5018.59766   3.81317E-14
   5020.07178   3.19086E-14
   5021.54590   2.67046E-14
   5023.02002   2.30485E-14
   5024.49414   1.98155E-14
   5025.96826   1.96123E-14
   5027.44238   1.94750E-14
   5028.91699   1.86976E-14
   5030.39111   2.22873E-14
   5031.86523   2.46341E-14
   5033.33936   2.41332E-14
   5034.81348   2.21270E-14
   5036.28760   2.25818E-14
   5037.76221   2.41819E-14
   5039.23633   3.01131E-14
   5040.71045   3.48944E-14
   5042.18457   3.58409E-14
   5043.65869   3.09553E-14
   5045.13281   2.96121E-14
   5046.60693   2.74104E-14
   5048.08154   2.67221E-14
   5049.55566   2.54000E-14
   5051.02979   2.32032E-14
   5052.50391   2.31447E-14
   5053.97803   2.37251E-14
   5055.45215   2.58921E-14
   5056.92627   2.88353E-14
   5058.40088   2.87314E-14
   5059.87500   2.47041E-14
   5061.34912   2.19195E-14
   5062.82324   2.40311E-14
   5064.29736   2.26600E-14
   5065.77148   2.17835E-14
   5067.24609   2.30853E-14
   5068.72021   2.23897E-14
   5070.19434   2.38587E-14
   5071.66846   2.47289E-14
   5073.14258   2.41592E-14
   5074.61670   2.37563E-14
   5076.09082   2.44900E-14
   5077.56543   2.42191E-14
   5079.03955   2.43353E-14
   5080.51367   2.30363E-14
   5081.98779   2.36574E-14
   5083.46191   2.36737E-14
   5084.93604   2.40927E-14
   5086.41064   2.40702E-14
   5087.88477   2.32216E-14
   5089.35889   2.27753E-14
   5090.83301   2.41947E-14
   5092.30713   2.35106E-14
   5093.78125   2.55944E-14
   5095.25537   2.46948E-14
   5096.72998   2.45462E-14
   5098.20410   2.30002E-14
   5099.67822   2.66150E-14
   5101.15234   2.60915E-14
   5102.62646   2.53494E-14
   5104.10059   2.50681E-14
   5105.57520   2.48003E-14
   5107.04932   2.48067E-14
   5108.52344   2.65137E-14
   5109.99756   2.95038E-14
   5111.47168   2.89585E-14
   5112.94580   2.99410E-14
   5114.41992   2.82892E-14
   5115.89453   2.63588E-14
   5117.36865   2.48855E-14
   5118.84277   2.70183E-14
   5120.31689   2.89170E-14
   5121.79102   2.92270E-14
   5123.26514   2.83590E-14
   5124.73975   2.63483E-14
   5126.21387   2.88389E-14
   5127.68799   2.91134E-14
   5129.16211   2.66949E-14
   5130.63623   2.93931E-14
   5132.11035   3.11301E-14
   5133.58447   3.14192E-14
   5135.05908   2.96709E-14
   5136.53320   2.90463E-14
   5138.00732   2.73986E-14
   5139.48145   2.89713E-14
   5140.95557   3.15809E-14
   5142.42969   3.56401E-14
   5143.90381   4.45179E-14
   5145.37842   5.59302E-14
   5146.85254   5.71844E-14
   5148.32666   5.03680E-14
   5149.80078   3.81721E-14
   5151.27490   3.22681E-14
   5152.74902   3.11735E-14
   5154.22363   3.36262E-14
   5155.69775   4.95342E-14
   5157.17188   7.96098E-14
   5158.64600   1.07816E-13
   5160.12012   1.10389E-13
   5161.59424   8.63115E-14
   5163.06836   5.95311E-14
   5164.54297   4.13952E-14
   5166.01709   3.30057E-14
   5167.49121   3.04051E-14
   5168.96533   2.72734E-14
   5170.43945   2.66531E-14
   5171.91357   2.82094E-14
   5173.38818   3.97488E-14
   5174.86230   6.05655E-14
   5176.33643   7.59168E-14
   5177.81055   7.63802E-14
   5179.28467   5.55794E-14
   5180.75879   3.55302E-14
   5182.23291   2.65389E-14
   5183.70752   2.37687E-14
   5185.18164   2.35777E-14
   5186.65576   2.23164E-14
   5188.12988   2.14383E-14
   5189.60400   2.18161E-14
   5191.07812   2.30955E-14
   5192.55273   2.46216E-14
   5194.02686   2.29900E-14
   5195.50098   2.34453E-14
   5196.97510   2.96955E-14
   5198.44922   3.37452E-14
   5199.92334   3.20305E-14
   5201.39746   2.67169E-14
   5202.87207   2.36348E-14
   5204.34619   2.39446E-14
   5205.82031   2.24348E-14
   5207.29443   2.16280E-14
   5208.76855   2.23875E-14
   5210.24268   2.12906E-14
   5211.71729   2.03955E-14
   5213.19141   2.20990E-14
   5214.66553   2.37749E-14
   5216.13965   2.44436E-14
   5217.61377   2.58650E-14
   5219.08789   2.70685E-14
   5220.56201   2.68303E-14
   5222.03662   2.63227E-14
   5223.51074   2.37058E-14
   5224.98486   2.25353E-14
   5226.45898   2.54557E-14
   5227.93311   2.57039E-14
   5229.40723   2.56492E-14
   5230.88135   2.79041E-14
   5232.35596   3.27426E-14
   5233.83008   3.94855E-14
   5235.30420   3.96419E-14
   5236.77832   3.49844E-14
   5238.25244   3.04706E-14
   5239.72656   2.66949E-14
   5241.20117   2.61238E-14
   5242.67529   2.51814E-14
   5244.14941   2.37156E-14
   5245.62354   2.33498E-14
   5247.09766   2.29172E-14
   5248.57178   2.44296E-14
   5250.04590   2.53097E-14
   5251.52051   2.54747E-14
   5252.99463   2.68928E-14
   5254.46875   2.59212E-14
   5255.94287   2.72971E-14
   5257.41699   2.76945E-14
   5258.89111   3.22948E-14
   5260.36572   3.87874E-14
   5261.83984   4.19793E-14
   5263.31396   4.08002E-14
   5264.78809   3.56086E-14
   5266.26221   2.92309E-14
   5267.73633   3.25919E-14
   5269.21045   3.78426E-14
   5270.68506   3.91294E-14
   5272.15918   4.15332E-14
   5273.63330   5.31428E-14
   5275.10742   6.98931E-14
   5276.58154   8.25936E-14
   5278.05566   8.42041E-14
   5279.53027   6.31354E-14
   5281.00439   4.50534E-14
   5282.47852   3.53113E-14
   5283.95264   3.17436E-14
   5285.42676   3.27549E-14
   5286.90088   3.22434E-14
   5288.37500   2.98353E-14
   5289.84961   2.92534E-14
   5291.32373   2.75135E-14
   5292.79785   2.88910E-14
   5294.27197   3.00504E-14
   5295.74609   2.98138E-14
   5297.22021   3.06590E-14
   5298.69482   2.91853E-14
   5300.16895   2.88566E-14
   5301.64307   2.81259E-14
   5303.11719   2.91445E-14
   5304.59131   3.22262E-14
   5306.06543   4.55704E-14
   5307.53955   6.89880E-14
   5309.01416   9.15490E-14
   5310.48828   9.19423E-14
   5311.96240   7.03329E-14
   5313.43652   4.80728E-14
   5314.91064   3.87767E-14
   5316.38477   4.34456E-14
   5317.85889   4.18348E-14
   5319.33350   3.74984E-14
   5320.80762   3.04578E-14
   5322.28174   3.03539E-14
   5323.75586   2.96581E-14
   5325.22998   2.94512E-14
   5326.70410   3.07152E-14
   5328.17871   3.06693E-14
   5329.65283   2.93397E-14
   5331.12695   3.31054E-14
   5332.60107   3.84017E-14
   5334.07520   4.70743E-14
   5335.54932   4.67280E-14
   5337.02344   4.33072E-14
   5338.49805   3.92641E-14
   5339.97217   3.32568E-14
   5341.44629   2.89088E-14
   5342.92041   2.88258E-14
   5344.39453   2.86703E-14
   5345.86865   2.86306E-14
   5347.34326   3.11610E-14
   5348.81738   2.94895E-14
   5350.29150   2.93041E-14
   5351.76562   2.89071E-14
   5353.23975   3.05279E-14
   5354.71387   3.18913E-14
   5356.18799   3.12468E-14
   5357.66260   2.97838E-14
   5359.13672   2.90084E-14
   5360.61084   3.20412E-14
   5362.08496   3.37100E-14
   5363.55908   3.52953E-14
   5365.03320   3.52470E-14
   5366.50781   3.07073E-14
   5367.98193   2.96100E-14
   5369.45605   3.01503E-14
   5370.93018   3.01668E-14
   5372.40430   3.14093E-14
   5373.87842   3.24561E-14
   5375.35254   3.54759E-14
   5376.82715   3.81787E-14
   5378.30127   3.68674E-14
   5379.77539   3.35209E-14
   5381.24951   3.08278E-14
   5382.72363   2.96306E-14
   5384.19775   2.97111E-14
   5385.67236   3.09762E-14
   5387.14648   3.04113E-14
   5388.62061   2.91553E-14
   5390.09473   2.91074E-14
   5391.56885   3.06194E-14
   5393.04297   2.96599E-14
   5394.51709   3.02225E-14
   5395.99170   3.14518E-14
   5397.46582   3.20262E-14
   5398.93994   3.16766E-14
   5400.41406   3.27359E-14
   5401.88818   3.28156E-14
   5403.36230   3.34737E-14
   5404.83691   3.30819E-14
   5406.31104   3.47469E-14
   5407.78516   4.69878E-14
   5409.25928   7.73536E-14
   5410.73340   1.27591E-13
   5412.20752   1.48636E-13
   5413.68164   1.21668E-13
   5415.15625   7.53855E-14
   5416.63037   4.29114E-14
   5418.10449   3.41632E-14
   5419.57861   3.53430E-14
   5421.05273   3.61346E-14
   5422.52686   3.87293E-14
   5424.00098   4.36917E-14
   5425.47559   4.97083E-14
   5426.94971   4.81353E-14
   5428.42383   4.56379E-14
   5429.89795   3.84056E-14
   5431.37207   3.67880E-14
   5432.84619   3.64513E-14
   5434.32080   3.45428E-14
   5435.79492   3.44999E-14
   5437.26904   3.41208E-14
   5438.74316   3.19528E-14
   5440.21729   3.38098E-14
   5441.69141   3.26597E-14
   5443.16553   3.44373E-14
   5444.64014   3.41716E-14
   5446.11426   3.15387E-14
   5447.58838   3.11801E-14
   5449.06250   2.74117E-14
   5450.53662   2.52601E-14
   5452.01074   2.57900E-14
   5453.48535   2.52837E-14
   5454.95947   2.66367E-14
   5456.43359   2.79427E-14
   5457.90771   2.99832E-14
   5459.38184   3.53074E-14
   5460.85596   3.73888E-14
   5462.33008   3.55226E-14
   5463.80469   3.32117E-14
   5465.27881   2.87147E-14
   5466.75293   2.80267E-14
   5468.22705   2.82321E-14
   5469.70117   2.73803E-14
   5471.17529   2.77375E-14
   5472.64990   2.91689E-14
   5474.12402   2.63879E-14
   5475.59814   2.74554E-14
   5477.07227   2.77660E-14
   5478.54639   2.91840E-14
   5480.02051   2.89306E-14
   5481.49463   2.83426E-14
   5482.96924   3.12450E-14
   5484.44336   3.31819E-14
   5485.91748   3.46597E-14
   5487.39160   3.26801E-14
   5488.86572   2.97642E-14
   5490.33984   2.99650E-14
   5491.81445   2.93488E-14
   5493.28857   2.98173E-14
   5494.76270   3.00106E-14
   5496.23682   3.05744E-14
   5497.71094   3.09357E-14
   5499.18506   3.01975E-14
   5500.65918   2.89839E-14
   5502.13379   2.60269E-14
   5503.60791   2.73501E-14
   5505.08203   2.77259E-14
   5506.55615   2.75676E-14
   5508.03027   2.86062E-14
   5509.50439   2.80923E-14
   5510.97852   2.78668E-14
   5512.45312   2.91908E-14
   5513.92725   2.93767E-14
   5515.40137   2.93708E-14
   5516.87549   2.92727E-14
   5518.34961   3.12191E-14
   5519.82373   3.15183E-14
   5521.29834   3.10374E-14
   5522.77246   3.13487E-14
   5524.24658   3.13856E-14
   5525.72070   3.44900E-14
   5527.19482   3.69989E-14
   5528.66895   3.75080E-14
   5530.14307   3.45153E-14
   5531.61768   3.22254E-14
   5533.09180   3.39464E-14
   5534.56592   3.48688E-14
   5536.04004   3.77653E-14
   5537.51416   3.73726E-14
   5538.98828   3.22530E-14
   5540.46289   3.19839E-14
   5541.93701   3.06530E-14
   5543.41113   3.21925E-14
   5544.88525   3.27428E-14
   5546.35938   3.18538E-14
   5547.83350   3.15887E-14
   5549.30762   2.90129E-14
   5550.78223   3.00491E-14
   5552.25635   3.01438E-14
   5553.73047   3.08899E-14
   5555.20459   3.15936E-14
   5556.67871   3.22561E-14
   5558.15283   3.18085E-14
   5559.62744   3.06925E-14
   5561.10156   2.96643E-14
   5562.57568   2.88975E-14
   5564.04980   2.92591E-14
   5565.52393   2.92447E-14
   5566.99805   2.96301E-14
   5568.47217   3.10458E-14
   5569.94678   3.08714E-14
   5571.42090   2.93591E-14
   5572.89502   2.95427E-14
   5574.36914   3.08091E-14
   5575.84326   3.27788E-14
   5577.31738   3.40668E-14
   5578.79199   3.55778E-14
   5580.26611   3.41095E-14
   5581.74023   3.29916E-14
   5583.21436   3.25070E-14
   5584.68848   3.57777E-14
   5586.16260   3.71783E-14
   5587.63672   3.45576E-14
   5589.11133   3.42638E-14
   5590.58545   3.45414E-14
   5592.05957   3.49389E-14
   5593.53369   3.46812E-14
   5595.00781   3.14682E-14
   5596.48193   2.98486E-14
   5597.95605   2.97048E-14
   5599.43066   2.88293E-14
   5600.90479   2.82854E-14
   5602.37891   3.12349E-14
   5603.85303   3.09667E-14
   5605.32715   2.92425E-14
   5606.80127   2.86366E-14
   5608.27588   2.92497E-14
   5609.75000   2.85206E-14
   5611.22412   2.75814E-14
   5612.69824   2.95805E-14
   5614.17236   3.27540E-14
   5615.64648   4.81242E-14
   5617.12061   7.23455E-14
   5618.59521   9.83895E-14
   5620.06934   9.63382E-14
   5621.54346   7.04509E-14
   5623.01758   4.58641E-14
   5624.49170   3.28577E-14
   5625.96582   2.83989E-14
   5627.44043   2.98563E-14
   5628.91455   3.37653E-14
   5630.38867   3.97599E-14
   5631.86279   4.45633E-14
   5633.33691   4.04877E-14
   5634.81104   3.65583E-14
   5636.28516   3.20192E-14
   5637.75977   2.57721E-14
   5639.23389   2.87214E-14
   5640.70801   2.94249E-14
   5642.18213   2.87551E-14
   5643.65625   3.03523E-14
   5645.13037   2.97262E-14
   5646.60498   2.93784E-14
   5648.07910   3.07849E-14
   5649.55322   3.06703E-14
   5651.02734   3.08747E-14
   5652.50146   2.98595E-14
   5653.97559   3.11307E-14
   5655.44971   3.09483E-14
   5656.92432   3.17488E-14
   5658.39844   3.18254E-14
   5659.87256   3.17887E-14
   5661.34668   2.90003E-14
   5662.82080   3.26075E-14
   5664.29492   3.18329E-14
   5665.76953   3.09618E-14
   5667.24365   3.10592E-14
   5668.71777   3.20218E-14
   5670.19189   3.19242E-14
   5671.66602   3.04707E-14
   5673.14014   3.14808E-14
   5674.61426   3.95234E-14
   5676.08887   4.41906E-14
   5677.56299   4.57387E-14
   5679.03711   4.44103E-14
   5680.51123   3.71286E-14
   5681.98535   3.18746E-14
   5683.45947   3.30602E-14
   5684.93359   3.16001E-14
   5686.40820   3.30458E-14
   5687.88232   3.07376E-14
   5689.35645   3.19549E-14
   5690.83057   3.43056E-14
   5692.30469   2.97209E-14
   5693.77881   3.00058E-14
   5695.25342   3.30059E-14
   5696.72754   3.23438E-14
   5698.20166   3.13923E-14
   5699.67578   3.18643E-14
   5701.14990   3.16108E-14
   5702.62402   3.25485E-14
   5704.09814   3.28475E-14
   5705.57275   3.20075E-14
   5707.04688   3.25573E-14
   5708.52100   3.37743E-14
   5709.99512   3.47300E-14
   5711.46924   3.50409E-14
   5712.94336   3.43280E-14
   5714.41797   3.35454E-14
   5715.89209   3.65977E-14
   5717.36621   6.46756E-14
   5718.84033   1.54178E-13
   5720.31445   2.98100E-13
   5721.78857   3.98050E-13
   5723.26270   3.56606E-13
   5724.73730   2.30555E-13
   5726.21143   1.14040E-13
   5727.68555   5.61303E-14
   5729.15967   3.70681E-14
   5730.63379   3.44334E-14
   5732.10791   3.57271E-14
   5733.58252   3.36321E-14
   5735.05664   3.36872E-14
   5736.53076   3.34616E-14
   5738.00488   3.27038E-14
   5739.47900   3.40769E-14
   5740.95312   3.33678E-14
   5742.42725   3.34384E-14
   5743.90186   3.37693E-14
   5745.37598   3.45542E-14
   5746.85010   3.85177E-14
   5748.32422   3.82545E-14
   5749.79834   4.39450E-14
   5751.27246   7.75459E-14
   5752.74707   1.23238E-13
   5754.22119   1.42517E-13
   5755.69531   1.20828E-13
   5757.16943   7.50571E-14
   5758.64355   4.57967E-14
   5760.11768   3.60210E-14
   5761.59180   3.29104E-14
   5763.06641   3.54445E-14
   5764.54053   3.37896E-14
   5766.01465   3.32993E-14
   5767.48877   3.52886E-14
   5768.96289   3.43667E-14
   5770.43701   3.28112E-14
   5771.91113   3.45596E-14
   5773.38574   3.60366E-14
   5774.85986   3.47944E-14
   5776.33398   3.47157E-14
   5777.80811   3.57708E-14
   5779.28223   3.51048E-14
   5780.75635   3.25466E-14
   5782.23096   3.33343E-14
   5783.70508   3.41954E-14
   5785.17920   3.40440E-14
   5786.65332   3.69285E-14
   5788.12744   3.59728E-14
   5789.60156   3.52486E-14
   5791.07568   3.71403E-14
   5792.55029   3.74379E-14
   5794.02441   3.88207E-14
   5795.49854   3.67145E-14
   5796.97266   3.87340E-14
   5798.44678   4.20303E-14
   5799.92090   4.42833E-14
   5801.39551   4.49097E-14
   5802.86963   4.27417E-14
   5804.34375   4.15893E-14
   5805.81787   3.93755E-14
   5807.29199   4.03652E-14
   5808.76611   4.03964E-14
   5810.24023   3.88453E-14
   5811.71484   3.98619E-14
   5813.18896   4.05841E-14
   5814.66309   3.82174E-14
   5816.13721   3.54583E-14
   5817.61133   3.42349E-14
   5819.08545   3.49913E-14
   5820.56006   3.62327E-14
   5822.03418   3.66999E-14
   5823.50830   3.58641E-14
   5824.98242   3.60454E-14
   5826.45654   3.54721E-14
   5827.93066   3.55346E-14
   5829.40479   3.77209E-14
   5830.87939   3.74119E-14
   5832.35352   3.73862E-14
   5833.82764   3.75792E-14
   5835.30176   3.96510E-14
   5836.77588   3.97629E-14
   5838.25000   3.90835E-14
   5839.72461   3.69890E-14
   5841.19873   3.43600E-14
   5842.67285   3.53840E-14
   5844.14697   3.58177E-14
   5845.62109   3.55671E-14
   5847.09521   3.48607E-14
   5848.56934   3.59700E-14
   5850.04395   3.14865E-14
   5851.51807   3.17830E-14
   5852.99219   3.27835E-14
   5854.46631   3.35859E-14
   5855.94043   3.39435E-14
   5857.41455   3.36247E-14
   5858.88867   3.43614E-14
   5860.36328   3.38107E-14
   5861.83740   3.24982E-14
   5863.31152   3.29061E-14
   5864.78564   3.47934E-14
   5866.25977   3.43904E-14
   5867.73389   3.68347E-14
   5869.20850   3.77277E-14
   5870.68262   3.88832E-14
   5872.15674   5.81100E-14
   5873.63086   1.35498E-13
   5875.10498   2.72956E-13
   5876.57910   3.47203E-13
   5878.05322   2.66711E-13
   5879.52783   1.32458E-13
   5881.00195   5.77294E-14
   5882.47607   3.85053E-14
   5883.95020   3.39983E-14
   5885.42432   3.26231E-14
   5886.89844   3.04132E-14
   5888.37305   2.84815E-14
   5889.84717   2.50700E-14
   5891.32129   2.79812E-14
   5892.79541   2.83642E-14
   5894.26953   2.86986E-14
   5895.74365   2.74412E-14
   5897.21777   2.78872E-14
   5898.69238   2.93291E-14
   5900.16650   3.11083E-14
   5901.64062   3.00821E-14
   5903.11475   2.98100E-14
   5904.58887   3.05381E-14
   5906.06299   3.19260E-14
   5907.53760   2.97036E-14
   5909.01172   2.86067E-14
   5910.48584   3.10792E-14
   5911.95996   3.40397E-14
   5913.43408   3.05817E-14
   5914.90820   3.31581E-14
   5916.38232   3.27522E-14
   5917.85693   2.95745E-14
   5919.33105   2.97323E-14
   5920.80518   2.95566E-14
   5922.27930   3.03472E-14
   5923.75342   3.02285E-14
   5925.22754   2.91563E-14
   5926.70215   2.94101E-14
   5928.17627   3.14562E-14
   5929.65039   3.30016E-14
   5931.12451   3.12309E-14
   5932.59863   3.46751E-14
   5934.07275   3.35759E-14
   5935.54688   3.14522E-14
   5937.02148   3.30065E-14
   5938.49561   3.32154E-14
   5939.96973   3.18922E-14
   5941.44385   3.39487E-14
   5942.91797   3.10218E-14
   5944.39209   3.09524E-14
   5945.86670   3.12012E-14
   5947.34082   3.31312E-14
   5948.81494   3.35964E-14
   5950.28906   3.21422E-14
   5951.76318   3.45017E-14
   5953.23730   3.82205E-14
   5954.71143   3.70132E-14
   5956.18604   3.47295E-14
   5957.66016   3.33759E-14
   5959.13428   3.13158E-14
   5960.60840   3.18853E-14
   5962.08252   3.45459E-14
   5963.55664   3.34794E-14
   5965.03076   3.22548E-14
   5966.50537   3.39273E-14
   5967.97949   3.18641E-14
   5969.45361   3.10481E-14
   5970.92773   3.40168E-14
   5972.40186   3.47244E-14
   5973.87598   3.44077E-14
   5975.35059   3.54716E-14
   5976.82471   3.64004E-14
   5978.29883   3.70874E-14
   5979.77295   3.78151E-14
   5981.24707   3.49196E-14
   5982.72119   3.48889E-14
   5984.19531   3.58939E-14
   5985.66992   3.66819E-14
   5987.14404   3.62160E-14
   5988.61816   3.38204E-14
   5990.09229   3.57596E-14
   5991.56641   3.93182E-14
   5993.04053   3.87455E-14
   5994.51514   3.85248E-14
   5995.98926   3.81489E-14
   5997.46338   3.64364E-14
   5998.93750   3.65927E-14
   6000.41162   3.68163E-14
   6001.88574   3.78636E-14
   6003.35986   3.96423E-14
   6004.83447   4.09806E-14
   6006.30859   4.06874E-14
   6007.78271   3.83411E-14
   6009.25684   3.60725E-14
   6010.73096   3.64480E-14
   6012.20508   3.56273E-14
   6013.67969   3.48192E-14
   6015.15381   3.73624E-14
   6016.62793   3.77307E-14
   6018.10205   3.69713E-14
   6019.57617   3.68866E-14
   6021.05029   3.70741E-14
   6022.52441   3.82769E-14
   6023.99902   3.82266E-14
   6025.47314   3.87503E-14
   6026.94727   3.88688E-14
   6028.42139   3.80501E-14
   6029.89551   3.83930E-14
   6031.36963   3.76461E-14
   6032.84424   3.75359E-14
   6034.31836   3.94421E-14
   6035.79248   4.14174E-14
   6037.26660   4.08610E-14
   6038.74072   4.19885E-14
   6040.21484   4.19487E-14
   6041.68896   3.97900E-14
   6043.16357   3.93603E-14
   6044.63770   3.94650E-14
   6046.11182   4.08001E-14
   6047.58594   4.28711E-14
   6049.06006   4.10228E-14
   6050.53418   4.10066E-14
   6052.00830   4.09471E-14
   6053.48291   4.07370E-14
   6054.95703   3.88124E-14
   6056.43115   4.06182E-14
   6057.90527   4.10178E-14
   6059.37939   4.17977E-14
   6060.85352   4.14019E-14
   6062.32812   4.14780E-14
   6063.80225   4.00203E-14
   6065.27637   4.04908E-14
   6066.75049   4.10724E-14
   6068.22461   4.14931E-14
   6069.69873   4.24658E-14
   6071.17285   4.28151E-14
   6072.64746   4.68841E-14
   6074.12158   4.80428E-14
   6075.59570   4.83211E-14
   6077.06982   4.60864E-14
   6078.54395   4.55000E-14
   6080.01807   4.53490E-14
   6081.49268   4.92147E-14
   6082.96680   8.68960E-14
   6084.44092   2.24039E-13
   6085.91504   5.08384E-13
   6087.38916   7.01887E-13
   6088.86328   6.65332E-13
   6090.33740   4.43967E-13
   6091.81201   2.11961E-13
   6093.28613   9.63984E-14
   6094.76025   5.48214E-14
   6096.23438   4.72798E-14
   6097.70850   4.57674E-14
   6099.18262   4.57250E-14
   6100.65723   4.75476E-14
   6102.13135   4.89647E-14
   6103.60547   4.67846E-14
   6105.07959   4.89796E-14
   6106.55371   5.26172E-14
   6108.02783   5.25528E-14
   6109.50195   4.92975E-14
   6110.97656   4.69144E-14
   6112.45068   4.47588E-14
   6113.92480   4.61024E-14
   6115.39893   4.91656E-14
   6116.87305   4.97227E-14
   6118.34717   5.13156E-14
   6119.82178   4.74727E-14
   6121.29590   4.83989E-14
   6122.77002   4.78796E-14
   6124.24414   4.94643E-14
   6125.71826   4.72438E-14
   6127.19238   4.76182E-14
   6128.66650   4.78723E-14
   6130.14111   4.74266E-14
   6131.61523   4.77758E-14
   6133.08936   4.69092E-14
   6134.56348   4.53545E-14
   6136.03760   4.36167E-14
   6137.51172   4.46220E-14
   6138.98584   4.73010E-14
   6140.46045   4.71501E-14
   6141.93457   4.58310E-14
   6143.40869   4.65287E-14
   6144.88281   4.83699E-14
   6146.35693   4.88163E-14
   6147.83105   4.85926E-14
   6149.30566   4.78230E-14
   6150.77979   4.42807E-14
   6152.25391   4.28267E-14
   6153.72803   4.27242E-14
   6155.20215   4.22121E-14
   6156.67627   4.25732E-14
   6158.15039   4.05797E-14
   6159.62500   4.10472E-14
   6161.09912   3.94366E-14
   6162.57324   3.74665E-14
   6164.04736   3.79090E-14
   6165.52148   3.84658E-14
   6166.99561   3.84759E-14
   6168.47021   4.04496E-14
   6169.94434   4.33015E-14
   6171.41846   4.38212E-14
   6172.89258   4.36199E-14
   6174.36670   4.10489E-14
   6175.84082   3.74168E-14
   6177.31494   3.72097E-14
   6178.78955   3.87862E-14
   6180.26367   3.81866E-14
   6181.73779   3.92280E-14
   6183.21191   3.92050E-14
   6184.68604   3.73121E-14
   6186.16016   3.63644E-14
   6187.63477   3.49696E-14
   6189.10889   3.51393E-14
   6190.58301   3.56181E-14
   6192.05713   3.44872E-14
   6193.53125   3.44955E-14
   6195.00537   3.50408E-14
   6196.47949   3.57066E-14
   6197.95410   3.69038E-14
   6199.42822   3.61657E-14
   6200.90234   3.63396E-14
   6202.37646   3.56262E-14
   6203.85059   3.48338E-14
   6205.32471   3.51142E-14
   6206.79932   3.59298E-14
   6208.27344   3.77765E-14
   6209.74756   3.66463E-14
   6211.22168   3.60980E-14
   6212.69580   3.81198E-14
   6214.16992   3.78401E-14
   6215.64404   3.53511E-14
   6217.11865   3.52358E-14
   6218.59277   3.65559E-14
   6220.06689   3.66688E-14
   6221.54102   3.38615E-14
   6223.01514   3.34602E-14
   6224.48926   3.60229E-14
   6225.96338   3.69672E-14
   6227.43799   3.88229E-14
   6228.91211   4.04193E-14
   6230.38623   4.10502E-14
   6231.86035   4.06204E-14
   6233.33447   4.31198E-14
   6234.80859   4.42151E-14
   6236.28320   4.44645E-14
   6237.75732   4.07354E-14
   6239.23145   4.03915E-14
   6240.70557   4.17182E-14
   6242.17969   3.79802E-14
   6243.65381   3.78020E-14
   6245.12793   3.50413E-14
   6246.60254   3.78097E-14
   6248.07666   4.35885E-14
   6249.55078   4.57898E-14
   6251.02490   4.34545E-14
   6252.49902   3.87392E-14
   6253.97314   3.66756E-14
   6255.44775   3.74212E-14
   6256.92188   3.82142E-14
   6258.39600   4.05610E-14
   6259.87012   4.07249E-14
   6261.34424   4.33924E-14
   6262.81836   4.37211E-14
   6264.29248   4.25344E-14
   6265.76709   4.13292E-14
   6267.24121   4.06320E-14
   6268.71533   3.98890E-14
   6270.18945   3.92593E-14
   6271.66357   3.68663E-14
   6273.13770   4.01169E-14
   6274.61230   3.72805E-14
   6276.08643   3.90369E-14
   6277.56055   3.65963E-14
   6279.03467   3.56370E-14
   6280.50879   3.81807E-14
   6281.98291   3.57658E-14
   6283.45703   3.71155E-14
   6284.93164   3.71746E-14
   6286.40576   3.71500E-14
   6287.87988   3.82165E-14
   6289.35400   4.20357E-14
   6290.82812   3.91688E-14
   6292.30225   4.01322E-14
   6293.77686   4.24598E-14
   6295.25098   4.04974E-14
   6296.72510   4.60865E-14
   6298.19922   6.64484E-14
   6299.67334   1.02380E-13
   6301.14746   1.36521E-13
   6302.62158   1.16045E-13
   6304.09619   7.08044E-14
   6305.57031   4.93762E-14
   6307.04443   4.58404E-14
   6308.51855   5.33088E-14
   6309.99268   6.70851E-14
   6311.46680   7.92941E-14
   6312.94092   7.71771E-14
   6314.41553   6.36513E-14
   6315.88965   5.23102E-14
   6317.36377   5.24407E-14
   6318.83789   5.28119E-14
   6320.31201   5.23525E-14
   6321.78613   4.39332E-14
   6323.26074   4.66645E-14
   6324.73486   4.45881E-14
   6326.20898   4.39835E-14
   6327.68311   4.58774E-14
   6329.15723   4.24514E-14
   6330.63135   4.42058E-14
   6332.10547   4.35324E-14
   6333.58008   4.82396E-14
   6335.05420   4.83602E-14
   6336.52832   4.68832E-14
   6338.00244   5.09160E-14
   6339.47656   5.13943E-14
   6340.95068   4.85247E-14
   6342.42529   4.87363E-14
   6343.89941   5.27242E-14
   6345.37354   5.21886E-14
   6346.84766   5.32802E-14
   6348.32178   5.45550E-14
   6349.79590   5.07405E-14
   6351.27002   4.83345E-14
   6352.74463   4.89856E-14
   6354.21875   4.74203E-14
   6355.69287   4.51031E-14
   6357.16699   4.62533E-14
   6358.64111   4.42446E-14
   6360.11523   4.57876E-14
   6361.58984   5.06701E-14
   6363.06396   6.62843E-14
   6364.53809   7.82548E-14
   6366.01221   7.07750E-14
   6367.48633   5.95586E-14
   6368.96045   5.37925E-14
   6370.43457   5.69021E-14
   6371.90918   5.94853E-14
   6373.38330   5.54935E-14
   6374.85742   5.27193E-14
   6376.33154   5.27339E-14
   6377.80566   5.27170E-14
   6379.27979   5.27429E-14
   6380.75439   5.30571E-14
   6382.22852   5.62184E-14
   6383.70264   6.14629E-14
   6385.17676   6.19495E-14
   6386.65088   6.07496E-14
   6388.12500   5.56325E-14
   6389.59912   5.17053E-14
   6391.07373   4.91873E-14
   6392.54785   5.04878E-14
   6394.02197   5.38592E-14
   6395.49609   5.31640E-14
   6396.97021   5.17813E-14
   6398.44434   5.32154E-14
   6399.91846   5.62510E-14
   6401.39307   5.82191E-14
   6402.86719   5.90596E-14
   6404.34131   6.25325E-14
   6405.81543   6.70011E-14
   6407.28955   6.83695E-14
   6408.76367   6.57169E-14
   6410.23828   6.01311E-14
   6411.71240   5.74273E-14
   6413.18652   5.35745E-14
   6414.66064   5.48966E-14
   6416.13477   5.67720E-14
   6417.60889   5.67945E-14
   6419.08301   5.89377E-14
   6420.55762   5.51615E-14
   6422.03174   5.29264E-14
   6423.50586   5.31034E-14
   6424.97998   5.15226E-14
   6426.45410   5.27600E-14
   6427.92822   5.31671E-14
   6429.40283   5.49779E-14
   6430.87695   5.81176E-14
   6432.35107   6.27177E-14
   6433.82520   7.76830E-14
   6435.29932   8.16042E-14
   6436.77344   7.35433E-14
   6438.24756   6.88950E-14
   6439.72217   6.24545E-14
   6441.19629   6.01945E-14
   6442.67041   6.16583E-14
   6444.14453   6.03967E-14
   6445.61865   6.27273E-14
   6447.09277   6.01793E-14
   6448.56738   5.92877E-14
   6450.04150   5.87268E-14
   6451.51562   5.69438E-14
   6452.98975   5.62516E-14
   6454.46387   6.05965E-14
   6455.93799   6.71872E-14
   6457.41211   7.23941E-14
   6458.88672   7.26220E-14
   6460.36084   6.71356E-14
   6461.83496   6.38057E-14
   6463.30908   6.32508E-14
   6464.78320   6.57829E-14
   6466.25732   6.65478E-14
   6467.73193   6.24030E-14
   6469.20605   6.40338E-14
   6470.68018   6.68356E-14
   6472.15430   6.72919E-14
   6473.62842   6.68558E-14
   6475.10254   6.47260E-14
   6476.57666   6.27435E-14
   6478.05127   6.34779E-14
   6479.52539   6.46484E-14
   6480.99951   6.06094E-14
   6482.47363   5.92838E-14
   6483.94775   5.97586E-14
   6485.42188   6.03299E-14
   6486.89648   5.92241E-14
   6488.37061   5.99200E-14
   6489.84473   6.15590E-14
   6491.31885   6.25077E-14
   6492.79297   6.65889E-14
   6494.26709   6.91104E-14
   6495.74121   6.37675E-14
   6497.21582   6.30628E-14
   6498.68994   6.41732E-14
   6500.16406   6.97622E-14
   6501.63818   6.79007E-14
   6503.11230   6.66055E-14
   6504.58643   6.97524E-14
   6506.06055   7.15726E-14
   6507.53516   7.30786E-14
   6509.00928   6.90648E-14
   6510.48340   7.03054E-14
   6511.95752   6.97130E-14
   6513.43164   7.49390E-14
   6514.90576   7.62199E-14
   6516.38037   8.16105E-14
   6517.85449   8.75611E-14
   6519.32861   8.66144E-14
   6520.80273   8.07577E-14
   6522.27686   8.31060E-14
   6523.75098   8.57193E-14
   6525.22510   9.26933E-14
   6526.69971   9.80212E-14
   6528.17383   1.05363E-13
   6529.64795   1.09262E-13
   6531.12207   1.01463E-13
   6532.59619   1.06507E-13
   6534.07031   1.08024E-13
   6535.54492   1.10618E-13
   6537.01904   1.20980E-13
   6538.49316   1.30836E-13
   6539.96729   1.36784E-13
   6541.44141   1.44787E-13
   6542.91553   1.63140E-13
   6544.38965   1.87843E-13
   6545.86426   2.24037E-13
   6547.33838   2.64556E-13
   6548.81250   2.69124E-13
   6550.28662   2.69369E-13
   6551.76074   2.99031E-13
   6553.23486   3.56129E-13
   6554.70947   4.50939E-13
   6556.18359   6.33539E-13
   6557.65771   1.02890E-12
   6559.13184   2.07014E-12
   6560.60596   3.71793E-12
   6562.08008   5.43682E-12
   6563.55420   5.34926E-12
   6565.02881   5.33357E-12
   6566.50293   3.82267E-12
   6567.97705   2.48321E-12
   6569.45117   1.31796E-12
   6570.92529   8.39290E-13
   6572.39941   5.67737E-13
   6573.87402   4.22019E-13
   6575.34814   3.34755E-13
   6576.82227   2.80029E-13
   6578.29639   2.43967E-13
   6579.77051   2.48694E-13
   6581.24463   2.93619E-13
   6582.71875   3.25116E-13
   6584.19336   2.76998E-13
   6585.66748   1.99177E-13
   6587.14160   1.53525E-13
   6588.61572   1.34370E-13
   6590.08984   1.26966E-13
   6591.56396   1.15984E-13
   6593.03809   1.10441E-13
   6594.51270   1.08926E-13
   6595.98682   9.92494E-14
   6597.46094   9.64296E-14
   6598.93506   9.62706E-14
   6600.40918   8.92805E-14
   6601.88330   8.91210E-14
   6603.35791   8.79364E-14
   6604.83203   8.15462E-14
   6606.30615   8.04950E-14
   6607.78027   7.81206E-14
   6609.25439   7.70250E-14
   6610.72852   7.68879E-14
   6612.20264   7.77026E-14
   6613.67725   7.80202E-14
   6615.15137   7.61822E-14
   6616.62549   7.44682E-14
   6618.09961   7.18663E-14
   6619.57373   7.27870E-14
   6621.04785   7.16008E-14
   6622.52246   6.70417E-14
   6623.99658   6.81489E-14
   6625.47070   7.06165E-14
   6626.94482   7.09014E-14
   6628.41895   6.95888E-14
   6629.89307   6.52694E-14
   6631.36719   6.56886E-14
   6632.84180   6.66748E-14
   6634.31592   6.68306E-14
   6635.79004   6.43556E-14
   6637.26416   6.23080E-14
   6638.73828   6.58794E-14
   6640.21240   6.36789E-14
   6641.68701   6.14598E-14
   6643.16113   6.28344E-14
   6644.63525   6.35531E-14
   6646.10938   6.35030E-14
   6647.58350   6.32458E-14
   6649.05762   6.02072E-14
   6650.53174   5.89036E-14
   6652.00635   5.86367E-14
   6653.48047   5.52651E-14
   6654.95459   5.61278E-14
   6656.42871   5.88679E-14
   6657.90283   5.48024E-14
   6659.37695   5.45582E-14
   6660.85156   5.59144E-14
   6662.32568   5.25676E-14
   6663.79980   5.57731E-14
   6665.27393   6.00369E-14
   6666.74805   5.94481E-14
   6668.22217   5.81304E-14
   6669.69629   5.93808E-14
   6671.17090   5.86259E-14
   6672.64502   5.94317E-14
   6674.11914   6.08641E-14
   6675.59326   7.55589E-14
   6677.06738   1.25564E-13
   6678.54150   1.87731E-13
   6680.01562   1.87196E-13
   6681.49023   1.26808E-13
   6682.96436   8.27515E-14
   6684.43848   7.09633E-14
   6685.91260   7.39278E-14
   6687.38672   7.15007E-14
   6688.86084   7.01435E-14
   6690.33545   6.42706E-14
   6691.80957   5.97411E-14
   6693.28369   5.59238E-14
   6694.75781   5.39184E-14
   6696.23193   5.43892E-14
   6697.70605   5.58716E-14
   6699.18018   5.35945E-14
   6700.65479   5.43229E-14
   6702.12891   5.39663E-14
   6703.60303   5.32077E-14
   6705.07715   5.60398E-14
   6706.55127   5.76277E-14
   6708.02539   5.81980E-14
   6709.50000   5.42329E-14
   6710.97412   5.65743E-14
   6712.44824   5.80579E-14
   6713.92236   5.32727E-14
   6715.39648   5.14412E-14
   6716.87061   5.01440E-14
   6718.34473   4.88916E-14
   6719.81934   4.90712E-14
   6721.29346   4.85763E-14
   6722.76758   4.82852E-14
   6724.24170   4.88946E-14
   6725.71582   5.12900E-14
   6727.18994   5.30240E-14
   6728.66455   5.39057E-14
   6730.13867   5.33372E-14
   6731.61279   5.42444E-14
   6733.08691   5.37764E-14
   6734.56104   5.40547E-14
   6736.03516   5.39305E-14
   6737.50928   5.38708E-14
   6738.98389   5.31750E-14
   6740.45801   5.69051E-14
   6741.93213   5.33136E-14
   6743.40625   5.42430E-14
   6744.88037   5.50766E-14
   6746.35449   5.82680E-14
   6747.82910   5.62036E-14
   6749.30322   5.47853E-14
   6750.77734   5.28746E-14
   6752.25146   5.43564E-14
   6753.72559   5.23020E-14
   6755.19971   5.35462E-14
   6756.67383   5.46493E-14
   6758.14844   5.30861E-14
   6759.62256   5.08868E-14
   6761.09668   5.84976E-14
   6762.57080   5.53518E-14
   6764.04492   5.59273E-14
   6765.51904   5.60968E-14
   6766.99316   5.53823E-14
   6768.46777   6.00423E-14
   6769.94189   6.05130E-14
   6771.41602   5.82149E-14
   6772.89014   5.87114E-14
   6774.36426   5.85775E-14
   6775.83838   6.03926E-14
   6777.31299   5.93987E-14
   6778.78711   6.13697E-14
   6780.26123   5.84838E-14
   6781.73535   5.75346E-14
   6783.20947   5.67191E-14
   6784.68359   5.54163E-14
   6786.15771   5.45108E-14
   6787.63232   5.25319E-14
   6789.10645   5.70331E-14
   6790.58057   5.80194E-14
   6792.05469   6.00460E-14
   6793.52881   5.98005E-14
   6795.00293   6.14367E-14
   6796.47754   6.17341E-14
   6797.95166   6.26682E-14
   6799.42578   6.29704E-14
   6800.89990   5.91304E-14
   6802.37402   5.90347E-14
   6803.84814   6.11585E-14
   6805.32227   6.20998E-14
   6806.79688   6.17302E-14
   6808.27100   6.29159E-14
   6809.74512   6.40092E-14
   6811.21924   6.52870E-14
   6812.69336   6.82045E-14
   6814.16748   7.25333E-14
   6815.64209   7.58937E-14
   6817.11621   8.18427E-14
   6818.59033   9.07383E-14
   6820.06445   1.11399E-13
   6821.53857   1.35797E-13
   6823.01270   1.56955E-13
   6824.48682   1.69507E-13
   6825.96143   1.75069E-13
   6827.43555   1.81095E-13
   6828.90967   1.82623E-13
   6830.38379   1.91377E-13
   6831.85791   1.92003E-13
   6833.33203   1.83068E-13
   6834.80664   1.66664E-13
   6836.28076   1.42522E-13
   6837.75488   1.27275E-13
   6839.22900   1.12671E-13
   6840.70312   1.05116E-13
   6842.17725   9.98342E-14
   6843.65137   9.38961E-14
   6845.12598   1.02838E-13
   6846.60010   1.24943E-13
   6848.07422   1.31351E-13
   6849.54834   1.28848E-13
   6851.02246   1.17599E-13
   6852.49658   9.01859E-14
   6853.97070   7.81882E-14
   6855.44531   7.57289E-14
   6856.91943   7.07184E-14
   6858.39355   6.96801E-14
   6859.86768   7.10221E-14
   6861.34180   6.93539E-14
   6862.81592   6.95458E-14
   6864.29053   7.02344E-14
   6865.76465   6.59631E-14
   6867.23877   5.88741E-14
   6868.71289   5.37204E-14
   6870.18701   5.12239E-14
   6871.66113   5.41299E-14
   6873.13525   5.61877E-14
   6874.60986   6.06286E-14
   6876.08398   6.55233E-14
   6877.55811   6.65627E-14
   6879.03223   6.91320E-14
   6880.50635   7.28284E-14
   6881.98047   7.64411E-14
   6883.45508   7.62319E-14
   6884.92920   7.50820E-14
   6886.40332   6.88951E-14
   6887.87744   6.96559E-14
   6889.35156   8.08589E-14
   6890.82568   8.70432E-14
   6892.29980   8.73864E-14
   6893.77441   8.67986E-14
   6895.24854   7.96885E-14
   6896.72266   7.39968E-14
   6898.19678   7.73777E-14
   6899.67090   7.66605E-14
   6901.14502   7.40780E-14
   6902.61963   7.55292E-14
   6904.09375   7.77658E-14
   6905.56787   7.95034E-14
   6907.04199   8.23009E-14
   6908.51611   7.99017E-14
   6909.99023   8.22957E-14
   6911.46436   8.26061E-14
   6912.93896   8.23293E-14
   6914.41309   8.41160E-14
   6915.88721   8.93121E-14
   6917.36133   8.72263E-14
   6918.83545   8.50751E-14
   6920.30957   8.17686E-14
   6921.78418   8.26921E-14
   6923.25830   8.15020E-14
   6924.73242   8.12361E-14
   6926.20654   8.20121E-14
   6927.68066   8.09457E-14
   6929.15479   8.02955E-14
   6930.62891   8.24412E-14
   6932.10352   8.11676E-14
   6933.57764   8.49510E-14
   6935.05176   8.70938E-14
   6936.52588   8.72455E-14
   6938.00000   8.64694E-14
   6939.47412   8.63384E-14
   6940.94824   8.53139E-14
   6942.42285   8.54076E-14
   6943.89697   9.01679E-14
   6945.37109   9.35098E-14
   6946.84521   9.20554E-14
   6948.31934   9.29475E-14
   6949.79346   9.30933E-14
   6951.26807   9.58442E-14
   6952.74219   9.30004E-14
   6954.21631   9.41863E-14
   6955.69043   8.93461E-14
   6957.16455   9.19003E-14
   6958.63867   9.28650E-14
   6960.11279   9.70779E-14
   6961.58740   9.52701E-14
   6963.06152   1.00958E-13
   6964.53564   1.02807E-13
   6966.00977   1.03065E-13
   6967.48389   1.04231E-13
   6968.95801   1.07149E-13
   6970.43262   1.06162E-13
   6971.90674   1.06789E-13
   6973.38086   1.03829E-13
   6974.85498   1.06947E-13
   6976.32910   1.09304E-13
   6977.80322   1.10856E-13
   6979.27734   1.14222E-13
   6980.75195   1.09547E-13
   6982.22607   1.13974E-13
   6983.70020   1.13741E-13
   6985.17432   1.12962E-13
   6986.64844   1.11114E-13
   6988.12256   1.09219E-13
   6989.59717   1.06227E-13
   6991.07129   1.03198E-13
   6992.54541   1.03960E-13
   6994.01953   1.08329E-13
   6995.49365   1.09544E-13
   6996.96777   1.12591E-13
   6998.44189   1.14195E-13
   6999.91650   1.09123E-13
   7001.39062   1.15507E-13
   7002.86475   1.24291E-13
   7004.33887   1.36947E-13
   7005.81299   1.51040E-13
   7007.28711   1.59768E-13
   7008.76172   1.51865E-13
   7010.23584   1.33669E-13
   7011.70996   1.21882E-13
   7013.18408   1.17270E-13
   7014.65820   1.14340E-13
   7016.13232   1.12687E-13
   7017.60645   1.16450E-13
   7019.08105   1.22778E-13
   7020.55518   1.17739E-13
   7022.02930   1.20692E-13
   7023.50342   1.17266E-13
   7024.97754   1.18835E-13
   7026.45166   1.15680E-13
   7027.92578   1.15893E-13
   7029.40039   1.20253E-13
   7030.87451   1.23557E-13
   7032.34863   1.24826E-13
   7033.82275   1.21487E-13
   7035.29688   1.22561E-13
   7036.77100   1.20885E-13
   7038.24561   1.19242E-13
   7039.71973   1.18013E-13
   7041.19385   1.14918E-13
   7042.66797   1.15835E-13
   7044.14209   1.19096E-13
   7045.61621   1.20952E-13
   7047.09033   1.20704E-13
   7048.56494   1.22055E-13
   7050.03906   1.21279E-13
   7051.51318   1.20958E-13
   7052.98730   1.16435E-13
   7054.46143   1.09193E-13
   7055.93555   8.60839E-14
   7057.41016   7.93660E-14
   7058.88428   7.67799E-14
   7060.35840   7.57512E-14
   7061.83252   9.41616E-14
   7063.30664   1.72280E-13
   7064.78076   3.34432E-13
   7066.25488   4.89332E-13
   7067.72949   4.24414E-13
   7069.20361   2.23722E-13
   7070.67773   1.11387E-13
   7072.15186   8.12691E-14
   7073.62598   8.12047E-14
   7075.10010   7.79714E-14
   7076.57471   7.83477E-14
   7078.04883   8.44590E-14
   7079.52295   8.79438E-14
   7080.99707   9.37535E-14
   7082.47119   9.07108E-14
   7083.94531   8.99493E-14
   7085.41943   9.58250E-14
   7086.89404   9.94572E-14
   7088.36816   9.95547E-14
   7089.84229   9.51958E-14
   7091.31641   9.37861E-14
   7092.79053   9.51180E-14
   7094.26465   8.53197E-14
   7095.73926   7.83375E-14
   7097.21338   7.63640E-14
   7098.68750   7.20871E-14
   7100.16162   7.33245E-14
   7101.63574   7.09900E-14
   7103.10986   6.89258E-14
   7104.58398   6.76151E-14
   7106.05859   6.74472E-14
   7107.53271   6.81316E-14
   7109.00684   7.04141E-14
   7110.48096   7.32524E-14
   7111.95508   6.84605E-14
   7113.42920   7.26934E-14
   7114.90381   7.19841E-14
   7116.37793   7.04585E-14
   7117.85205   7.22448E-14
   7119.32617   7.28402E-14
   7120.80029   7.39152E-14
   7122.27441   7.53090E-14
   7123.74854   7.61466E-14
   7125.22314   7.42226E-14
   7126.69727   6.67851E-14
   7128.17139   6.28037E-14
   7129.64551   6.24040E-14
   7131.11963   6.41910E-14
   7132.59375   7.90975E-14
   7134.06787   1.05533E-13
   7135.54248   1.15079E-13
   7137.01660   1.00406E-13
   7138.49072   8.11150E-14
   7139.96484   7.24105E-14
   7141.43896   6.85421E-14
   7142.91309   6.72757E-14
   7144.38770   6.47126E-14
   7145.86182   6.36021E-14
   7147.33594   6.53614E-14
   7148.81006   6.90999E-14
   7150.28418   6.63288E-14
   7151.75830   6.94548E-14
   7153.23242   8.02732E-14
   7154.70703   9.74855E-14
   7156.18115   1.04464E-13
   7157.65527   9.58715E-14
   7159.12939   8.28607E-14
   7160.60352   6.82762E-14
   7162.07764   6.93947E-14
   7163.55225   7.05532E-14
   7165.02637   6.92441E-14
   7166.50049   6.99468E-14
   7167.97461   7.45921E-14
   7169.44873   8.40771E-14
   7170.92285   8.87640E-14
   7172.39697   9.03047E-14
   7173.87158   8.26172E-14
   7175.34570   8.10495E-14
   7176.81982   9.29290E-14
   7178.29395   9.87033E-14
   7179.76807   9.42577E-14
   7181.24219   8.31727E-14
   7182.71680   7.64067E-14
   7184.19092   7.22509E-14
   7185.66504   6.86193E-14
   7187.13916   6.80168E-14
   7188.61328   7.12740E-14
   7190.08740   7.60135E-14
   7191.56152   7.68028E-14
   7193.03613   7.46640E-14
   7194.51025   7.31339E-14
   7195.98438   7.48146E-14
   7197.45850   7.55629E-14
   7198.93262   7.01041E-14
   7200.40674   6.73804E-14
   7201.88135   6.71549E-14
   7203.35547   7.14135E-14
   7204.82959   7.08325E-14
   7206.30371   7.02254E-14
   7207.77783   7.31944E-14
   7209.25195   7.57288E-14
   7210.72607   7.70465E-14
   7212.20068   8.01484E-14
   7213.67480   8.09229E-14
   7215.14893   7.94543E-14
   7216.62305   8.12827E-14
   7218.09717   8.15013E-14
   7219.57129   8.42384E-14
   7221.04541   8.41212E-14
   7222.52002   8.40612E-14
   7223.99414   8.57342E-14
   7225.46826   8.69765E-14
   7226.94238   8.88545E-14
   7228.41650   9.04896E-14
   7229.89062   8.79884E-14
   7231.36523   8.24558E-14
   7232.83936   8.10959E-14
   7234.31348   8.05041E-14
   7235.78760   8.58444E-14
   7237.26172   9.47597E-14
   7238.73584   9.94794E-14
   7240.20996   9.47807E-14
   7241.68457   8.91365E-14
   7243.15869   8.93100E-14
   7244.63281   9.27741E-14
   7246.10693   9.41740E-14
   7247.58105   9.37368E-14
   7249.05518   9.80491E-14
   7250.52979   9.62972E-14
   7252.00391   9.12716E-14
   7253.47803   9.04048E-14
   7254.95215   9.67259E-14
   7256.42627   1.01661E-13
   7257.90039   9.89907E-14
   7259.37451   1.00470E-13
   7260.84912   1.03953E-13
   7262.32324   1.04325E-13
   7263.79736   1.06621E-13
   7265.27148   1.06962E-13
   7266.74561   1.06663E-13
   7268.21973   1.09641E-13
   7269.69434   1.10513E-13
   7271.16846   1.03524E-13
   7272.64258   9.63227E-14
   7274.11670   9.74222E-14
   7275.59082   9.86015E-14
   7277.06494   9.60788E-14
   7278.53906   1.04873E-13
   7280.01367   1.24544E-13
   7281.48779   1.43800E-13
   7282.96191   1.54230E-13
   7284.43604   1.42952E-13
   7285.91016   1.22112E-13
   7287.38428   1.10290E-13
   7288.85889   1.08834E-13
   7290.33301   1.12877E-13
   7291.80713   1.26499E-13
   7293.28125   1.38299E-13
   7294.75537   1.35312E-13
   7296.22949   1.22733E-13
   7297.70361   1.20611E-13
   7299.17822   1.19910E-13
   7300.65234   1.21005E-13
   7302.12646   1.25300E-13
   7303.60059   1.23059E-13
   7305.07471   1.27293E-13
   7306.54883   1.26703E-13
   7308.02295   1.29602E-13
   7309.49756   1.30731E-13
   7310.97168   1.32589E-13
   7312.44580   1.36392E-13
   7313.91992   1.39711E-13
   7315.39404   1.36988E-13
   7316.86816   1.49741E-13
   7318.34277   1.64258E-13
   7319.81689   1.71828E-13
   7321.29102   1.74769E-13
   7322.76514   1.68475E-13
   7324.23926   1.68994E-13
   7325.71338   1.74675E-13
   7327.18750   1.69177E-13
   7328.66211   1.71917E-13
   7330.13623   1.82576E-13
   7331.61035   1.74470E-13
   7333.08447   1.60856E-13
   7334.55859   1.53230E-13
   7336.03271   1.51620E-13
   7337.50732   1.61727E-13
   7338.98145   1.61301E-13
   7340.45557   1.66708E-13
   7341.92969   1.72327E-13
   7343.40381   1.68682E-13
   7344.87793   1.57694E-13
   7346.35205   1.50117E-13
   7347.82666   1.56062E-13
   7349.30078   1.61262E-13
   7350.77490   1.63419E-13
   7352.24902   1.67604E-13
   7353.72314   1.65635E-13
   7355.19727   1.71077E-13
   7356.67188   1.67457E-13
   7358.14600   1.67156E-13
   7359.62012   1.71975E-13
   7361.09424   1.69517E-13
   7362.56836   1.72563E-13
   7364.04248   1.73833E-13
   7365.51660   1.71096E-13
   7366.99121   1.76350E-13
   7368.46533   1.86386E-13
   7369.93945   1.94394E-13
   7371.41357   1.87013E-13
   7372.88770   1.86766E-13
   7374.36182   1.86233E-13
   7375.83643   1.87089E-13
   7377.31055   1.96206E-13
   7378.78467   2.01960E-13
   7380.25879   2.05710E-13
   7381.73291   1.91750E-13
   7383.20703   1.95802E-13
   7384.68115   1.98973E-13
   7386.15576   2.03356E-13
   7387.62988   2.01844E-13
   7389.10400   2.06288E-13
   7390.57812   2.07521E-13
   7392.05225   2.03419E-13
   7393.52637   2.01708E-13
   7395.00049   1.99140E-13
   7396.47510   1.95565E-13
   7397.94922   2.03933E-13
   7399.42334   2.00776E-13
   7400.89746   2.05269E-13
   7402.37158   2.02979E-13
   7403.84570   2.05539E-13
   7405.32031   2.11778E-13
   7406.79443   2.06575E-13
   7408.26855   2.09411E-13
   7409.74268   2.12504E-13
   7411.21680   2.17401E-13
   7412.69092   2.18368E-13
   7414.16504   2.15089E-13
   7415.63965   2.15189E-13
   7417.11377   2.09330E-13
   7418.58789   1.94943E-13
