#  puvul.278  455353.94015   10.0
#     wave       flux
   3473.38135   1.23222E-13
   3474.85254  -7.70212E-14
   3476.32373  -9.25927E-14
   3477.79517   4.09753E-14
   3479.26636   1.50279E-13
   3480.73755  -1.37926E-14
   3482.20874  -2.76175E-14
   3483.68018   5.03982E-14
   3485.15137   1.01407E-13
   3486.62256   9.41422E-15
   3488.09375   1.52041E-13
   3489.56519   1.03587E-13
   3491.03638  -1.25503E-13
   3492.50757   1.15881E-13
   3493.97876   3.19412E-14
   3495.45020   2.01152E-15
   3496.92139   3.31885E-14
   3498.39258  -1.17312E-13
   3499.86377   6.88466E-14
   3501.33496   1.75874E-13
   3502.80640  -8.50313E-14
   3504.27759   1.60449E-13
   3505.74878  -2.60186E-14
   3507.21997   1.03807E-13
   3508.69141  -5.75342E-14
   3510.16260   6.63936E-14
   3511.63379  -8.65005E-15
   3513.10498   4.35597E-14
   3514.57642   1.35454E-14
   3516.04761   3.51229E-14
   3517.51880   1.30031E-13
   3518.98999   1.00368E-13
   3520.46143   4.71818E-14
   3521.93262  -1.39510E-13
   3523.40381  -3.05604E-14
   3524.87500   4.87661E-14
   3526.34644  -2.74321E-14
   3527.81763   1.35404E-13
   3529.28882  -2.90920E-14
   3530.76001   7.84541E-14
   3532.23120   3.59742E-14
   3533.70264   1.54272E-13
   3535.17383   1.68549E-13
   3536.64502   2.11139E-14
   3538.11621  -1.45741E-13
   3539.58765  -2.77721E-14
   3541.05884   1.81025E-13
   3542.53003   4.14712E-15
   3544.00122  -3.09404E-14
   3545.47266   3.28487E-14
   3546.94385   1.58529E-13
   3548.41504   1.70720E-13
   3549.88623   3.87477E-14
   3551.35767  -6.56348E-14
   3552.82886   6.01051E-14
   3554.30005   1.48125E-13
   3555.77124   7.03755E-14
   3557.24243   8.66813E-14
   3558.71387   9.21805E-14
   3560.18506   8.96382E-14
   3561.65625   8.17743E-14
   3563.12744  -2.12819E-15
   3564.59888   8.21662E-14
   3566.07007   1.18625E-13
   3567.54126   9.11000E-14
   3569.01245   7.24177E-14
   3570.48389   1.03029E-13
   3571.95508   7.87873E-14
   3573.42627  -3.37933E-14
   3574.89746   1.55397E-13
   3576.36890   9.12071E-14
   3577.84009   2.36709E-14
   3579.31128  -2.78962E-14
   3580.78247  -4.08422E-14
   3582.25366   9.69487E-14
   3583.72510   9.16199E-14
   3585.19629   2.44885E-13
   3586.66748   2.09101E-13
   3588.13867   1.29460E-13
   3589.61011   8.40798E-14
   3591.08130   3.88658E-15
   3592.55249   9.00453E-14
   3594.02368  -3.12015E-14
   3595.49512   5.97954E-14
   3596.96631  -6.95050E-15
   3598.43750  -3.76245E-14
   3599.90869   7.88208E-14
   3601.38013   4.58580E-14
   3602.85132   1.80507E-13
   3604.32251   7.43646E-14
   3605.79370   7.99663E-14
   3607.26514  -8.31090E-15
   3608.73633   3.90454E-14
   3610.20752   4.32518E-14
   3611.67871   1.17076E-13
   3613.14990  -1.79960E-15
   3614.62134  -3.47966E-14
   3616.09253   5.47293E-15
   3617.56372   5.63140E-14
   3619.03491  -2.28803E-14
   3620.50635   3.19367E-14
   3621.97754   7.35221E-14
   3623.44873   6.57206E-14
   3624.91992   8.03574E-14
   3626.39136   5.33348E-14
   3627.86255   1.31565E-14
   3629.33374   2.97584E-15
   3630.80493  -1.88565E-14
   3632.27637  -3.60315E-15
   3633.74756   3.41060E-14
   3635.21875   1.22577E-13
   3636.68994   7.82729E-14
   3638.16113   7.68840E-14
   3639.63257   1.45720E-13
   3641.10376   5.32344E-14
   3642.57495   1.06185E-13
   3644.04614  -2.10377E-14
   3645.51758   2.61560E-14
   3646.98877  -4.53413E-14
   3648.45996   1.04567E-13
   3649.93115   8.45088E-14
   3651.40259   1.39753E-13
   3652.87378   6.19870E-14
   3654.34497   1.13446E-13
   3655.81616  -1.28676E-14
   3657.28760   3.08373E-14
   3658.75879   1.10428E-14
   3660.22998   1.35358E-13
   3661.70117   4.48630E-14
   3663.17236   2.37595E-14
   3664.64380  -1.42124E-14
   3666.11499   9.89654E-14
   3667.58618   7.03456E-14
   3669.05737   5.17255E-14
   3670.52881   1.23726E-13
   3672.00000   3.77680E-15
   3673.47119   1.17988E-13
   3674.94238   5.91577E-14
   3676.41382   1.03735E-13
   3677.88501  -3.50783E-14
   3679.35620   9.00258E-14
   3680.82739   8.01931E-14
   3682.29883  -2.26960E-14
   3683.77002   1.90454E-14
   3685.24121   3.46465E-14
   3686.71240   1.43845E-14
   3688.18384   1.60892E-14
   3689.65503   6.15690E-14
   3691.12622  -1.25588E-14
   3692.59741   2.48215E-15
   3694.06860   3.66439E-14
   3695.54004   3.50692E-14
   3697.01123   5.39826E-14
   3698.48242   3.99368E-14
   3699.95361   4.42222E-14
   3701.42505   2.00161E-15
   3702.89624  -2.97621E-15
   3704.36743   2.22394E-14
   3705.83862  -1.76091E-14
   3707.31006  -1.83761E-14
   3708.78125   2.95979E-14
   3710.25244   6.09731E-14
   3711.72363   7.33586E-14
   3713.19507   3.35226E-14
   3714.66626  -1.35092E-14
   3716.13745   3.09024E-14
   3717.60864   6.72254E-14
   3719.07983   7.61046E-14
   3720.55127   8.14210E-14
   3722.02246   2.71416E-14
   3723.49365   7.87248E-14
   3724.96484  -4.18875E-14
   3726.43628   3.79505E-14
   3727.90747   8.41881E-14
   3729.37866   6.38470E-14
   3730.84985   6.52559E-14
   3732.32129  -7.25158E-15
   3733.79248   1.43062E-14
   3735.26367   3.34237E-14
   3736.73486   5.39082E-14
   3738.20630   4.05239E-14
   3739.67749   3.11647E-14
   3741.14868   2.63889E-14
   3742.61987   2.57684E-14
   3744.09106   1.39662E-14
   3745.56250   2.26622E-14
   3747.03369   4.98392E-14
   3748.50488   9.48402E-14
   3749.97607   6.04904E-14
   3751.44751   2.17708E-14
   3752.91870   5.89518E-14
   3754.38989   5.38273E-14
   3755.86108   1.31025E-13
   3757.33252   2.73430E-13
   3758.80371   2.49258E-13
   3760.27490   1.82694E-13
   3761.74609   1.11229E-13
   3763.21753   8.55377E-14
   3764.68872   9.34621E-14
   3766.15991  -1.37917E-14
   3767.63110   9.48914E-14
   3769.10254   2.97753E-14
   3770.57373  -2.02258E-14
   3772.04492  -2.47296E-14
   3773.51611   1.58334E-14
   3774.98730   2.84392E-14
   3776.45874   5.64438E-14
   3777.92993  -2.91461E-15
   3779.40112   2.58253E-14
   3780.87231   1.90244E-14
   3782.34375   4.89853E-14
   3783.81494  -2.96470E-14
   3785.28613  -1.35584E-14
   3786.75732   1.59486E-14
   3788.22876   4.68638E-14
   3789.69995   8.07542E-14
   3791.17114   7.46680E-14
   3792.64233   4.65921E-14
   3794.11377   1.36370E-14
   3795.58496   6.58978E-14
   3797.05615   2.52769E-14
   3798.52734   3.24527E-14
   3799.99854   6.05039E-14
   3801.46997   1.79859E-14
   3802.94116   2.06723E-14
   3804.41235   3.17931E-14
   3805.88354   1.50301E-14
   3807.35498   2.36162E-14
   3808.82617   3.55237E-14
   3810.29736   2.77683E-14
   3811.76855   6.82751E-14
   3813.23999   4.58416E-14
   3814.71118   5.08179E-14
   3816.18237   3.66871E-14
   3817.65356   1.97281E-14
   3819.12500   3.15764E-14
   3820.59619   2.90707E-14
   3822.06738   3.13996E-15
   3823.53857  -3.16163E-14
   3825.00977  -2.30268E-14
   3826.48120  -2.38516E-14
   3827.95239   1.31619E-14
   3829.42358   2.17219E-14
   3830.89478   5.12089E-14
   3832.36621   7.15823E-14
   3833.83740   1.07236E-13
   3835.30859   3.64976E-14
   3836.77979   8.39405E-16
   3838.25122   2.89800E-14
   3839.72241   4.07007E-14
   3841.19360   1.66399E-14
   3842.66479   5.41975E-14
   3844.13623   1.00589E-14
   3845.60742   5.21475E-15
   3847.07861   2.57704E-14
   3848.54980   2.23833E-14
   3850.02100   5.53100E-15
   3851.49243   1.43764E-14
   3852.96362   1.57741E-14
   3854.43481   4.45941E-14
   3855.90601   4.47574E-14
   3857.37744  -7.81228E-16
   3858.84863  -1.18653E-14
   3860.31982  -4.66760E-15
   3861.79102   5.53739E-14
   3863.26245   4.54853E-14
   3864.73364   1.76522E-13
   3866.20483   2.10217E-13
   3867.67603   2.97448E-13
   3869.14746   2.40273E-13
   3870.61865   1.12660E-13
   3872.08984   7.49990E-14
   3873.56104  -1.19590E-15
   3875.03247   2.29795E-14
   3876.50366  -1.70538E-14
   3877.97485   1.73775E-14
   3879.44604  -9.65329E-15
   3880.91724   1.93894E-14
   3882.38867   2.86712E-14
   3883.85986  -9.01486E-15
   3885.33105   1.46917E-14
   3886.80225   5.79486E-14
   3888.27368   1.11102E-13
   3889.74487   8.81073E-14
   3891.21606   6.66468E-14
   3892.68726   6.98050E-14
   3894.15869   8.80010E-14
   3895.62988   3.56886E-14
   3897.10107   4.59648E-14
   3898.57227   2.35573E-14
   3900.04370   4.51282E-14
   3901.51489   2.63751E-14
   3902.98608   1.44464E-14
   3904.45728   2.31680E-14
   3905.92847   1.22506E-14
   3907.39990   3.71760E-14
   3908.87109   3.76155E-14
   3910.34229   2.93504E-14
   3911.81348   3.18240E-14
   3913.28491  -6.20437E-15
   3914.75610   2.48750E-14
   3916.22729   3.48007E-14
   3917.69849   3.07120E-14
   3919.16992   3.89374E-14
   3920.64111   9.69418E-15
   3922.11230  -5.22490E-15
   3923.58350   6.29399E-15
   3925.05493  -2.37936E-14
   3926.52612   1.48892E-14
   3927.99731   2.36237E-14
   3929.46851   1.69844E-14
   3930.93970   2.83857E-14
   3932.41113   3.04516E-14
   3933.88232   1.42810E-14
   3935.35352   2.45917E-14
   3936.82471   1.02599E-14
   3938.29614   3.66248E-15
   3939.76733   1.86645E-14
   3941.23853  -4.13040E-15
   3942.70972   1.79683E-15
   3944.18115   2.63419E-14
   3945.65234   2.68078E-14
   3947.12354   5.81729E-15
   3948.59473  -5.39538E-15
   3950.06616   3.91920E-14
   3951.53735   2.06254E-14
   3953.00854   4.51135E-14
   3954.47974   1.37345E-14
   3955.95117   1.91294E-14
   3957.42236  -6.41327E-15
   3958.89355   9.52082E-15
   3960.36475  -2.65308E-15
   3961.83594   1.11165E-14
   3963.30737   6.63347E-14
   3964.77856   1.37216E-13
   3966.24976   1.44928E-13
   3967.72095   2.12422E-13
   3969.19238   1.35302E-13
   3970.66357   1.26423E-13
   3972.13477   1.96024E-14
   3973.60596   1.97222E-14
   3975.07739   4.03075E-14
   3976.54858  -9.36706E-15
   3978.01978   2.96066E-14
   3979.49097   5.37416E-15
   3980.96240   3.23329E-14
   3982.43359   4.29457E-14
   3983.90479  -2.35774E-15
   3985.37598   3.60904E-14
   3986.84717   1.79261E-14
   3988.31860  -1.43912E-14
   3989.78979   4.47230E-14
   3991.26099   1.82058E-14
   3992.73218   3.64214E-14
   3994.20361   3.32854E-14
   3995.67480   3.98802E-14
   3997.14600  -6.44996E-15
   3998.61719   7.12153E-15
   4000.08862   1.56957E-14
   4001.55981   1.09471E-15
   4003.03101   1.76515E-14
   4004.50220   1.09946E-14
   4005.97363   2.04089E-14
   4007.44482   2.03385E-14
   4008.91602   1.45813E-14
   4010.38721   9.42673E-15
   4011.85840   8.36465E-15
   4013.32983   3.20137E-14
   4014.80103   1.39826E-14
   4016.27222  -4.27317E-15
   4017.74341   2.01609E-14
   4019.21484   3.22271E-14
   4020.68604   8.32515E-15
   4022.15723   1.00123E-14
   4023.62842   2.76902E-14
   4025.09985   3.64658E-14
   4026.57104   1.86908E-14
   4028.04224   2.66912E-14
   4029.51343   4.20249E-14
   4030.98486   1.17915E-14
   4032.45605   3.37399E-14
   4033.92725   2.80430E-14
   4035.39844   2.71167E-14
   4036.86987   2.28147E-14
   4038.34106   1.21805E-15
   4039.81226   7.22382E-15
   4041.28345   6.91725E-15
   4042.75464  -7.77633E-15
   4044.22607  -3.35866E-15
   4045.69727   2.36536E-14
   4047.16846   9.92722E-15
   4048.63965   1.51982E-14
   4050.11108   1.17549E-14
   4051.58228   1.83306E-14
   4053.05347   2.23983E-14
   4054.52466   1.06987E-14
   4055.99609  -1.23030E-14
   4057.46729   6.62857E-15
   4058.93848   1.29212E-14
   4060.40967  -4.31366E-15
   4061.88110   2.25711E-14
   4063.35229   3.57873E-14
   4064.82349   2.08728E-14
   4066.29468   3.89431E-14
   4067.76587   3.08682E-14
   4069.23730   4.89944E-14
   4070.70850   3.72595E-14
   4072.17969   2.07993E-14
   4073.65088   2.06009E-14
   4075.12231   2.44214E-14
   4076.59351   2.64566E-14
   4078.06470   2.44076E-14
   4079.53589   1.84921E-14
   4081.00732  -4.79540E-15
   4082.47852   1.19992E-14
   4083.94971   1.00452E-14
   4085.42090   1.29503E-14
   4086.89233   3.03030E-14
   4088.36353   1.87207E-14
   4089.83472   2.72561E-14
   4091.30591   4.56115E-15
   4092.77710   1.65310E-14
   4094.24854   3.98003E-14
   4095.71973   3.94063E-14
   4097.19092   5.61855E-14
   4098.66211   1.20394E-13
   4100.13330   1.64806E-13
   4101.60449   1.09881E-13
   4103.07617   9.79201E-14
   4104.54736   6.15532E-14
   4106.01855   3.69273E-15
   4107.48975   1.58672E-14
   4108.96094   2.64230E-14
   4110.43213   1.67125E-14
   4111.90332   1.97161E-14
   4113.37451   4.40398E-15
   4114.84619   3.75007E-14
   4116.31738   2.22864E-14
   4117.78857   1.49727E-14
   4119.25977   3.02215E-14
   4120.73096   1.86093E-14
   4122.20215   2.30551E-14
   4123.67334   1.43182E-14
   4125.14453   2.35002E-14
   4126.61572   1.82504E-14
   4128.08740   1.72251E-14
   4129.55859   2.00817E-14
   4131.02979   1.35662E-14
   4132.50098   3.26104E-14
   4133.97217   3.00272E-14
   4135.44336   9.94151E-15
   4136.91455   1.96078E-14
   4138.38574   2.74226E-14
   4139.85742   2.55841E-15
   4141.32861   1.13729E-14
   4142.79980   1.95630E-14
   4144.27100   1.59760E-14
   4145.74219   6.49476E-15
   4147.21338   1.39411E-14
   4148.68457   2.09821E-14
   4150.15576   2.49182E-14
   4151.62695   1.28919E-14
   4153.09863   8.00023E-15
   4154.56982   1.44290E-14
   4156.04102   2.71811E-14
   4157.51221   2.30886E-14
   4158.98340   1.03568E-14
   4160.45459   8.74853E-15
   4161.92578   1.22277E-14
   4163.39697   2.36379E-14
   4164.86865   2.10070E-14
   4166.33984   1.31790E-14
   4167.81104   9.36447E-15
   4169.28223   7.02986E-15
   4170.75342   1.50916E-14
   4172.22461   1.78801E-14
   4173.69580   2.73721E-14
   4175.16699   1.83788E-14
   4176.63818   1.56101E-14
   4178.10986   1.31564E-14
   4179.58105   3.01570E-14
   4181.05225   1.94165E-14
   4182.52344   2.31580E-14
   4183.99463   2.37819E-14
   4185.46582   2.38589E-14
   4186.93701   2.14986E-14
   4188.40820   7.84677E-15
   4189.87988   7.81512E-15
   4191.35107   1.67271E-14
   4192.82227   2.03481E-14
   4194.29346   1.95931E-14
   4195.76465   1.35467E-14
   4197.23584   1.04909E-14
   4198.70703   3.32644E-14
   4200.17822   5.89284E-15
   4201.64941   2.58796E-15
   4203.12109   2.20036E-14
   4204.59229   1.51776E-14
   4206.06348   1.00807E-14
   4207.53467  -3.59146E-15
   4209.00586  -4.87361E-16
   4210.47705   2.51748E-14
   4211.94824   1.42619E-14
   4213.41943   2.57338E-14
   4214.89111  -1.35629E-17
   4216.36230   1.86997E-14
   4217.83350   2.02755E-15
   4219.30469   1.97708E-14
   4220.77588   1.64588E-14
   4222.24707   4.28873E-14
   4223.71826   1.48667E-14
   4225.18945   1.58275E-14
   4226.66064   1.54835E-14
   4228.13232   1.73116E-14
   4229.60352   1.25172E-14
   4231.07471   2.43750E-14
   4232.54590   1.28617E-14
   4234.01709   1.56776E-14
   4235.48828   1.35460E-14
   4236.95947   2.40805E-14
   4238.43066   4.42924E-15
   4239.90234   5.00274E-15
   4241.37354   3.60197E-14
   4242.84473   2.40995E-14
   4244.31592   2.51302E-14
   4245.78711   1.64932E-14
   4247.25830   9.42497E-16
   4248.72949   1.99125E-14
   4250.20068   3.55676E-15
   4251.67236   1.26868E-14
   4253.14355   1.31283E-14
   4254.61475   2.42482E-14
   4256.08594   2.58533E-14
   4257.55713   1.80524E-14
   4259.02832   7.94950E-15
   4260.49951   1.30223E-14
   4261.97070   1.38664E-14
   4263.44189   7.18491E-16
   4264.91357   2.48574E-14
   4266.38477   2.17008E-14
   4267.85596   2.16940E-14
   4269.32715   2.64768E-14
   4270.79834   1.99946E-14
   4272.26953   1.76325E-14
   4273.74072   3.91565E-15
   4275.21191   1.31851E-14
   4276.68359   1.43305E-14
   4278.15479   1.46891E-14
   4279.62598   2.55805E-14
   4281.09717   9.30605E-15
   4282.56836   1.65698E-14
   4284.03955   1.15088E-14
   4285.51074   9.88043E-15
   4286.98193   1.84945E-14
   4288.45312   2.31134E-14
   4289.92480   9.50794E-15
   4291.39600   1.23340E-14
   4292.86719   6.08012E-15
   4294.33838   1.74461E-14
   4295.80957   1.77474E-14
   4297.28076   1.99374E-14
   4298.75195   1.51989E-14
   4300.22314   9.36034E-15
   4301.69482   5.93308E-15
   4303.16602   2.78472E-14
   4304.63721   2.44267E-14
   4306.10840   4.28614E-15
   4307.57959   4.43207E-15
   4309.05078   1.26778E-14
   4310.52197   1.37370E-14
   4311.99316   1.84907E-14
   4313.46436   2.03517E-14
   4314.93604   2.71973E-14
   4316.40723   1.99008E-14
   4317.87842   2.07066E-14
   4319.34961   1.52114E-14
   4320.82080   8.67942E-15
   4322.29199   1.30292E-14
   4323.76318   1.17116E-14
   4325.23438   5.74641E-15
   4326.70605   1.58330E-15
   4328.17725   2.61567E-14
   4329.64844   2.69260E-14
   4331.11963   2.79857E-14
   4332.59082   3.62706E-14
   4334.06201   3.48528E-14
   4335.53320   8.66402E-14
   4337.00439   1.39107E-13
   4338.47559   2.36108E-13
   4339.94727   2.49130E-13
   4341.41846   2.04041E-13
   4342.88965   1.21601E-13
   4344.36084   6.16659E-14
   4345.83203   2.76410E-14
   4347.30322   1.52795E-14
   4348.77441   2.39276E-14
   4350.24561   2.39637E-14
   4351.71729   7.73717E-15
   4353.18848   1.44500E-14
   4354.65967   2.01193E-14
   4356.13086   1.80064E-14
   4357.60205   3.02742E-14
   4359.07324   8.28969E-14
   4360.54443   1.16220E-13
   4362.01562   1.45093E-13
   4363.48682   1.25190E-13
   4364.95850   8.03867E-14
   4366.42969   4.08409E-14
   4367.90088   2.28642E-14
   4369.37207   1.67023E-14
   4370.84326   1.06874E-14
   4372.31445   6.25833E-15
   4373.78564   1.96791E-14
   4375.25684   1.13570E-14
   4376.72852   1.98616E-14
   4378.19971   2.09762E-14
   4379.67090   1.85337E-14
   4381.14209   2.89279E-14
   4382.61328   1.32850E-14
   4384.08447   1.90274E-14
   4385.55566   7.79655E-15
   4387.02686   2.39711E-14
   4388.49805   2.08090E-14
   4389.96973   1.68023E-14
   4391.44092   1.79743E-14
   4392.91211   1.60718E-14
   4394.38330   1.82050E-14
   4395.85449   1.12869E-14
   4397.32568   1.83450E-14
   4398.79688   2.96927E-14
   4400.26807   1.73451E-14
   4401.73975   1.38894E-14
   4403.21094   1.94892E-14
   4404.68213   2.23171E-14
   4406.15332   1.80551E-14
   4407.62451   9.94517E-15
   4409.09570   5.37576E-15
   4410.56689   7.87497E-15
   4412.03809   1.77568E-14
   4413.50977   8.23046E-15
   4414.98096   3.32665E-14
   4416.45215   1.34917E-14
   4417.92334   2.59595E-14
   4419.39453   1.70296E-14
   4420.86572   1.62214E-14
   4422.33691   1.79695E-14
   4423.80811   2.43588E-14
   4425.27930   1.23772E-14
   4426.75098   1.01395E-15
   4428.22217   8.02901E-15
   4429.69336   1.87499E-14
   4431.16455   1.09738E-14
   4432.63574   1.54219E-14
   4434.10693   8.29987E-15
   4435.57812   1.00258E-14
   4437.04932   1.14278E-14
   4438.52100   2.87661E-14
   4439.99219   2.08914E-14
   4441.46338   1.74677E-14
   4442.93457   1.41084E-14
   4444.40576   2.52898E-14
   4445.87695   9.04080E-15
   4447.34814   2.18716E-14
   4448.81934   2.22528E-14
   4450.29053   2.75747E-15
   4451.76221   2.14549E-14
   4453.23340   3.73866E-14
   4454.70459   8.03531E-15
   4456.17578   2.73278E-14
   4457.64697   2.58143E-14
   4459.11816   8.37553E-15
   4460.58936   7.27715E-15
   4462.06055   1.87346E-14
   4463.53223   1.60049E-14
   4465.00342   1.96227E-14
   4466.47461   2.40420E-14
   4467.94580   3.06321E-14
   4469.41699   2.69605E-14
   4470.88818   4.06804E-14
   4472.35938   3.83584E-14
   4473.83057   2.08983E-14
   4475.30176   1.78498E-14
   4476.77344   3.65065E-15
   4478.24463   7.03884E-15
   4479.71582   1.57187E-14
   4481.18701   1.80804E-14
   4482.65820   1.13942E-14
   4484.12939   1.21445E-14
   4485.60059   1.59745E-14
   4487.07178   1.88517E-14
   4488.54346   1.69479E-14
   4490.01465   2.52023E-14
   4491.48584   2.76883E-14
   4492.95703   3.35280E-14
   4494.42822   3.83328E-14
   4495.89941   9.72843E-15
   4497.37061  -4.59763E-15
   4498.84180   1.26152E-14
   4500.31299   2.30011E-14
   4501.78467   2.39876E-14
   4503.25586   1.22180E-14
   4504.72705   1.01806E-14
   4506.19824   1.65394E-14
   4507.66943   5.22572E-15
   4509.14062   2.53708E-14
   4510.61182   2.92809E-14
   4512.08301   1.38209E-14
   4513.55469   2.10996E-14
   4515.02588   2.23861E-14
   4516.49707   2.46490E-14
   4517.96826   2.77445E-14
   4519.43945   2.55717E-14
   4520.91064   2.02487E-14
   4522.38184   1.69775E-14
   4523.85303   1.55532E-14
   4525.32422   1.93607E-14
   4526.79590   2.32612E-14
   4528.26709   1.44131E-14
   4529.73828   1.87656E-14
   4531.20947   1.82881E-14
   4532.68066   1.01296E-14
   4534.15186   1.41336E-14
   4535.62305   1.52085E-14
   4537.09424   1.92797E-14
   4538.56592   2.97005E-14
   4540.03711   4.83835E-14
   4541.50830   3.60312E-14
   4542.97949   2.23305E-14
   4544.45068   2.16204E-14
   4545.92188   1.46016E-14
   4547.39307   9.66985E-15
   4548.86426   7.98110E-15
   4550.33545   1.49304E-14
   4551.80713   1.49385E-14
   4553.27832   2.28996E-14
   4554.74951   2.42029E-14
   4556.22070   2.70817E-14
   4557.69189   2.64700E-14
   4559.16309   7.90391E-15
   4560.63428   1.19705E-14
   4562.10547   1.82383E-14
   4563.57715   1.54344E-14
   4565.04834   1.20028E-14
   4566.51953   1.62619E-14
   4567.99072   2.21146E-14
   4569.46191   2.74885E-14
   4570.93311   1.48262E-14
   4572.40430   2.17762E-14
   4573.87549   2.04906E-14
   4575.34717   1.25328E-14
   4576.81836   2.00621E-14
   4578.28955   2.09642E-14
   4579.76074   1.80423E-14
   4581.23193   2.91305E-14
   4582.70312   2.40680E-14
   4584.17432   1.70235E-14
   4585.64551   1.31467E-14
   4587.11670   3.84124E-15
   4588.58838   1.11728E-14
   4590.05957   1.00893E-14
   4591.53076   1.28096E-14
   4593.00195   9.96861E-15
   4594.47314   1.25235E-14
   4595.94434   8.35527E-15
   4597.41553   1.27580E-14
   4598.88672   2.23199E-14
   4600.35840   1.46702E-14
   4601.82959   1.10319E-14
   4603.30078   1.33865E-14
   4604.77197   2.10064E-14
   4606.24316   3.38230E-14
   4607.71436   1.99780E-14
   4609.18555   1.21681E-14
   4610.65674   1.41737E-14
   4612.12793   1.57760E-14
   4613.59961   1.18857E-14
   4615.07080   7.62512E-15
   4616.54199   8.52857E-15
   4618.01318   1.87920E-14
   4619.48438   1.97635E-14
   4620.95557   1.22856E-14
   4622.42676   1.38604E-14
   4623.89795   1.19583E-14
   4625.36963   7.23506E-15
   4626.84082   1.34505E-14
   4628.31201   2.51956E-14
   4629.78320   2.51016E-14
   4631.25439   3.22223E-14
   4632.72559   3.47360E-14
   4634.19678   3.46124E-14
   4635.66797   2.63537E-14
   4637.13916   3.20252E-14
   4638.61084   4.53311E-14
   4640.08203   4.12760E-14
   4641.55322   3.19456E-14
   4643.02441   2.59869E-14
   4644.49561   2.40485E-14
   4645.96680   1.63263E-14
   4647.43799   1.55926E-14
   4648.90918   2.12715E-14
   4650.38086   2.37549E-14
   4651.85205   2.43311E-14
   4653.32324   3.30118E-14
   4654.79443   2.96567E-14
   4656.26562   2.09562E-14
   4657.73682   2.77252E-14
   4659.20801   2.44543E-14
   4660.67920   2.16707E-14
   4662.15039   2.32127E-14
   4663.62207   1.28706E-14
   4665.09326   1.65494E-14
   4666.56445   2.58113E-14
   4668.03564   2.91568E-14
   4669.50684   2.09508E-14
   4670.97803   2.48280E-14
   4672.44922   2.04764E-14
   4673.92041   2.29912E-14
   4675.39209   2.21500E-14
   4676.86328   2.71970E-14
   4678.33447   2.78818E-14
   4679.80566   5.82093E-14
   4681.27686   1.97273E-13
   4682.74805   4.47268E-13
   4684.21924   6.27942E-13
   4685.69043   6.13598E-13
   4687.16162   4.74877E-13
   4688.63330   2.64408E-13
   4690.10449   9.62713E-14
   4691.57568   2.95861E-14
   4693.04688   2.59909E-14
   4694.51807   3.46991E-14
   4695.98926   2.52672E-14
   4697.46045   2.72319E-14
   4698.93164   3.28783E-14
   4700.40332   2.91726E-14
   4701.87451   1.75860E-14
   4703.34570   2.37911E-14
   4704.81689   1.51107E-14
   4706.28809   2.56513E-14
   4707.75928   2.08662E-14
   4709.23047   1.82261E-14
   4710.70166   2.61345E-14
   4712.17285   3.77707E-14
   4713.64453   3.97561E-14
   4715.11572   2.55886E-14
   4716.58691   2.77129E-14
   4718.05811   2.24682E-14
   4719.52930   1.83833E-14
   4721.00049   2.71295E-14
   4722.47168   3.56969E-14
   4723.94287   4.67665E-14
   4725.41455   2.86625E-14
   4726.88574   3.68566E-14
   4728.35693   2.79523E-14
   4729.82812   2.29814E-14
   4731.29932   1.69999E-14
   4732.77051   1.91055E-14
   4734.24170   1.37438E-14
   4735.71289   1.73150E-14
   4737.18457   2.60308E-14
   4738.65576   2.07663E-14
   4740.12695   1.77699E-14
   4741.59814   1.04895E-14
   4743.06934   1.60213E-14
   4744.54053   1.67025E-14
   4746.01172   8.28370E-15
   4747.48291   1.99718E-14
   4748.95410   1.43771E-14
   4750.42578   2.42745E-14
   4751.89697   2.36266E-14
   4753.36816   1.72752E-14
   4754.83936   1.60934E-14
   4756.31055   1.04151E-14
   4757.78174   1.53215E-14
   4759.25293   8.98829E-15
   4760.72412   2.37681E-14
   4762.19580   1.91496E-14
   4763.66699   1.08320E-14
   4765.13818   1.74971E-14
   4766.60938   1.82309E-14
   4768.08057   1.66159E-14
   4769.55176   1.52186E-14
   4771.02295   1.45748E-14
   4772.49414   1.32991E-14
   4773.96533   1.25472E-14
   4775.43701   2.40893E-14
   4776.90820   1.58790E-14
   4778.37939   2.01055E-14
   4779.85059   1.41870E-14
   4781.32178   1.09174E-14
   4782.79297   1.25286E-14
   4784.26416   1.80629E-14
   4785.73535   6.13110E-15
   4787.20703   1.10098E-14
   4788.67822   2.06917E-14
   4790.14941   1.18979E-14
   4791.62061   8.87141E-15
   4793.09180   2.02546E-14
   4794.56299   1.47916E-14
   4796.03418   1.03038E-14
   4797.50537   1.65903E-14
   4798.97656   1.81991E-14
   4800.44824   1.37243E-14
   4801.91943   6.70326E-15
   4803.39062   1.36171E-14
   4804.86182   1.47645E-14
   4806.33301   1.31381E-14
   4807.80420   1.09967E-14
   4809.27539   1.68121E-14
   4810.74658   1.62449E-14
   4812.21826   1.60600E-14
   4813.68945   1.59654E-14
   4815.16064   1.98279E-14
   4816.63184   1.98029E-14
   4818.10303   8.18119E-15
   4819.57422   1.16480E-14
   4821.04541   1.32359E-14
   4822.51660   8.72712E-15
   4823.98779   1.28387E-14
   4825.45947   2.23787E-14
   4826.93066   1.83091E-14
   4828.40186   1.02419E-14
   4829.87305   1.76876E-14
   4831.34424   1.51113E-14
   4832.81543   2.06717E-14
   4834.28662   2.20439E-14
   4835.75781   1.57791E-14
   4837.22949   2.19701E-14
   4838.70068   1.63950E-14
   4840.17188   2.61184E-14
   4841.64307   1.02623E-14
   4843.11426   1.54355E-14
   4844.58545   1.68633E-14
   4846.05664   1.51401E-14
   4847.52783   2.58746E-14
   4848.99902   1.79462E-14
   4850.47070   2.40852E-14
   4851.94189   9.88078E-15
   4853.41309   2.60024E-14
   4854.88428   6.58515E-14
   4856.35547   1.61364E-13
   4857.82666   3.48174E-13
   4859.29785   5.22885E-13
   4860.76904   5.62149E-13
   4862.24072   4.81016E-13
   4863.71191   2.98438E-13
   4865.18311   1.44186E-13
   4866.65430   7.08493E-14
   4868.12549   3.39493E-14
   4869.59668   2.94181E-14
   4871.06787   2.96967E-14
   4872.53906   2.29813E-14
   4874.01025   2.47880E-14
   4875.48193   1.76454E-14
   4876.95312   2.42527E-14
   4878.42432   2.29065E-14
   4879.89551   2.38703E-14
   4881.36670   1.05216E-14
   4882.83789   1.30912E-14
   4884.30908   1.50823E-14
   4885.78027   2.44504E-14
   4887.25195   2.37645E-14
   4888.72314   2.81816E-14
   4890.19434   2.44895E-14
   4891.66553   3.80635E-14
   4893.13672   4.57621E-14
   4894.60791   2.99253E-14
   4896.07910   2.86706E-14
   4897.55029   2.62876E-14
   4899.02197   2.08979E-14
   4900.49316   2.50020E-14
   4901.96436   2.02015E-14
   4903.43555   2.58588E-14
   4904.90674   2.90744E-14
   4906.37793   2.02567E-14
   4907.84912   1.66795E-14
   4909.32031   2.16978E-14
   4910.79150   1.77657E-14
   4912.26318   1.40732E-14
   4913.73438   1.64296E-14
   4915.20557   1.53956E-14
   4916.67676   1.65855E-14
   4918.14795   3.66594E-14
   4919.61914   2.94010E-14
   4921.09033   2.73852E-14
   4922.56152   2.67364E-14
   4924.03320   2.78798E-14
   4925.50439   2.59886E-14
   4926.97559   2.66531E-14
   4928.44678   1.60936E-14
   4929.91797   3.50939E-14
   4931.38916   2.62067E-14
   4932.86035   2.76977E-14
   4934.33154   2.62371E-14
   4935.80273   2.88334E-14
   4937.27441   4.24099E-14
   4938.74561   5.45132E-14
   4940.21680   6.80497E-14
   4941.68799   6.06636E-14
   4943.15918   6.68309E-14
   4944.63037   5.60885E-14
   4946.10156   3.69482E-14
   4947.57275   3.05482E-14
   4949.04443   2.49542E-14
   4950.51562   2.49831E-14
   4951.98682   2.00210E-14
   4953.45801   3.76741E-14
   4954.92920   8.89398E-14
   4956.40039   1.38345E-13
   4957.87158   1.37627E-13
   4959.34277   1.20978E-13
   4960.81396   7.75636E-14
   4962.28564   4.13266E-14
   4963.75684   2.86101E-14
   4965.22803   2.44416E-14
   4966.69922   2.97093E-14
   4968.17041   2.97246E-14
   4969.64160   3.44922E-14
   4971.11279   3.08750E-14
   4972.58398   3.18133E-14
   4974.05566   3.02246E-14
   4975.52686   2.53736E-14
   4976.99805   1.85031E-14
   4978.46924   1.53537E-14
   4979.94043   7.33263E-15
   4981.41162   1.81295E-14
   4982.88281   2.23630E-14
   4984.35400   2.06278E-14
   4985.82520   2.80067E-14
   4987.29688   3.40277E-14
   4988.76807   5.02244E-14
   4990.23926   4.06640E-14
   4991.71045   3.75067E-14
   4993.18164   2.35011E-14
   4994.65283   2.17652E-14
   4996.12402   1.80811E-14
   4997.59521   1.73142E-14
   4999.06689   2.51150E-14
   5000.53809   4.76561E-14
   5002.00928   1.55339E-13
   5003.48047   3.12857E-13
   5004.95166   4.02457E-13
   5006.42285   4.01437E-13
   5007.89404   3.07208E-13
   5009.36523   1.55370E-13
   5010.83643   6.66447E-14
   5012.30811   2.90031E-14
   5013.77930   2.68073E-14
   5015.25049   2.58554E-14
   5016.72168   2.84155E-14
   5018.19287   3.05831E-14
   5019.66406   2.62278E-14
   5021.13525   2.39592E-14
   5022.60645   1.60454E-14
   5024.07812   1.02114E-14
   5025.54932   1.63857E-14
   5027.02051   1.72123E-14
   5028.49170   1.63243E-14
   5029.96289   2.00888E-14
   5031.43408   1.51071E-14
   5032.90527   1.64268E-14
   5034.37646   1.63207E-14
   5035.84766   1.52397E-14
   5037.31934   2.07060E-14
   5038.79053   2.14454E-14
   5040.26172   2.17650E-14
   5041.73291   2.72860E-14
   5043.20410   3.07629E-14
   5044.67529   2.23861E-14
   5046.14648   2.43289E-14
   5047.61768   2.76154E-14
   5049.08936   2.41038E-14
   5050.56055   1.90270E-14
   5052.03174   1.56960E-14
   5053.50293   1.89516E-14
   5054.97412   2.85195E-14
   5056.44531   2.88623E-14
   5057.91650   2.48751E-14
   5059.38770   1.55099E-14
   5060.85889   1.82372E-14
   5062.33057   1.86444E-14
   5063.80176   1.81909E-14
   5065.27295   1.70650E-14
   5066.74414   2.25570E-14
   5068.21533   2.23436E-14
   5069.68652   1.73200E-14
   5071.15771   2.25514E-14
   5072.62891   2.58903E-14
   5074.10059   2.34191E-14
   5075.57178   2.21594E-14
   5077.04297   1.81656E-14
   5078.51416   2.19972E-14
   5079.98535   1.97852E-14
   5081.45654   1.45432E-14
   5082.92773   2.04818E-14
   5084.39893   1.23802E-14
   5085.87061   2.53706E-14
   5087.34180   2.00897E-14
   5088.81299   1.89280E-14
   5090.28418   2.61474E-14
   5091.75537   1.98895E-14
   5093.22656   2.15954E-14
   5094.69775   1.91212E-14
   5096.16895   1.96570E-14
   5097.64014   1.95268E-14
   5099.11182   2.28346E-14
   5100.58301   2.52229E-14
   5102.05420   2.30600E-14
   5103.52539   1.90118E-14
   5104.99658   2.29116E-14
   5106.46777   2.54701E-14
   5107.93896   2.03913E-14
   5109.41016   2.30057E-14
   5110.88184   2.86137E-14
   5112.35303   2.65372E-14
   5113.82422   2.82828E-14
   5115.29541   1.82100E-14
   5116.76660   1.89850E-14
   5118.23779   3.08172E-14
   5119.70898   2.54747E-14
   5121.18018   1.62968E-14
   5122.65137   1.38700E-14
   5124.12305   1.91592E-14
   5125.59424   2.15592E-14
   5127.06543   2.30752E-14
   5128.53662   2.98961E-14
   5130.00781   2.64937E-14
   5131.47900   2.21894E-14
   5132.95020   2.20573E-14
   5134.42139   2.35355E-14
   5135.89307   2.35781E-14
   5137.36426   2.02791E-14
   5138.83545   2.07090E-14
   5140.30664   2.45399E-14
   5141.77783   3.05426E-14
   5143.24902   3.77749E-14
   5144.72021   4.31120E-14
   5146.19141   4.37975E-14
   5147.66260   3.74988E-14
   5149.13428   3.03834E-14
   5150.60547   2.48150E-14
   5152.07666   2.12441E-14
   5153.54785   2.52364E-14
   5155.01904   4.48779E-14
   5156.49023   5.75235E-14
   5157.96143   7.18998E-14
   5159.43262   7.87199E-14
   5160.90430   6.60973E-14
   5162.37549   4.90812E-14
   5163.84668   3.51648E-14
   5165.31787   3.07806E-14
   5166.78906   2.75976E-14
   5168.26025   3.06442E-14
   5169.73145   2.58559E-14
   5171.20264   2.44098E-14
   5172.67383   4.38507E-14
   5174.14551   5.22274E-14
   5175.61670   5.65483E-14
   5177.08789   5.16928E-14
   5178.55908   4.04572E-14
   5180.03027   3.14428E-14
   5181.50146   2.21995E-14
   5182.97266   2.23464E-14
   5184.44385   2.75753E-14
   5185.91553   2.15957E-14
   5187.38672   1.44783E-14
   5188.85791   1.86512E-14
   5190.32910   2.08566E-14
   5191.80029   2.30077E-14
   5193.27148   2.35734E-14
   5194.74268   2.80030E-14
   5196.21387   2.86956E-14
   5197.68506   1.90844E-14
   5199.15674   2.17475E-14
   5200.62793   2.39207E-14
   5202.09912   2.04867E-14
   5203.57031   1.88097E-14
   5205.04150   1.59238E-14
   5206.51270   1.84733E-14
   5207.98389   2.02770E-14
   5209.45508   2.63643E-14
   5210.92676   2.53317E-14
   5212.39795   1.54187E-14
   5213.86914   1.52827E-14
   5215.34033   1.91075E-14
   5216.81152   2.38327E-14
   5218.28271   2.30605E-14
   5219.75391   2.83968E-14
   5221.22510   1.98920E-14
   5222.69629   1.95763E-14
   5224.16797   2.06271E-14
   5225.63916   1.71232E-14
   5227.11035   1.50318E-14
   5228.58154   1.60293E-14
   5230.05273   2.39751E-14
   5231.52393   2.83165E-14
   5232.99512   3.31091E-14
   5234.46631   3.70878E-14
   5235.93799   3.49266E-14
   5237.40918   2.42677E-14
   5238.88037   2.44025E-14
   5240.35156   2.62097E-14
   5241.82275   2.29849E-14
   5243.29395   2.43659E-14
   5244.76514   1.92685E-14
   5246.23633   2.06633E-14
   5247.70801   2.74211E-14
   5249.17920   1.68049E-14
   5250.65039   1.74058E-14
   5252.12158   2.34951E-14
   5253.59277   2.69615E-14
   5255.06396   2.50855E-14
   5256.53516   2.43230E-14
   5258.00635   3.21670E-14
   5259.47754   2.63084E-14
   5260.94922   3.07151E-14
   5262.42041   3.08249E-14
   5263.89160   2.93898E-14
   5265.36279   2.65173E-14
   5266.83398   2.52419E-14
   5268.30518   3.15999E-14
   5269.77637   3.71496E-14
   5271.24756   3.48982E-14
   5272.71924   4.32012E-14
   5274.19043   5.11953E-14
   5275.66162   6.24160E-14
   5277.13281   5.70663E-14
   5278.60400   4.48521E-14
   5280.07520   3.20569E-14
   5281.54639   3.31959E-14
   5283.01758   3.42505E-14
   5284.48877   2.72103E-14
   5285.96045   3.15489E-14
   5287.43164   2.56605E-14
   5288.90283   2.36737E-14
   5290.37402   2.26790E-14
   5291.84521   2.23253E-14
   5293.31641   2.99096E-14
   5294.78760   2.72123E-14
   5296.25879   2.18083E-14
   5297.73047   2.08224E-14
   5299.20166   2.25317E-14
   5300.67285   2.74605E-14
   5302.14404   2.41959E-14
   5303.61523   2.77053E-14
   5305.08643   3.80228E-14
   5306.55762   5.44159E-14
   5308.02881   6.22740E-14
   5309.50000   6.70296E-14
   5310.97168   5.91428E-14
   5312.44287   3.81568E-14
   5313.91406   3.63911E-14
   5315.38525   3.57788E-14
   5316.85645   2.94367E-14
   5318.32764   2.70882E-14
   5319.79883   3.28392E-14
   5321.27002   3.06342E-14
   5322.74170   2.72141E-14
   5324.21289   2.76201E-14
   5325.68408   3.06559E-14
   5327.15527   2.57377E-14
   5328.62646   2.45202E-14
   5330.09766   3.05895E-14
   5331.56885   3.34442E-14
   5333.04004   2.81275E-14
   5334.51123   3.05716E-14
   5335.98291   3.52543E-14
   5337.45410   3.17206E-14
   5338.92529   1.85597E-14
   5340.39648   2.53768E-14
   5341.86768   2.87352E-14
   5343.33887   2.23346E-14
   5344.81006   2.38754E-14
   5346.28125   2.80995E-14
   5347.75293   1.71663E-14
   5349.22412   2.49301E-14
   5350.69531   2.14365E-14
   5352.16650   2.39226E-14
   5353.63770   2.59493E-14
   5355.10889   2.42100E-14
   5356.58008   2.22141E-14
   5358.05127   2.65580E-14
   5359.52246   2.48605E-14
   5360.99414   3.03912E-14
   5362.46533   2.44453E-14
   5363.93652   3.08718E-14
   5365.40771   2.23659E-14
   5366.87891   2.38667E-14
   5368.35010   2.94205E-14
   5369.82129   2.58818E-14
   5371.29248   3.29648E-14
   5372.76416   3.12702E-14
   5374.23535   3.54762E-14
   5375.70654   3.08759E-14
   5377.17773   1.97496E-14
   5378.64893   2.68077E-14
   5380.12012   2.69007E-14
   5381.59131   2.70770E-14
   5383.06250   2.79175E-14
   5384.53369   2.61480E-14
   5386.00537   2.88829E-14
   5387.47656   2.05113E-14
   5388.94775   2.55529E-14
   5390.41895   2.26064E-14
   5391.89014   3.02352E-14
   5393.36133   1.99475E-14
   5394.83252   2.56563E-14
   5396.30371   2.99883E-14
   5397.77539   2.89509E-14
   5399.24658   3.13408E-14
   5400.71777   2.29950E-14
   5402.18896   3.03519E-14
   5403.66016   2.89648E-14
   5405.13135   3.05789E-14
   5406.60254   4.11245E-14
   5408.07373   6.67507E-14
   5409.54541   9.24853E-14
   5411.01660   1.06407E-13
   5412.48779   9.78225E-14
   5413.95898   6.60927E-14
   5415.43018   3.77038E-14
   5416.90137   3.09088E-14
   5418.37256   2.66307E-14
   5419.84375   2.89595E-14
   5421.31494   3.62337E-14
   5422.78662   3.18454E-14
   5424.25781   3.92251E-14
   5425.72900   3.99631E-14
   5427.20020   2.92000E-14
   5428.67139   2.80343E-14
   5430.14258   2.74816E-14
   5431.61377   2.90389E-14
   5433.08496   2.99563E-14
   5434.55664   3.36848E-14
   5436.02783   2.50701E-14
   5437.49902   2.40209E-14
   5438.97021   2.26314E-14
   5440.44141   2.72916E-14
   5441.91260   2.86453E-14
   5443.38379   3.02038E-14
   5444.85498   3.26855E-14
   5446.32617   2.24557E-14
   5447.79785   1.95357E-14
   5449.26904   2.26486E-14
   5450.74023   2.84683E-14
   5452.21143   2.10716E-14
   5453.68262   1.71203E-14
   5455.15381   2.47787E-14
   5456.62500   2.53175E-14
   5458.09619   3.02439E-14
   5459.56787   2.58658E-14
   5461.03906   3.23966E-14
   5462.51025   2.49480E-14
   5463.98145   2.32428E-14
   5465.45264   2.00563E-14
   5466.92383   2.10856E-14
   5468.39502   2.09723E-14
   5469.86621   2.48640E-14
   5471.33740   2.26980E-14
   5472.80908   2.33648E-14
   5474.28027   2.26668E-14
   5475.75146   2.29478E-14
   5477.22266   2.28211E-14
   5478.69385   2.72327E-14
   5480.16504   2.48909E-14
   5481.63623   2.91527E-14
   5483.10742   2.89992E-14
   5484.57910   3.00593E-14
   5486.05029   2.29859E-14
   5487.52148   1.89439E-14
   5488.99268   3.11383E-14
   5490.46387   2.71680E-14
   5491.93506   2.26092E-14
   5493.40625   2.26155E-14
   5494.87744   2.17186E-14
   5496.34863   2.19129E-14
   5497.82031   2.42302E-14
   5499.29150   2.68281E-14
   5500.76270   2.88635E-14
   5502.23389   2.16379E-14
   5503.70508   1.95430E-14
   5505.17627   2.24546E-14
   5506.64746   2.12311E-14
   5508.11865   2.28412E-14
   5509.59033   2.30798E-14
   5511.06152   2.15002E-14
   5512.53271   2.90524E-14
   5514.00391   3.13888E-14
   5515.47510   2.66517E-14
   5516.94629   2.37144E-14
   5518.41748   2.16615E-14
   5519.88867   2.58222E-14
   5521.35986   2.40829E-14
   5522.83154   2.50374E-14
   5524.30273   2.67744E-14
   5525.77393   2.79903E-14
   5527.24512   3.18246E-14
   5528.71631   3.37855E-14
   5530.18750   3.08220E-14
   5531.65869   2.74563E-14
   5533.12988   3.03948E-14
   5534.60156   3.44170E-14
   5536.07275   3.42448E-14
   5537.54395   3.39233E-14
   5539.01514   2.81429E-14
   5540.48633   2.65995E-14
   5541.95752   2.75574E-14
   5543.42871   3.06673E-14
   5544.89990   3.06300E-14
   5546.37109   2.59164E-14
   5547.84277   2.92575E-14
   5549.31396   2.80830E-14
   5550.78516   2.04184E-14
   5552.25635   2.07691E-14
   5553.72754   2.55555E-14
   5555.19873   2.24597E-14
   5556.66992   2.18160E-14
   5558.14111   3.00752E-14
   5559.61279   2.62825E-14
   5561.08398   2.51770E-14
   5562.55518   2.61229E-14
   5564.02637   2.46296E-14
   5565.49756   2.73056E-14
   5566.96875   2.91436E-14
   5568.43994   2.71013E-14
   5569.91113   2.94344E-14
   5571.38281   2.70693E-14
   5572.85400   3.03978E-14
   5574.32520   2.29054E-14
   5575.79639   2.93021E-14
   5577.26758   2.36433E-14
   5578.73877   3.22024E-14
   5580.20996   3.11666E-14
   5581.68115   2.71082E-14
   5583.15234   3.17083E-14
   5584.62402   2.59478E-14
   5586.09521   3.19551E-14
   5587.56641   3.25976E-14
   5589.03760   2.70747E-14
   5590.50879   2.47602E-14
   5591.97998   2.86701E-14
   5593.45117   2.73763E-14
   5594.92236   2.08441E-14
   5596.39404   2.86056E-14
   5597.86523   2.39971E-14
   5599.33643   2.34322E-14
   5600.80762   2.22235E-14
   5602.27881   3.32423E-14
   5603.75000   2.96307E-14
   5605.22119   2.66286E-14
   5606.69238   2.27388E-14
   5608.16357   3.03379E-14
   5609.63525   2.30249E-14
   5611.10645   2.24751E-14
   5612.57764   3.23706E-14
   5614.04883   4.25989E-14
   5615.52002   5.58507E-14
   5616.99121   6.97820E-14
   5618.46240   7.76914E-14
   5619.93359   6.81550E-14
   5621.40527   4.94204E-14
   5622.87646   2.84079E-14
   5624.34766   2.90015E-14
   5625.81885   2.91829E-14
   5627.29004   3.17529E-14
   5628.76123   3.43451E-14
   5630.23242   3.05438E-14
   5631.70361   2.94861E-14
   5633.17480   3.06633E-14
   5634.64648   3.17568E-14
   5636.11768   2.62393E-14
   5637.58887   2.32702E-14
   5639.06006   2.80728E-14
   5640.53125   2.57574E-14
   5642.00244   2.70522E-14
   5643.47363   2.36298E-14
   5644.94482   2.38024E-14
   5646.41650   2.53845E-14
   5647.88770   2.95494E-14
   5649.35889   2.61935E-14
   5650.83008   2.63695E-14
   5652.30127   2.68735E-14
   5653.77246   2.46097E-14
   5655.24365   3.29709E-14
   5656.71484   2.58435E-14
   5658.18604   2.42071E-14
   5659.65771   2.43595E-14
   5661.12891   2.48411E-14
   5662.60010   2.18986E-14
   5664.07129   2.45638E-14
   5665.54248   3.02388E-14
   5667.01367   2.46787E-14
   5668.48486   1.91563E-14
   5669.95605   2.18176E-14
   5671.42773   2.58392E-14
   5672.89893   3.69305E-14
   5674.37012   3.45580E-14
   5675.84131   3.41672E-14
   5677.31250   3.39565E-14
   5678.78369   4.30487E-14
   5680.25488   3.05029E-14
   5681.72607   2.39904E-14
   5683.19727   2.95050E-14
   5684.66895   2.52022E-14
   5686.14014   2.12283E-14
   5687.61133   2.57608E-14
   5689.08252   2.47726E-14
   5690.55371   2.70273E-14
   5692.02490   2.80568E-14
   5693.49609   2.67379E-14
   5694.96729   2.45874E-14
   5696.43896   2.46337E-14
   5697.91016   2.71226E-14
   5699.38135   3.00547E-14
   5700.85254   2.42572E-14
   5702.32373   2.35652E-14
   5703.79492   3.04979E-14
   5705.26611   3.06781E-14
   5706.73730   2.66440E-14
   5708.20850   3.16194E-14
   5709.68018   3.16513E-14
   5711.15137   3.21369E-14
   5712.62256   3.38821E-14
   5714.09375   2.95426E-14
   5715.56494   3.44722E-14
   5717.03613   1.00765E-13
   5718.50732   1.78594E-13
   5719.97852   2.41557E-13
   5721.45020   2.63229E-13
   5722.92139   2.06982E-13
   5724.39258   1.33135E-13
   5725.86377   7.16834E-14
   5727.33496   4.34144E-14
   5728.80615   3.27710E-14
   5730.27734   2.91100E-14
   5731.74854   2.45687E-14
   5733.21973   2.77524E-14
   5734.69141   2.95478E-14
   5736.16260   2.54364E-14
   5737.63379   3.36106E-14
   5739.10498   3.47075E-14
   5740.57617   2.97646E-14
   5742.04736   2.96079E-14
   5743.51855   3.46040E-14
   5744.98975   2.89387E-14
   5746.46143   2.88707E-14
   5747.93262   3.73672E-14
   5749.40381   4.57871E-14
   5750.87500   7.37341E-14
   5752.34619   9.20967E-14
   5753.81738   8.87675E-14
   5755.28857   7.97333E-14
   5756.75977   5.71939E-14
   5758.23145   3.03937E-14
   5759.70264   3.06068E-14
   5761.17383   3.19747E-14
   5762.64502   3.34737E-14
   5764.11621   2.81169E-14
   5765.58740   2.69742E-14
   5767.05859   3.25963E-14
   5768.52979   3.20205E-14
   5770.00098   2.43836E-14
   5771.47266   3.17180E-14
   5772.94385   3.10445E-14
   5774.41504   3.54752E-14
   5775.88623   3.79461E-14
   5777.35742   3.49233E-14
   5778.82861   3.10964E-14
   5780.29980   2.69049E-14
   5781.77100   3.10379E-14
   5783.24268   2.83841E-14
   5784.71387   2.47541E-14
   5786.18506   3.08069E-14
   5787.65625   3.34060E-14
   5789.12744   3.14655E-14
   5790.59863   2.65389E-14
   5792.06982   2.96953E-14
   5793.54102   3.82576E-14
   5795.01221   3.10497E-14
   5796.48389   3.28826E-14
   5797.95508   3.36196E-14
   5799.42627   3.34046E-14
   5800.89746   3.98984E-14
   5802.36865   3.34533E-14
   5803.83984   3.83777E-14
   5805.31104   3.30759E-14
   5806.78223   3.48786E-14
   5808.25391   3.79075E-14
   5809.72510   3.18021E-14
   5811.19629   3.07366E-14
   5812.66748   2.92913E-14
   5814.13867   3.12813E-14
   5815.60986   3.22364E-14
   5817.08105   3.56691E-14
   5818.55225   3.07042E-14
   5820.02344   3.06773E-14
   5821.49512   3.60653E-14
   5822.96631   2.99217E-14
   5824.43750   2.56642E-14
   5825.90869   3.19442E-14
   5827.37988   4.00145E-14
   5828.85107   3.08038E-14
   5830.32227   3.29745E-14
   5831.79346   3.31000E-14
   5833.26514   3.04312E-14
   5834.73633   2.63954E-14
   5836.20752   2.71273E-14
   5837.67871   3.25970E-14
   5839.14990   3.08840E-14
   5840.62109   3.13131E-14
   5842.09229   2.70420E-14
   5843.56348   2.81609E-14
   5845.03467   2.78194E-14
   5846.50635   3.53031E-14
   5847.97754   2.83178E-14
   5849.44873   2.99494E-14
   5850.91992   2.92323E-14
   5852.39111   2.55885E-14
   5853.86230   2.71919E-14
   5855.33350   3.09721E-14
   5856.80469   2.02575E-14
   5858.27637   3.22864E-14
   5859.74756   2.60297E-14
   5861.21875   3.24343E-14
   5862.68994   3.40965E-14
   5864.16113   2.40875E-14
   5865.63232   2.92848E-14
   5867.10352   2.60833E-14
   5868.57471   3.78777E-14
   5870.04590   3.61843E-14
   5871.51758   7.24268E-14
   5872.98877   1.10365E-13
   5874.45996   1.50386E-13
   5875.93115   1.53710E-13
   5877.40234   1.10295E-13
   5878.87354   7.47164E-14
   5880.34473   3.75158E-14
   5881.81592   3.31771E-14
   5883.28760   3.21477E-14
   5884.75879   2.86924E-14
   5886.22998   2.66850E-14
   5887.70117   2.45184E-14
   5889.17236   2.80619E-14
   5890.64355   2.48116E-14
   5892.11475   1.97232E-14
   5893.58594   2.43607E-14
   5895.05713   3.19128E-14
   5896.52881   2.32111E-14
   5898.00000   2.30245E-14
   5899.47119   2.93310E-14
   5900.94238   3.02762E-14
   5902.41357   2.50341E-14
   5903.88477   2.69447E-14
   5905.35596   2.15841E-14
   5906.82715   2.74881E-14
   5908.29883   2.88087E-14
   5909.77002   2.73073E-14
   5911.24121   2.87994E-14
   5912.71240   3.18839E-14
   5914.18359   2.50250E-14
   5915.65479   2.79962E-14
   5917.12598   2.99996E-14
   5918.59717   3.02583E-14
   5920.06885   2.35563E-14
   5921.54004   2.78629E-14
   5923.01123   2.52908E-14
   5924.48242   2.61849E-14
   5925.95361   2.79331E-14
   5927.42480   2.33909E-14
   5928.89600   2.80859E-14
   5930.36719   2.77872E-14
   5931.83838   2.86558E-14
   5933.31006   1.87447E-14
   5934.78125   2.69693E-14
   5936.25244   3.12287E-14
   5937.72363   2.44726E-14
   5939.19482   2.87019E-14
   5940.66602   2.98878E-14
   5942.13721   2.51069E-14
   5943.60840   2.68874E-14
   5945.08008   2.80246E-14
   5946.55127   2.81167E-14
   5948.02246   3.44521E-14
   5949.49365   4.08577E-14
   5950.96484   2.81866E-14
   5952.43604   3.15316E-14
   5953.90723   3.50704E-14
   5955.37842   2.25698E-14
   5956.84961   2.68526E-14
   5958.32129   3.22911E-14
   5959.79248   2.50002E-14
   5961.26367   2.69340E-14
   5962.73486   3.30755E-14
   5964.20605   2.99537E-14
   5965.67725   2.29439E-14
   5967.14844   3.50665E-14
   5968.61963   2.96287E-14
   5970.09131   2.43158E-14
   5971.56250   3.12836E-14
   5973.03369   3.27750E-14
   5974.50488   3.22830E-14
   5975.97607   3.37837E-14
   5977.44727   3.47119E-14
   5978.91846   3.45165E-14
   5980.38965   3.49252E-14
   5981.86084   3.27219E-14
   5983.33252   3.03834E-14
   5984.80371   3.45361E-14
   5986.27490   3.83202E-14
   5987.74609   3.84712E-14
   5989.21729   3.58635E-14
   5990.68848   3.59296E-14
   5992.15967   3.74420E-14
   5993.63086   3.28134E-14
   5995.10254   3.33043E-14
   5996.57373   3.52813E-14
   5998.04492   3.08703E-14
   5999.51611   3.58967E-14
   6000.98730   4.15432E-14
   6002.45850   3.32777E-14
   6003.92969   2.87635E-14
   6005.40088   3.83984E-14
   6006.87207   3.53086E-14
   6008.34375   2.44383E-14
   6009.81494   3.45366E-14
   6011.28613   3.44007E-14
   6012.75732   2.86102E-14
   6014.22852   3.41507E-14
   6015.69971   2.80015E-14
   6017.17090   3.36819E-14
   6018.64209   3.53904E-14
   6020.11377   3.64866E-14
   6021.58496   3.43697E-14
   6023.05615   3.04152E-14
   6024.52734   2.84615E-14
   6025.99854   3.78841E-14
   6027.46973   3.70402E-14
   6028.94092   3.52133E-14
   6030.41211   3.44823E-14
   6031.88330   3.58847E-14
   6033.35498   4.33156E-14
   6034.82617   3.22010E-14
   6036.29736   3.33793E-14
   6037.76855   4.09007E-14
   6039.23975   3.70321E-14
   6040.71094   3.56994E-14
   6042.18213   3.28477E-14
   6043.65332   3.05426E-14
   6045.12500   3.70776E-14
   6046.59619   3.00701E-14
   6048.06738   3.41747E-14
   6049.53857   3.59838E-14
   6051.00977   3.57041E-14
   6052.48096   3.88069E-14
   6053.95215   3.24441E-14
   6055.42334   3.48680E-14
   6056.89453   3.29609E-14
   6058.36621   3.44639E-14
   6059.83740   3.37885E-14
   6061.30859   3.66281E-14
   6062.77979   3.09289E-14
   6064.25098   3.79658E-14
   6065.72217   3.68631E-14
   6067.19336   2.97278E-14
   6068.66455   3.37457E-14
   6070.13623   3.94152E-14
   6071.60742   3.46685E-14
   6073.07861   3.94011E-14
   6074.54980   3.94198E-14
   6076.02100   3.87044E-14
   6077.49219   3.59457E-14
   6078.96338   2.97219E-14
   6080.43457   4.60045E-14
   6081.90625   9.70093E-14
   6083.37744   2.21949E-13
   6084.84863   3.69022E-13
   6086.31982   4.49417E-13
   6087.79102   4.26245E-13
   6089.26221   3.14043E-13
   6090.73340   1.91228E-13
   6092.20459   9.69396E-14
   6093.67578   5.29299E-14
   6095.14746   4.17867E-14
   6096.61865   4.37452E-14
   6098.08984   4.04344E-14
   6099.56104   3.66513E-14
   6101.03223   4.27022E-14
   6102.50342   4.21985E-14
   6103.97461   3.23389E-14
   6105.44580   3.39553E-14
   6106.91748   3.75117E-14
   6108.38867   4.28732E-14
   6109.85986   4.65930E-14
   6111.33105   4.19546E-14
   6112.80225   4.20174E-14
   6114.27344   4.28811E-14
   6115.74463   4.39087E-14
   6117.21582   4.57765E-14
   6118.68701   3.67609E-14
   6120.15869   4.06910E-14
   6121.62988   3.87934E-14
   6123.10107   3.55538E-14
   6124.57227   4.46511E-14
   6126.04346   3.95093E-14
   6127.51465   4.03241E-14
   6128.98584   4.88402E-14
   6130.45703   4.15155E-14
   6131.92871   4.27338E-14
   6133.39990   4.92123E-14
   6134.87109   4.06385E-14
   6136.34229   4.02296E-14
   6137.81348   3.38140E-14
   6139.28467   3.45756E-14
   6140.75586   3.77720E-14
   6142.22705   3.51090E-14
   6143.69824   4.15554E-14
   6145.16992   4.30558E-14
   6146.64111   3.78418E-14
   6148.11230   3.86699E-14
   6149.58350   4.28736E-14
   6151.05469   4.55682E-14
   6152.52588   3.84016E-14
   6153.99707   3.67624E-14
   6155.46826   3.76694E-14
   6156.93994   3.30873E-14
   6158.41113   3.85932E-14
   6159.88232   3.89831E-14
   6161.35352   3.25053E-14
   6162.82471   3.20092E-14
   6164.29590   3.53276E-14
   6165.76709   3.68177E-14
   6167.23828   3.22757E-14
   6168.70947   3.34864E-14
   6170.18115   4.06645E-14
   6171.65234   3.65662E-14
   6173.12354   3.66025E-14
   6174.59473   3.28259E-14
   6176.06592   2.79330E-14
   6177.53711   2.76830E-14
   6179.00830   3.22832E-14
   6180.47949   3.48768E-14
   6181.95117   3.46471E-14
   6183.42236   3.82009E-14
   6184.89355   4.23415E-14
   6186.36475   2.93634E-14
   6187.83594   3.17520E-14
   6189.30713   3.19824E-14
   6190.77832   2.55675E-14
   6192.24951   3.09022E-14
   6193.72070   2.63320E-14
   6195.19238   3.29684E-14
   6196.66357   3.63111E-14
   6198.13477   3.20155E-14
   6199.60596   3.46430E-14
   6201.07715   3.50239E-14
   6202.54834   2.64530E-14
   6204.01953   2.64606E-14
   6205.49072   3.33889E-14
   6206.96240   3.51532E-14
   6208.43359   3.92155E-14
   6209.90479   3.42935E-14
   6211.37598   3.12259E-14
   6212.84717   3.34877E-14
   6214.31836   3.46796E-14
   6215.78955   3.53833E-14
   6217.26074   3.45381E-14
   6218.73193   3.73031E-14
   6220.20361   3.96883E-14
   6221.67480   3.00895E-14
   6223.14600   3.02392E-14
   6224.61719   3.40763E-14
   6226.08838   3.31798E-14
   6227.55957   3.39124E-14
   6229.03076   3.71290E-14
   6230.50195   3.63534E-14
   6231.97363   4.28782E-14
   6233.44482   3.85449E-14
   6234.91602   4.16534E-14
   6236.38721   3.98505E-14
   6237.85840   3.40820E-14
   6239.32959   2.70469E-14
   6240.80078   3.23162E-14
   6242.27197   3.14421E-14
   6243.74365   3.56937E-14
   6245.21484   3.94495E-14
   6246.68604   3.77498E-14
   6248.15723   3.58011E-14
   6249.62842   3.75834E-14
   6251.09961   3.49468E-14
   6252.57080   3.34988E-14
   6254.04199   2.91707E-14
   6255.51318   3.82051E-14
   6256.98486   3.86553E-14
   6258.45605   3.26344E-14
   6259.92725   4.23485E-14
   6261.39844   3.20759E-14
   6262.86963   3.73510E-14
   6264.34082   3.45591E-14
   6265.81201   3.45219E-14
   6267.28320   3.42852E-14
   6268.75488   3.24021E-14
   6270.22607   3.88087E-14
   6271.69727   3.76042E-14
   6273.16846   3.75173E-14
   6274.63965   3.07888E-14
   6276.11084   3.27157E-14
   6277.58203   3.36553E-14
   6279.05322   3.07489E-14
   6280.52441   3.28416E-14
   6281.99609   3.64826E-14
   6283.46729   3.44629E-14
   6284.93848   3.64912E-14
   6286.40967   3.36455E-14
   6287.88086   3.49093E-14
   6289.35205   3.31243E-14
   6290.82324   4.34110E-14
   6292.29443   3.56479E-14
   6293.76611   3.25691E-14
   6295.23730   4.33542E-14
   6296.70850   4.94762E-14
   6298.17969   7.44509E-14
   6299.65088   9.42840E-14
   6301.12207   9.08905E-14
   6302.59326   7.74915E-14
   6304.06445   5.60382E-14
   6305.53564   4.11866E-14
   6307.00732   5.43406E-14
   6308.47852   5.68252E-14
   6309.94971   5.66278E-14
   6311.42090   5.52786E-14
   6312.89209   5.48934E-14
   6314.36328   4.72254E-14
   6315.83447   4.87125E-14
   6317.30566   4.57676E-14
   6318.77734   4.62145E-14
   6320.24854   5.10596E-14
   6321.71973   4.22381E-14
   6323.19092   4.12921E-14
   6324.66211   3.64592E-14
   6326.13330   4.67187E-14
   6327.60449   2.62250E-14
   6329.07568   3.42026E-14
   6330.54688   4.36462E-14
   6332.01855   3.61626E-14
   6333.48975   3.82841E-14
   6334.96094   3.49131E-14
   6336.43213   4.18101E-14
   6337.90332   3.88433E-14
   6339.37451   4.08462E-14
   6340.84570   3.90790E-14
   6342.31689   4.13304E-14
   6343.78857   3.91498E-14
   6345.25977   4.99562E-14
   6346.73096   5.04007E-14
   6348.20215   4.19651E-14
   6349.67334   3.78438E-14
   6351.14453   3.97958E-14
   6352.61572   4.28717E-14
   6354.08691   4.99469E-14
   6355.55811   3.82398E-14
   6357.02979   3.60518E-14
   6358.50098   3.86234E-14
   6359.97217   4.58697E-14
   6361.44336   4.96063E-14
   6362.91455   5.68241E-14
   6364.38574   5.94079E-14
   6365.85693   5.57936E-14
   6367.32812   5.22560E-14
   6368.79980   5.12975E-14
   6370.27100   5.24722E-14
   6371.74219   5.24936E-14
   6373.21338   4.34104E-14
   6374.68457   4.15497E-14
   6376.15576   5.01663E-14
   6377.62695   4.59439E-14
   6379.09814   4.69258E-14
   6380.56934   5.18658E-14
   6382.04102   4.38613E-14
   6383.51221   4.23655E-14
   6384.98340   5.44945E-14
   6386.45459   4.66789E-14
   6387.92578   4.12944E-14
   6389.39697   4.49048E-14
   6390.86816   4.69643E-14
   6392.33936   4.44062E-14
   6393.81104   4.39614E-14
   6395.28223   4.93115E-14
   6396.75342   4.88901E-14
   6398.22461   4.54560E-14
   6399.69580   4.53375E-14
   6401.16699   4.92775E-14
   6402.63818   4.94599E-14
   6404.10938   4.79222E-14
   6405.58105   4.91186E-14
   6407.05225   5.39878E-14
   6408.52344   5.48392E-14
   6409.99463   4.87825E-14
   6411.46582   4.29157E-14
   6412.93701   4.47698E-14
   6414.40820   4.66166E-14
   6415.87939   4.76737E-14
   6417.35059   4.40926E-14
   6418.82227   4.85380E-14
   6420.29346   5.56195E-14
   6421.76465   4.75829E-14
   6423.23584   4.06488E-14
   6424.70703   4.69335E-14
   6426.17822   4.75647E-14
   6427.64941   4.55324E-14
   6429.12061   4.60103E-14
   6430.59229   6.56449E-14
   6432.06348   6.39915E-14
   6433.53467   6.34210E-14
   6435.00586   6.57727E-14
   6436.47705   6.21070E-14
   6437.94824   5.73110E-14
   6439.41943   5.14541E-14
   6440.89062   5.22346E-14
   6442.36182   5.38918E-14
   6443.83350   5.33623E-14
   6445.30469   4.61307E-14
   6446.77588   4.90631E-14
   6448.24707   5.07963E-14
   6449.71826   6.31579E-14
   6451.18945   5.18007E-14
   6452.66064   5.28608E-14
   6454.13184   5.25927E-14
   6455.60352   5.01758E-14
   6457.07471   5.99167E-14
   6458.54590   5.64342E-14
   6460.01709   6.10459E-14
   6461.48828   5.25593E-14
   6462.95947   4.96431E-14
   6464.43066   5.15910E-14
   6465.90186   5.92049E-14
   6467.37305   5.87061E-14
   6468.84473   5.61079E-14
   6470.31592   6.00899E-14
   6471.78711   5.04223E-14
   6473.25830   5.67206E-14
   6474.72949   5.43782E-14
   6476.20068   5.78350E-14
   6477.67188   5.72817E-14
   6479.14307   5.94307E-14
   6480.61475   5.83992E-14
   6482.08594   5.37857E-14
   6483.55713   5.19730E-14
   6485.02832   5.39528E-14
   6486.49951   4.92652E-14
   6487.97070   4.89296E-14
   6489.44189   5.15960E-14
   6490.91309   5.80669E-14
   6492.38428   5.84346E-14
   6493.85596   6.10603E-14
   6495.32715   5.78435E-14
   6496.79834   6.30415E-14
   6498.26953   5.35483E-14
   6499.74072   6.35339E-14
   6501.21191   5.85693E-14
   6502.68311   5.45355E-14
   6504.15430   5.83028E-14
   6505.62598   6.21041E-14
   6507.09717   6.57971E-14
   6508.56836   5.73003E-14
   6510.03955   6.59459E-14
   6511.51074   6.51682E-14
   6512.98193   6.65110E-14
   6514.45312   6.25834E-14
   6515.92432   7.72721E-14
   6517.39551   7.48689E-14
   6518.86719   6.83284E-14
   6520.33838   6.24841E-14
   6521.80957   7.55783E-14
   6523.28076   7.76625E-14
   6524.75195   8.68449E-14
   6526.22314   9.35162E-14
   6527.69434   8.20376E-14
   6529.16553   9.02011E-14
   6530.63721   8.33779E-14
   6532.10840   8.70274E-14
   6533.57959   8.94388E-14
   6535.05078   8.84960E-14
   6536.52197   1.02516E-13
   6537.99316   1.14270E-13
   6539.46436   1.30728E-13
   6540.93555   1.22508E-13
   6542.40674   1.34003E-13
   6543.87842   1.65906E-13
   6545.34961   1.78665E-13
   6546.82080   2.06150E-13
   6548.29199   2.08327E-13
   6549.76318   2.25969E-13
   6551.23438   2.66841E-13
   6552.70557   3.22373E-13
   6554.17676   4.27776E-13
   6555.64844   6.37112E-13
   6557.11963   1.24358E-12
   6558.59082   2.54979E-12
   6560.06201   3.64953E-12
   6561.53320   4.44536E-12
   6563.00439   4.52048E-12
   6564.47559   3.70291E-12
   6565.94678   2.56853E-12
   6567.41797   1.55205E-12
   6568.88965   8.89115E-13
   6570.36084   5.71205E-13
   6571.83203   4.11572E-13
   6573.30322   3.14310E-13
   6574.77441   2.50978E-13
   6576.24561   2.22715E-13
   6577.71680   2.02112E-13
   6579.18799   2.05821E-13
   6580.65967   2.26819E-13
   6582.13086   2.17503E-13
   6583.60205   1.92953E-13
   6585.07324   1.58558E-13
   6586.54443   1.33788E-13
   6588.01562   1.16273E-13
   6589.48682   9.88750E-14
   6590.95801   9.17526E-14
   6592.42969   9.21388E-14
   6593.90088   8.01442E-14
   6595.37207   8.29395E-14
   6596.84326   8.22907E-14
   6598.31445   7.48065E-14
   6599.78564   7.86931E-14
   6601.25684   7.23949E-14
   6602.72803   7.27039E-14
   6604.19922   7.68719E-14
   6605.67090   7.03844E-14
   6607.14209   6.12635E-14
   6608.61328   6.52733E-14
   6610.08447   7.49192E-14
   6611.55566   6.33761E-14
   6613.02686   6.55402E-14
   6614.49805   6.98215E-14
   6615.96924   5.85056E-14
   6617.44092   5.53298E-14
   6618.91211   6.27863E-14
   6620.38330   5.91096E-14
   6621.85449   5.50617E-14
   6623.32568   6.56124E-14
   6624.79688   6.85965E-14
   6626.26807   5.44578E-14
   6627.73926   5.57833E-14
   6629.21045   6.05889E-14
   6630.68213   5.60706E-14
   6632.15332   6.06687E-14
   6633.62451   5.79151E-14
   6635.09570   5.96063E-14
   6636.56689   5.26169E-14
   6638.03809   4.86127E-14
   6639.50928   5.10263E-14
   6640.98047   5.39729E-14
   6642.45215   5.69377E-14
   6643.92334   4.78965E-14
   6645.39453   4.99964E-14
   6646.86572   5.48776E-14
   6648.33691   5.17882E-14
   6649.80811   5.38427E-14
   6651.27930   5.22369E-14
   6652.75049   4.68342E-14
   6654.22168   5.36292E-14
   6655.69336   5.74239E-14
   6657.16455   4.67689E-14
   6658.63574   4.86420E-14
   6660.10693   5.16655E-14
   6661.57812   4.97609E-14
   6663.04932   5.20565E-14
   6664.52051   4.36611E-14
   6665.99170   5.07496E-14
   6667.46338   5.84493E-14
   6668.93457   4.55775E-14
   6670.40576   5.04443E-14
   6671.87695   5.49824E-14
   6673.34814   6.31530E-14
   6674.81934   7.98811E-14
   6676.29053   1.11159E-13
   6677.76172   1.33649E-13
   6679.23291   1.25602E-13
   6680.70459   9.54816E-14
   6682.17578   7.46000E-14
   6683.64697   6.63465E-14
   6685.11816   5.34674E-14
   6686.58936   6.27597E-14
   6688.06055   4.85265E-14
   6689.53174   5.04694E-14
   6691.00293   5.08139E-14
   6692.47461   5.13035E-14
   6693.94580   4.64108E-14
   6695.41699   4.98038E-14
   6696.88818   5.22330E-14
   6698.35938   5.13393E-14
   6699.83057   5.29269E-14
   6701.30176   4.95252E-14
   6702.77295   4.69168E-14
   6704.24414   5.82472E-14
   6705.71582   5.18564E-14
   6707.18701   4.29531E-14
   6708.65820   5.21869E-14
   6710.12939   5.53090E-14
   6711.60059   4.69140E-14
   6713.07178   5.37935E-14
   6714.54297   4.88505E-14
   6716.01416   4.11425E-14
   6717.48584   4.29725E-14
   6718.95703   5.01316E-14
   6720.42822   4.18042E-14
   6721.89941   4.68330E-14
   6723.37061   4.83108E-14
   6724.84180   4.81123E-14
   6726.31299   4.56887E-14
   6727.78418   4.99436E-14
   6729.25537   4.62060E-14
   6730.72705   4.35600E-14
   6732.19824   5.44386E-14
   6733.66943   4.87462E-14
   6735.14062   5.63347E-14
   6736.61182   3.92326E-14
   6738.08301   5.01092E-14
   6739.55420   5.03661E-14
   6741.02539   6.24794E-14
   6742.49707   4.66497E-14
   6743.96826   4.54773E-14
   6745.43945   4.98695E-14
   6746.91064   4.94229E-14
   6748.38184   3.89889E-14
   6749.85303   4.95452E-14
   6751.32422   4.25620E-14
   6752.79541   4.88662E-14
   6754.26709   4.86682E-14
   6755.73828   5.04937E-14
   6757.20947   4.26789E-14
   6758.68066   4.82116E-14
   6760.15186   4.76890E-14
   6761.62305   5.42691E-14
   6763.09424   6.00795E-14
   6764.56543   4.89937E-14
   6766.03662   4.74375E-14
   6767.50830   4.98354E-14
   6768.97949   5.31359E-14
   6770.45068   4.46477E-14
   6771.92188   5.51102E-14
   6773.39307   5.20757E-14
   6774.86426   5.41229E-14
   6776.33545   5.09488E-14
   6777.80664   5.11557E-14
   6779.27832   5.71368E-14
   6780.74951   5.42467E-14
   6782.22070   5.08320E-14
   6783.69189   5.16461E-14
   6785.16309   4.46864E-14
   6786.63428   4.88652E-14
   6788.10547   4.84416E-14
   6789.57666   5.81649E-14
   6791.04785   4.50178E-14
   6792.51953   4.85603E-14
   6793.99072   5.34863E-14
   6795.46191   5.75127E-14
   6796.93311   5.59610E-14
   6798.40430   5.29503E-14
   6799.87549   5.36577E-14
   6801.34668   5.24252E-14
   6802.81787   5.21751E-14
   6804.28955   4.84801E-14
   6805.76074   6.42156E-14
   6807.23193   6.39119E-14
   6808.70312   5.08900E-14
   6810.17432   5.78001E-14
   6811.64551   6.27948E-14
   6813.11670   6.08625E-14
   6814.58789   7.25242E-14
   6816.05908   8.27861E-14
   6817.53076   7.90336E-14
   6819.00195   9.45684E-14
   6820.47314   1.16668E-13
   6821.94434   1.27595E-13
   6823.41553   1.46263E-13
   6824.88672   1.40661E-13
   6826.35791   1.45851E-13
   6827.82910   1.45201E-13
   6829.30078   1.52272E-13
   6830.77197   1.63230E-13
   6832.24316   1.41928E-13
   6833.71436   1.31120E-13
   6835.18555   1.27404E-13
   6836.65674   1.02953E-13
   6838.12793   9.95429E-14
   6839.59912   9.62033E-14
   6841.07031   8.49868E-14
   6842.54199   8.18781E-14
   6844.01318   7.97547E-14
   6845.48438   9.78548E-14
   6846.95557   9.62619E-14
   6848.42676   9.16719E-14
   6849.89795   8.51303E-14
   6851.36914   7.42192E-14
   6852.84033   6.85058E-14
   6854.31201   6.24614E-14
   6855.78320   5.52939E-14
   6857.25439   5.93747E-14
   6858.72559   6.64044E-14
   6860.19678   6.14401E-14
   6861.66797   6.41639E-14
   6863.13916   6.20440E-14
   6864.61035   5.77719E-14
   6866.08154   4.96857E-14
   6867.55322   4.91781E-14
   6869.02441   4.78124E-14
   6870.49561   4.78992E-14
   6871.96680   5.00256E-14
   6873.43799   5.24695E-14
   6874.90918   4.49758E-14
   6876.38037   5.45473E-14
   6877.85156   5.68948E-14
   6879.32324   5.12590E-14
   6880.79443   5.72308E-14
   6882.26562   6.10242E-14
   6883.73682   6.38206E-14
   6885.20801   6.69431E-14
   6886.67920   6.80304E-14
   6888.15039   7.42241E-14
   6889.62158   8.01496E-14
   6891.09277   7.71462E-14
   6892.56445   6.70967E-14
   6894.03564   6.76305E-14
   6895.50684   7.01899E-14
   6896.97803   5.99094E-14
   6898.44922   5.78673E-14
   6899.92041   6.88447E-14
   6901.39160   6.72430E-14
   6902.86279   6.48663E-14
   6904.33447   6.75261E-14
   6905.80566   7.48425E-14
   6907.27686   6.35589E-14
   6908.74805   6.85424E-14
   6910.21924   6.70795E-14
   6911.69043   6.70937E-14
   6913.16162   8.25634E-14
   6914.63281   7.30613E-14
   6916.10449   7.84605E-14
   6917.57568   6.96461E-14
   6919.04688   6.84988E-14
   6920.51807   7.16917E-14
   6921.98926   5.83022E-14
   6923.46045   6.21166E-14
   6924.93164   7.60535E-14
   6926.40283   7.64878E-14
   6927.87402   7.06265E-14
   6929.34570   6.86916E-14
   6930.81689   7.36037E-14
   6932.28809   7.83962E-14
   6933.75928   7.36953E-14
   6935.23047   7.13127E-14
   6936.70166   7.50160E-14
   6938.17285   7.90509E-14
   6939.64404   7.51044E-14
   6941.11572   7.47737E-14
   6942.58691   8.04672E-14
   6944.05811   8.19651E-14
   6945.52930   7.13891E-14
   6947.00049   7.84096E-14
   6948.47168   7.73503E-14
   6949.94287   7.91339E-14
   6951.41406   8.10076E-14
   6952.88525   7.48510E-14
   6954.35693   8.30878E-14
   6955.82812   8.45109E-14
   6957.29932   8.05677E-14
   6958.77051   7.88003E-14
   6960.24170   9.49348E-14
   6961.71289   7.81395E-14
   6963.18408   8.04414E-14
   6964.65527   7.82793E-14
   6966.12695   8.88904E-14
   6967.59814   9.28931E-14
   6969.06934   8.82307E-14
   6970.54053   9.41201E-14
   6972.01172   9.80850E-14
   6973.48291   8.80774E-14
   6974.95410   9.81808E-14
   6976.42529   9.63856E-14
   6977.89648   7.94407E-14
   6979.36816   8.82785E-14
   6980.83936   8.42098E-14
   6982.31055   9.45371E-14
   6983.78174   9.12593E-14
   6985.25293   9.59135E-14
   6986.72412   9.02974E-14
   6988.19531   8.94040E-14
   6989.66650   8.90828E-14
   6991.13818   8.92610E-14
   6992.60938   8.34661E-14
   6994.08057   8.70043E-14
   6995.55176   9.04027E-14
   6997.02295   9.91650E-14
   6998.49414   9.59043E-14
   6999.96533   9.28475E-14
   7001.43652   9.67356E-14
   7002.90771   1.07871E-13
   7004.37939   1.16576E-13
   7005.85059   1.28602E-13
   7007.32178   1.12670E-13
   7008.79297   1.16935E-13
   7010.26416   1.00048E-13
   7011.73535   9.18458E-14
   7013.20654   6.33053E-14
   7014.67773   9.87084E-14
   7016.14941   9.19845E-14
   7017.62061   1.02140E-13
   7019.09180   1.09156E-13
   7020.56299   1.05704E-13
   7022.03418   1.02203E-13
   7023.50537   9.72254E-14
   7024.97656   8.56858E-14
   7026.44775   9.67949E-14
   7027.91895   9.25350E-14
   7029.39062   9.35861E-14
   7030.86182   9.61848E-14
   7032.33301   1.03254E-13
   7033.80420   1.00657E-13
   7035.27539   9.76684E-14
   7036.74658   9.79676E-14
   7038.21777   9.21920E-14
   7039.68896   9.86220E-14
   7041.16064   9.93986E-14
   7042.63184   9.79234E-14
   7044.10303   9.78695E-14
   7045.57422   9.51728E-14
   7047.04541   9.20499E-14
   7048.51660   9.36914E-14
   7049.98779   1.02887E-13
   7051.45898   1.03491E-13
   7052.93018   9.95488E-14
   7054.40186   7.29456E-14
   7055.87305   7.68853E-14
   7057.34424   6.67607E-14
   7058.81543   7.02565E-14
   7060.28662   8.85850E-14
   7061.75781   1.26579E-13
   7063.22900   2.17080E-13
   7064.70020   2.61359E-13
   7066.17188   2.37618E-13
   7067.64307   1.77175E-13
   7069.11426   1.14111E-13
   7070.58545   7.18350E-14
   7072.05664   7.48589E-14
   7073.52783   7.37193E-14
   7074.99902   6.03922E-14
   7076.47021   7.58793E-14
   7077.94189   7.70260E-14
   7079.41309   7.96288E-14
   7080.88428   8.24613E-14
   7082.35547   8.10780E-14
   7083.82666   7.35313E-14
   7085.29785   9.13814E-14
   7086.76904   7.69343E-14
   7088.24023   8.95704E-14
   7089.71143   8.85931E-14
   7091.18311   6.88893E-14
   7092.65430   8.08183E-14
   7094.12549   6.59569E-14
   7095.59668   7.18447E-14
   7097.06787   6.14515E-14
   7098.53906   6.43917E-14
   7100.01025   6.85184E-14
   7101.48145   5.88112E-14
   7102.95312   5.91840E-14
   7104.42432   6.68166E-14
   7105.89551   5.77878E-14
   7107.36670   5.95926E-14
   7108.83789   6.62182E-14
   7110.30908   6.73392E-14
   7111.78027   6.77335E-14
   7113.25146   6.72949E-14
   7114.72266   6.77665E-14
   7116.19434   6.38624E-14
   7117.66553   6.54162E-14
   7119.13672   6.80431E-14
   7120.60791   7.23689E-14
   7122.07910   6.85723E-14
   7123.55029   6.55662E-14
   7125.02148   5.40628E-14
   7126.49268   5.22901E-14
   7127.96436   5.90161E-14
   7129.43555   5.98659E-14
   7130.90674   6.64020E-14
   7132.37793   8.81814E-14
   7133.84912   9.17056E-14
   7135.32031   8.94222E-14
   7136.79150   7.99221E-14
   7138.26270   7.68156E-14
   7139.73389   6.35784E-14
   7141.20557   5.91320E-14
   7142.67676   5.53264E-14
   7144.14795   5.91564E-14
   7145.61914   6.08328E-14
   7147.09033   6.14833E-14
   7148.56152   6.06754E-14
   7150.03271   6.05204E-14
   7151.50391   6.60301E-14
   7152.97559   7.66415E-14
   7154.44678   8.18277E-14
   7155.91797   8.07584E-14
   7157.38916   7.78207E-14
   7158.86035   6.48210E-14
   7160.33154   6.48643E-14
   7161.80273   6.51992E-14
   7163.27393   5.94236E-14
   7164.74512   7.15884E-14
   7166.21680   6.45888E-14
   7167.68799   6.94267E-14
   7169.15918   8.26135E-14
   7170.63037   8.06744E-14
   7172.10156   7.77805E-14
   7173.57275   7.80879E-14
   7175.04395   7.36759E-14
   7176.51514   7.91239E-14
   7177.98682   8.16907E-14
   7179.45801   7.04840E-14
   7180.92920   6.32524E-14
   7182.40039   6.95623E-14
   7183.87158   6.37669E-14
   7185.34277   5.70079E-14
   7186.81396   6.11806E-14
   7188.28516   6.01110E-14
   7189.75635   6.84186E-14
   7191.22803   6.70363E-14
   7192.69922   6.37903E-14
   7194.17041   5.93483E-14
   7195.64160   6.26341E-14
   7197.11279   6.14984E-14
   7198.58398   5.81014E-14
   7200.05518   5.50383E-14
   7201.52637   5.78181E-14
   7202.99805   6.06766E-14
   7204.46924   6.69899E-14
   7205.94043   7.25728E-14
   7207.41162   6.89335E-14
   7208.88281   6.82830E-14
   7210.35400   6.73911E-14
   7211.82520   6.82753E-14
   7213.29639   7.45934E-14
   7214.76758   7.60226E-14
   7216.23926   6.60059E-14
   7217.71045   6.72318E-14
   7219.18164   8.03947E-14
   7220.65283   8.15242E-14
   7222.12402   7.97213E-14
   7223.59521   7.44100E-14
   7225.06641   7.07702E-14
   7226.53760   8.20341E-14
   7228.00928   8.25087E-14
   7229.48047   7.55114E-14
   7230.95166   7.15835E-14
   7232.42285   6.52127E-14
   7233.89404   6.59558E-14
   7235.36523   6.87117E-14
   7236.83643   8.77934E-14
   7238.30762   8.76484E-14
   7239.77881   7.09432E-14
   7241.25049   8.01172E-14
   7242.72168   6.92057E-14
   7244.19287   7.81770E-14
   7245.66406   8.57711E-14
   7247.13525   7.32105E-14
   7248.60645   8.51659E-14
   7250.07764   9.26657E-14
   7251.54883   9.03750E-14
   7253.02051   7.74955E-14
   7254.49170   8.98131E-14
   7255.96289   9.29071E-14
   7257.43408   8.26124E-14
   7258.90527   9.53264E-14
   7260.37646   9.51291E-14
   7261.84766   9.68349E-14
   7263.31885   9.42866E-14
   7264.79053   9.31823E-14
   7266.26172   9.61061E-14
   7267.73291   9.69818E-14
   7269.20410   1.01714E-13
   7270.67529   8.61889E-14
   7272.14648   7.78955E-14
   7273.61768   8.93571E-14
   7275.08887   8.53552E-14
   7276.56006   8.18415E-14
   7278.03174   9.93698E-14
   7279.50293   1.15769E-13
   7280.97412   1.28286E-13
   7282.44531   1.26599E-13
   7283.91650   1.17104E-13
   7285.38770   9.98075E-14
   7286.85889   9.46388E-14
   7288.33008   9.76880E-14
   7289.80176   9.75775E-14
   7291.27295   1.04904E-13
   7292.74414   1.06018E-13
   7294.21533   1.14783E-13
   7295.68652   1.19124E-13
   7297.15771   1.02274E-13
   7298.62891   1.08794E-13
   7300.10010   7.91444E-14
   7301.57129   6.67629E-14
   7303.04297   1.05575E-13
   7304.51416   1.03145E-13
   7305.98535   1.08173E-13
   7307.45654   1.07882E-13
   7308.92773   1.05933E-13
   7310.39893   1.01017E-13
   7311.87012   1.08763E-13
   7313.34131   1.06942E-13
   7314.81299   1.06121E-13
   7316.28418   1.19059E-13
   7317.75537   1.21998E-13
   7319.22656   1.24809E-13
   7320.69775   1.27926E-13
   7322.16895   1.33867E-13
   7323.64014   1.33538E-13
   7325.11133   1.41266E-13
   7326.58252   1.44018E-13
   7328.05420   1.29371E-13
   7329.52539   1.34343E-13
   7330.99658   1.35198E-13
   7332.46777   1.25871E-13
   7333.93896   1.28663E-13
   7335.41016   1.31009E-13
   7336.88135   1.39861E-13
   7338.35254   1.49641E-13
   7339.82422   1.37781E-13
   7341.29541   1.45517E-13
   7342.76660   1.42532E-13
   7344.23779   1.30766E-13
   7345.70898   1.27798E-13
   7347.18018   1.29395E-13
   7348.65137   1.38189E-13
   7350.12256   1.23552E-13
   7351.59375   1.25486E-13
   7353.06543   1.32631E-13
   7354.53662   1.47836E-13
   7356.00781   1.56656E-13
   7357.47900   1.45245E-13
   7358.95020   1.42440E-13
   7360.42139   1.43429E-13
   7361.89258   1.36476E-13
   7363.36377   1.44346E-13
   7364.83545   1.50955E-13
   7366.30664   1.44434E-13
   7367.77783   1.46420E-13
   7369.24902   1.54158E-13
   7370.72021   1.49532E-13
   7372.19141   1.52823E-13
   7373.66260   1.37077E-13
   7375.13379   1.75142E-13
   7376.60498   1.75205E-13
   7378.07666   1.61934E-13
   7379.54785   1.70441E-13
   7381.01904   1.66783E-13
   7382.49023   1.53340E-13
   7383.96143   1.55074E-13
   7385.43262   1.59168E-13
   7386.90381   1.69756E-13
   7388.37500   1.72867E-13
   7389.84668   1.63773E-13
   7391.31787   1.60499E-13
   7392.78906   1.52971E-13
   7394.26025   1.69591E-13
   7395.73145   1.64073E-13
   7397.20264   1.60101E-13
   7398.67383   1.79509E-13
   7400.14502   1.63050E-13
   7401.61621   1.63090E-13
   7403.08789   1.76820E-13
   7404.55908   1.63832E-13
   7406.03027   1.78881E-13
   7407.50146   1.59791E-13
   7408.97266   1.72658E-13
   7410.44385   1.95605E-13
   7411.91504   1.82916E-13
   7413.38623   1.75076E-13
   7414.85791   1.65782E-13
   7416.32910   1.63021E-13
