#  puvul.276  455185.54471   60.0
#     wave       flux
   3465.39282   1.13296E-13
   3466.86670   1.16844E-13
   3468.34058   1.99546E-14
   3469.81445   2.73532E-13
   3471.28833   2.64120E-13
   3472.76221   6.19253E-13
   3474.23608   3.05406E-13
   3475.70972   2.34977E-13
   3477.18359   1.66765E-13
   3478.65747   3.63327E-13
   3480.13135   5.99165E-13
   3481.60522   1.55608E-13
   3483.07910   4.58558E-13
   3484.55298   4.27275E-13
   3486.02686   1.60274E-13
   3487.50073   4.58748E-13
   3488.97461   7.90611E-13
   3490.44849   6.26379E-13
   3491.92236   6.13254E-13
   3493.39624   4.01359E-13
   3494.86987   1.41637E-13
   3496.34375   2.94470E-13
   3497.81763   3.76433E-13
   3499.29150   3.47111E-13
   3500.76538   5.60361E-13
   3502.23926   4.35746E-13
   3503.71313   2.96630E-13
   3505.18701   5.33106E-13
   3506.66089   3.22920E-13
   3508.13477   7.17686E-13
   3509.60864   4.97305E-13
   3511.08252   2.72815E-13
   3512.55640   3.89925E-13
   3514.03003   3.22049E-13
   3515.50391   1.47705E-13
   3516.97778   3.36089E-13
   3518.45166   4.42828E-13
   3519.92554   3.95940E-13
   3521.39941   3.25188E-13
   3522.87329   5.39578E-14
   3524.34717   2.38357E-13
   3525.82104   1.44094E-13
   3527.29492   1.78907E-13
   3528.76880   3.13288E-13
   3530.24268   1.67016E-13
   3531.71655   2.54515E-13
   3533.19019   5.27992E-13
   3534.66406   3.63854E-13
   3536.13794   3.21741E-13
   3537.61182   5.08053E-13
   3539.08569   4.30142E-13
   3540.55957   2.74360E-13
   3542.03345   3.97972E-13
   3543.50732   3.51007E-13
   3544.98120   1.83909E-13
   3546.45508   1.73204E-13
   3547.92896   5.36141E-13
   3549.40283   4.95452E-13
   3550.87671   4.04888E-13
   3552.35034   4.82270E-13
   3553.82422   3.07059E-13
   3555.29810   3.45578E-13
   3556.77197   4.09402E-13
   3558.24585   3.91906E-13
   3559.71973   2.33577E-13
   3561.19360   2.97300E-13
   3562.66748   3.26961E-13
   3564.14136   3.85343E-13
   3565.61523   3.03418E-13
   3567.08911   3.72490E-13
   3568.56299   2.24417E-13
   3570.03687   3.79083E-13
   3571.51050   4.14554E-13
   3572.98438   4.21031E-13
   3574.45825   3.31041E-13
   3575.93213   3.57737E-13
   3577.40601   3.81147E-13
   3578.87988   2.90652E-13
   3580.35376   3.43748E-13
   3581.82764   7.35051E-13
   3583.30151   1.12274E-12
   3584.77539   1.65964E-12
   3586.24927   1.79102E-12
   3587.72314   1.43353E-12
   3589.19702   9.94976E-13
   3590.67065   7.44913E-13
   3592.14453   5.88148E-13
   3593.61841   2.32633E-13
   3595.09229   1.57527E-13
   3596.56616   3.52821E-13
   3598.04004   2.03175E-13
   3599.51392   3.56925E-13
   3600.98779   3.10192E-13
   3602.46167   2.16883E-13
   3603.93555   2.01421E-13
   3605.40942   2.85969E-13
   3606.88330   2.02149E-13
   3608.35718   1.51355E-13
   3609.83081   3.29315E-13
   3611.30469   3.10319E-13
   3612.77856   3.30706E-13
   3614.25244   5.46472E-13
   3615.72632   2.20015E-13
   3617.20020   2.31844E-13
   3618.67407   5.08430E-13
   3620.14795   8.43372E-14
   3621.62183   3.41169E-13
   3623.09570   3.72483E-13
   3624.56958   1.52849E-13
   3626.04346   2.99075E-13
   3627.51733  -3.95325E-14
   3628.99097   1.23340E-13
   3630.46484   1.99705E-13
   3631.93872   4.64954E-13
   3633.41260   4.43194E-13
   3634.88647   5.01120E-13
   3636.36035   2.55960E-13
   3637.83423   2.37314E-13
   3639.30811   4.04333E-13
   3640.78198   2.29310E-13
   3642.25586   5.50521E-13
   3643.72974   3.11870E-13
   3645.20361   1.46918E-13
   3646.67749   3.44761E-13
   3648.15112   3.77143E-13
   3649.62500   3.25311E-13
   3651.09888   2.93359E-13
   3652.57275   2.23741E-13
   3654.04663   3.60901E-13
   3655.52051   3.22632E-13
   3656.99438   1.78818E-13
   3658.46826   3.55206E-13
   3659.94214   4.52017E-13
   3661.41602   4.20906E-13
   3662.88989   6.58273E-13
   3664.36377   4.29876E-13
   3665.83765   2.97404E-13
   3667.31128   3.22777E-13
   3668.78516   3.19551E-13
   3670.25903   2.73198E-13
   3671.73291   2.69872E-13
   3673.20679   2.64687E-13
   3674.68066   1.68408E-13
   3676.15454   2.94322E-13
   3677.62842   2.63590E-13
   3679.10229   1.99235E-13
   3680.57617   2.43525E-13
   3682.05005   2.68864E-13
   3683.52393   1.66087E-13
   3684.99780   2.51624E-13
   3686.47168   7.95505E-14
   3687.94531   1.94280E-13
   3689.41919   1.95144E-13
   3690.89307   3.31772E-13
   3692.36694   1.65930E-13
   3693.84082   2.54028E-13
   3695.31470   1.68227E-13
   3696.78857   7.13937E-14
   3698.26245   1.25057E-13
   3699.73633   2.37212E-13
   3701.21021   1.63325E-13
   3702.68408   3.09541E-13
   3704.15796   3.38418E-13
   3705.63184   3.31703E-13
   3707.10547   1.09269E-13
   3708.57935   2.07774E-13
   3710.05322   2.12673E-13
   3711.52710   2.45587E-13
   3713.00098   3.19116E-13
   3714.47485   1.66783E-13
   3715.94873   1.39209E-13
   3717.42261   2.76833E-13
   3718.89648   3.11630E-13
   3720.37036   3.08387E-13
   3721.84424   5.02459E-13
   3723.31812   6.27256E-13
   3724.79199   5.76839E-13
   3726.26562   3.78885E-13
   3727.73950   3.60372E-13
   3729.21338   3.60353E-13
   3730.68726   2.30041E-13
   3732.16113   2.65535E-13
   3733.63501   3.40609E-13
   3735.10889   3.26200E-13
   3736.58276   3.41258E-13
   3738.05664   2.40235E-13
   3739.53052   2.42212E-13
   3741.00439   2.04391E-13
   3742.47827   1.55701E-13
   3743.95215   2.16415E-13
   3745.42578   1.62662E-13
   3746.89966   2.39617E-13
   3748.37354   3.31441E-13
   3749.84741   2.73135E-13
   3751.32129   4.04008E-13
   3752.79517   3.79181E-13
   3754.26904   5.56325E-13
   3755.74292   1.23762E-12
   3757.21680   2.08603E-12
   3758.69067   2.35044E-12
   3760.16455   2.03186E-12
   3761.63843   1.40700E-12
   3763.11230   7.84168E-13
   3764.58594   3.99439E-13
   3766.05981   1.99379E-13
   3767.53369   2.28414E-13
   3769.00757   3.41789E-13
   3770.48145   4.09459E-13
   3771.95532   3.56767E-13
   3773.42920   3.32798E-13
   3774.90308   1.91614E-13
   3776.37695   3.04182E-13
   3777.85083   1.35516E-13
   3779.32471   1.67232E-13
   3780.79858   2.53677E-13
   3782.27246   1.77632E-13
   3783.74609   1.25159E-13
   3785.21997   2.78273E-13
   3786.69385   2.72748E-13
   3788.16772   2.67592E-13
   3789.64160   1.99147E-13
   3791.11548   1.60049E-13
   3792.58936   2.35556E-13
   3794.06323   3.57579E-13
   3795.53711   3.85257E-13
   3797.01099   5.43769E-13
   3798.48486   4.73585E-13
   3799.95874   5.01664E-13
   3801.43262   2.78465E-13
   3802.90625   2.21197E-13
   3804.38013   2.33962E-13
   3805.85400   1.30602E-13
   3807.32788   2.73001E-13
   3808.80176   6.87313E-14
   3810.27563   2.56871E-13
   3811.74951   2.53959E-13
   3813.22339   2.33718E-13
   3814.69727   3.05111E-13
   3816.17114   2.27539E-13
   3817.64502   2.67110E-13
   3819.11890   2.81407E-13
   3820.59277   2.95551E-13
   3822.06641   2.80659E-13
   3823.54028   3.11561E-13
   3825.01416   7.36900E-14
   3826.48804   1.46035E-13
   3827.96191   1.58365E-13
   3829.43579   2.32832E-13
   3830.90967   2.76125E-13
   3832.38354   4.80259E-13
   3833.85742   5.59916E-13
   3835.33130   5.76283E-13
   3836.80518   5.77727E-13
   3838.27905   4.13963E-13
   3839.75293   2.76463E-13
   3841.22656   2.28496E-13
   3842.70044   2.41134E-13
   3844.17432   2.52592E-13
   3845.64819   1.85232E-13
   3847.12207   9.53420E-14
   3848.59595   1.11839E-13
   3850.06982   1.12208E-13
   3851.54370   1.10445E-13
   3853.01758   2.04381E-13
   3854.49146   1.42060E-13
   3855.96533   1.46635E-13
   3857.43921   2.14807E-13
   3858.91309   2.23782E-13
   3860.38672   2.31106E-13
   3861.86060   3.19351E-13
   3863.33447   5.75845E-13
   3864.80835   1.36774E-12
   3866.28223   2.45609E-12
   3867.75610   3.06423E-12
   3869.22998   2.61644E-12
   3870.70386   1.84326E-12
   3872.17773   8.16566E-13
   3873.65161   2.85980E-13
   3875.12549   1.92707E-13
   3876.59937   1.57650E-13
   3878.07324   1.99263E-13
   3879.54688   1.08975E-13
   3881.02075   1.34584E-13
   3882.49463   1.83668E-13
   3883.96851   3.66076E-13
   3885.44238   4.59053E-13
   3886.91626   7.66017E-13
   3888.39014   9.95783E-13
   3889.86401   9.47953E-13
   3891.33789   7.87925E-13
   3892.81177   7.07896E-13
   3894.28564   3.91469E-13
   3895.75952   3.24819E-13
   3897.23340   1.48054E-13
   3898.70703   9.74598E-13
   3900.18091   1.73965E-13
   3901.65479   1.16502E-13
   3903.12866   1.40054E-13
   3904.60254   2.49047E-13
   3906.07642   2.23193E-13
   3907.55029   1.93795E-13
   3909.02417   1.30737E-13
   3910.49805   2.68514E-13
   3911.97192   1.33127E-13
   3913.44580   2.68445E-13
   3914.91968   1.20790E-13
   3916.39355   2.10967E-13
   3917.86719   1.50829E-13
   3919.34106   2.00190E-13
   3920.81494   1.83189E-13
   3922.28882   2.38518E-13
   3923.76270   1.94310E-13
   3925.23657   2.21437E-13
   3926.71045   1.34696E-13
   3928.18433   1.86366E-13
   3929.65820   1.75843E-13
   3931.13208   6.15222E-14
   3932.60596   1.38806E-13
   3934.07983   1.53457E-13
   3935.55371   1.06486E-13
   3937.02734   1.77688E-13
   3938.50122   1.49591E-13
   3939.97510   2.75504E-13
   3941.44897   1.26311E-13
   3942.92285   6.84902E-14
   3944.39673   1.42845E-13
   3945.87061   1.70678E-13
   3947.34448   1.72722E-13
   3948.81836   1.02504E-13
   3950.29224   1.70146E-13
   3951.76611   1.99736E-13
   3953.23999   1.65410E-13
   3954.71387   1.64973E-13
   3956.18750   2.13369E-13
   3957.66138   1.57010E-13
   3959.13525   2.06944E-13
   3960.60913   2.07838E-13
   3962.08301   2.79864E-13
   3963.55688   5.97643E-13
   3965.03076   1.02337E-12
   3966.50464   1.46379E-12
   3967.97852   1.65217E-12
   3969.45239   1.48481E-12
   3970.92627   1.08922E-12
   3972.40015   6.45684E-13
   3973.87402   3.43294E-13
   3975.34766   1.74582E-13
   3976.82153   1.59068E-13
   3978.29541   2.06306E-13
   3979.76929   9.61837E-14
   3981.24316   8.88859E-14
   3982.71704   1.51261E-13
   3984.19092   1.73642E-13
   3985.66479   8.89208E-14
   3987.13867   3.69709E-15
   3988.61255   1.83324E-13
   3990.08643   9.84870E-14
   3991.56030   3.59837E-14
   3993.03418   8.16837E-14
   3994.50781   1.62612E-13
   3995.98169   1.60350E-13
   3997.45557   1.49904E-13
   3998.92944   8.66312E-14
   4000.40332   1.84641E-13
   4001.87720   4.87295E-14
   4003.35107   9.75898E-14
   4004.82495   2.27517E-14
   4006.29883   7.92227E-14
   4007.77271   6.08861E-14
   4009.24658   2.13914E-13
   4010.72046   1.10158E-13
   4012.19434   1.11141E-13
   4013.66797   1.13380E-13
   4015.14185   1.16753E-13
   4016.61572   1.87674E-13
   4018.08960   1.51592E-13
   4019.56348   7.39158E-14
   4021.03735   1.63861E-13
   4022.51123   1.74505E-13
   4023.98511   2.46798E-13
   4025.45898   3.20099E-13
   4026.93286   2.51717E-13
   4028.40674   2.24146E-13
   4029.88062   1.28380E-13
   4031.35449   1.11904E-13
   4032.82812   1.30680E-13
   4034.30200   1.35158E-13
   4035.77588   9.45977E-14
   4037.24976   1.59616E-13
   4038.72363   9.37384E-14
   4040.19751   1.36132E-13
   4041.67139   9.13703E-14
   4043.14526   1.17005E-13
   4044.61914   1.18812E-13
   4046.09302   1.25848E-13
   4047.56689   1.96617E-13
   4049.04077   6.80692E-14
   4050.51465   8.28326E-14
   4051.98828   1.10097E-13
   4053.46216   1.14308E-13
   4054.93604   1.24139E-13
   4056.40991   9.88409E-14
   4057.88379   4.05624E-14
   4059.35767   1.08048E-13
   4060.83154   1.51535E-13
   4062.30542   7.70133E-14
   4063.77930   1.12083E-13
   4065.25317   1.41875E-13
   4066.72705   1.97674E-13
   4068.20093   2.57995E-13
   4069.67480   2.70412E-13
   4071.14844   3.07304E-13
   4072.62231   2.39765E-13
   4074.09619   2.43876E-13
   4075.57007   2.12527E-13
   4077.04395   1.41175E-13
   4078.51782   1.20278E-13
   4079.99170   1.16874E-13
   4081.46558   1.10592E-13
   4082.93945   1.09878E-13
   4084.41333   1.46965E-13
   4085.88721   1.36129E-13
   4087.36108   1.31175E-13
   4088.83496   1.64867E-13
   4090.30859   1.37317E-13
   4091.78247   1.31894E-13
   4093.25635   1.90779E-13
   4094.73022   1.85009E-13
   4096.20410   3.10738E-13
   4097.67822   6.79398E-13
   4099.15186   9.87042E-13
   4100.62549   1.28134E-12
   4102.09961   1.24632E-12
   4103.57324   9.16884E-13
   4105.04736   5.36518E-13
   4106.52100   2.25646E-13
   4107.99512   1.33718E-13
   4109.46875   1.23074E-13
   4110.94287   1.55965E-13
   4112.41650   1.75888E-13
   4113.89062   1.39350E-13
   4115.36426   1.08174E-13
   4116.83838   1.62064E-13
   4118.31201   1.06501E-13
   4119.78564   9.43017E-14
   4121.25977   1.80040E-13
   4122.73340   1.01716E-13
   4124.20752   1.03466E-13
   4125.68115   1.35007E-13
   4127.15527   1.13184E-13
   4128.62891   1.04004E-13
   4130.10303   6.67329E-14
   4131.57666   9.97959E-14
   4133.05078   1.02580E-13
   4134.52441   7.23481E-14
   4135.99854   1.24750E-13
   4137.47217   1.11420E-13
   4138.94580   8.88660E-14
   4140.41992   7.94489E-14
   4141.89355   1.49633E-13
   4143.36768   1.77120E-13
   4144.84131   1.72733E-13
   4146.31543   1.42975E-13
   4147.78906   1.98566E-13
   4149.26318   1.27819E-13
   4150.73682   5.27452E-14
   4152.21094   8.99119E-14
   4153.68457   1.30875E-13
   4155.15869   1.18281E-13
   4156.63232   8.72030E-14
   4158.10596   1.13139E-13
   4159.58008   1.25572E-13
   4161.05371   9.44396E-14
   4162.52783   8.15372E-14
   4164.00146   1.38083E-13
   4165.47559   8.72273E-14
   4166.94922   1.28510E-13
   4168.42334   8.07194E-14
   4169.89697   1.14596E-13
   4171.37109   9.87375E-14
   4172.84473   1.03184E-13
   4174.31885   1.39392E-13
   4175.79248   1.73442E-13
   4177.26611   2.49770E-13
   4178.74023   1.75368E-13
   4180.21387   2.12452E-13
   4181.68799   1.44641E-13
   4183.16162   1.53828E-13
   4184.63574   1.13805E-13
   4186.10938   1.29103E-13
   4187.58350   1.20768E-13
   4189.05713   1.24505E-13
   4190.53125   1.45165E-13
   4192.00488   6.80019E-14
   4193.47900   1.34058E-13
   4194.95264   1.51193E-13
   4196.42627   1.83464E-13
   4197.90039   1.72321E-13
   4199.37402   3.10395E-13
   4200.84814   2.14038E-13
   4202.32178   1.91325E-13
   4203.79590   1.00142E-13
   4205.26953   1.17418E-13
   4206.74365   1.13943E-13
   4208.21729   1.22171E-13
   4209.69141   1.02917E-13
   4211.16504   5.20744E-14
   4212.63916   1.01100E-13
   4214.11279   6.85237E-14
   4215.58643   1.00782E-13
   4217.06055   1.08844E-13
   4218.53418   8.48513E-14
   4220.00830   1.06005E-13
   4221.48193   8.64411E-14
   4222.95605   9.66361E-14
   4224.42969   1.09145E-13
   4225.90381   1.12524E-13
   4227.37744   1.44769E-13
   4228.85156   1.32616E-13
   4230.32520   1.05904E-13
   4231.79932   1.32550E-13
   4233.27295   1.81365E-13
   4234.74658   1.73892E-13
   4236.22070   1.10286E-13
   4237.69434   1.25735E-13
   4239.16846   9.78030E-14
   4240.64209   1.71567E-13
   4242.11621   2.34290E-13
   4243.58984   2.07021E-13
   4245.06396   2.42923E-13
   4246.53760   1.33939E-13
   4248.01172   1.07601E-13
   4249.48535   1.16873E-13
   4250.95947   9.12204E-14
   4252.43311   9.82292E-14
   4253.90674   8.46330E-14
   4255.38086   1.40706E-13
   4256.85449   1.43655E-13
   4258.32861   9.51391E-14
   4259.80225   1.43827E-13
   4261.27637   1.23629E-13
   4262.75000   1.12215E-13
   4264.22412   9.16288E-14
   4265.69775   9.12152E-14
   4267.17188   1.11754E-13
   4268.64551   1.15273E-13
   4270.11963   1.34491E-13
   4271.59326   1.18117E-13
   4273.06689   1.00162E-13
   4274.54102   1.43432E-13
   4276.01465   1.89645E-13
   4277.48877   1.21594E-13
   4278.96240   1.55759E-13
   4280.43652   1.68857E-13
   4281.91016   1.29748E-13
   4283.38428   1.22711E-13
   4284.85791   1.36033E-13
   4286.33203   1.79473E-13
   4287.80566   1.86968E-13
   4289.27979   1.56850E-13
   4290.75342   1.14690E-13
   4292.22705   1.32932E-13
   4293.70117   1.34115E-13
   4295.17480   1.41989E-13
   4296.64893   1.58409E-13
   4298.12256   1.14892E-13
   4299.59668   1.48568E-13
   4301.07031   1.29087E-13
   4302.54443   1.52575E-13
   4304.01807   1.06834E-13
   4305.49219   1.04750E-13
   4306.96582   1.67461E-13
   4308.43994   1.36673E-13
   4309.91357   1.37255E-13
   4311.38721   1.36904E-13
   4312.86133   1.47556E-13
   4314.33496   1.51884E-13
   4315.80908   1.19485E-13
   4317.28271   1.45963E-13
   4318.75684   1.14269E-13
   4320.23047   1.24701E-13
   4321.70459   1.58693E-13
   4323.17822   1.13794E-13
   4324.65234   1.09596E-13
   4326.12598   1.05549E-13
   4327.60010   1.14303E-13
   4329.07373   7.25461E-14
   4330.54785   9.08947E-14
   4332.02148   1.50995E-13
   4333.49512   1.97709E-13
   4334.96924   2.24762E-13
   4336.44287   7.82169E-13
   4337.91699   1.63120E-12
   4339.39062   2.05215E-12
   4340.86475   2.02790E-12
   4342.33838   1.60721E-12
   4343.81250   8.36140E-13
   4345.28613   4.23396E-13
   4346.76025   1.76176E-13
   4348.23389   1.77806E-13
   4349.70801   1.70023E-13
   4351.18164   1.65611E-13
   4352.65527   1.97843E-13
   4354.12939   1.62307E-13
   4355.60303   1.59249E-13
   4357.07715   2.03509E-13
   4358.55078   4.03128E-13
   4360.02490   7.99265E-13
   4361.49854   1.17003E-12
   4362.97266   1.24772E-12
   4364.44629   1.07871E-12
   4365.92041   6.81571E-13
   4367.39404   2.90551E-13
   4368.86816   1.18099E-13
   4370.34180   1.37196E-13
   4371.81543   8.55841E-14
   4373.28955   1.03763E-13
   4374.76318   1.11342E-13
   4376.23730   9.99989E-14
   4377.71094   1.70105E-13
   4379.18506   7.28509E-14
   4380.65869   1.21109E-13
   4382.13281   1.18251E-13
   4383.60645   1.19499E-13
   4385.08057   1.70925E-13
   4386.55420   1.55329E-13
   4388.02832   1.47729E-13
   4389.50195   1.69677E-13
   4390.97559   1.66046E-13
   4392.44971   1.04930E-13
   4393.92334   8.00058E-14
   4395.39746   1.10602E-13
   4396.87109   7.87384E-14
   4398.34521   8.56130E-14
   4399.81885   1.13646E-13
   4401.29297   9.08053E-14
   4402.76660   1.02433E-13
   4404.24072   1.29095E-13
   4405.71436   1.05351E-13
   4407.18848   7.15354E-14
   4408.66211   1.21539E-13
   4410.13574   1.18364E-13
   4411.60986   1.26946E-13
   4413.08350   1.84307E-13
   4414.55762   2.35909E-13
   4416.03125   1.75441E-13
   4417.50537   1.47914E-13
   4418.97900   1.55436E-13
   4420.45312   1.05645E-13
   4421.92676   1.23570E-13
   4423.40088   7.47340E-14
   4424.87451   9.82120E-14
   4426.34863   1.01827E-13
   4427.82227   1.09642E-13
   4429.29590   1.21306E-13
   4430.77002   1.29880E-13
   4432.24365   1.00461E-13
   4433.71777   7.64336E-14
   4435.19141   1.23190E-13
   4436.66553   1.08466E-13
   4438.13916   1.02374E-13
   4439.61328   1.53977E-13
   4441.08691   1.02860E-13
   4442.56104   1.04439E-13
   4444.03467   1.34259E-13
   4445.50879   1.26226E-13
   4446.98242   9.35241E-14
   4448.45605   1.36676E-13
   4449.93018   1.72841E-13
   4451.40381   1.19730E-13
   4452.87793   1.40273E-13
   4454.35156   1.25505E-13
   4455.82568   1.40450E-13
   4457.29932   1.40077E-13
   4458.77344   1.57751E-13
   4460.24707   1.29912E-13
   4461.72119   1.32347E-13
   4463.19482   1.12079E-13
   4464.66895   1.30452E-13
   4466.14258   1.16057E-13
   4467.61621   1.48481E-13
   4469.09033   2.28537E-13
   4470.56396   3.47068E-13
   4472.03809   2.79549E-13
   4473.51172   2.40371E-13
   4474.98584   2.21783E-13
   4476.45947   1.40696E-13
   4477.93359   8.91994E-14
   4479.40723   8.36770E-14
   4480.88135   1.26870E-13
   4482.35498   1.22091E-13
   4483.82910   1.37197E-13
   4485.30273   1.24876E-13
   4486.77637   1.40703E-13
   4488.25049   1.66640E-13
   4489.72412   1.64067E-13
   4491.19824   1.57966E-13
   4492.67188   1.37604E-13
   4494.14600   1.22779E-13
   4495.61963   1.10411E-13
   4497.09375   1.09102E-13
   4498.56738   1.07629E-13
   4500.04150   1.09324E-13
   4501.51514   1.01084E-13
   4502.98926   1.12074E-13
   4504.46289   1.04100E-13
   4505.93652   9.11520E-14
   4507.41064   1.06390E-13
   4508.88428   1.37204E-13
   4510.35840   1.08352E-13
   4511.83203   1.07752E-13
   4513.30615   1.34589E-13
   4514.77979   1.50573E-13
   4516.25391   1.38821E-13
   4517.72754   1.62245E-13
   4519.20166   1.78409E-13
   4520.67529   1.53166E-13
   4522.14941   1.70040E-13
   4523.62305   1.59505E-13
   4525.09668   9.83159E-14
   4526.57080   7.88070E-14
   4528.04443   1.15298E-13
   4529.51855   1.30468E-13
   4530.99219   1.00976E-13
   4532.46631   1.09481E-13
   4533.93994   8.74965E-14
   4535.41406   1.16813E-13
   4536.88770   1.30883E-13
   4538.36182   2.04910E-13
   4539.83545   2.89693E-13
   4541.30957   3.18936E-13
   4542.78320   3.01097E-13
   4544.25684   2.69714E-13
   4545.73096   1.72554E-13
   4547.20459   1.01439E-13
   4548.67871   1.13933E-13
   4550.15234   1.00614E-13
   4551.62646   7.92819E-14
   4553.10010   1.26572E-13
   4554.57422   1.42603E-13
   4556.04785   1.63735E-13
   4557.52197   1.23781E-13
   4558.99561   1.07223E-13
   4560.46973   1.18319E-13
   4561.94336   8.87727E-14
   4563.41699   1.22495E-13
   4564.89111   8.90908E-14
   4566.36475   1.00142E-13
   4567.83887   1.19280E-13
   4569.31250   1.19050E-13
   4570.78662   1.36953E-13
   4572.26025   1.36457E-13
   4573.73438   1.05833E-13
   4575.20801   1.09264E-13
   4576.68213   9.11702E-14
   4578.15576   1.31012E-13
   4579.62988   1.15139E-13
   4581.10352   1.26502E-13
   4582.57715   1.49732E-13
   4584.05127   1.56287E-13
   4585.52490   1.29594E-13
   4586.99902   1.25707E-13
   4588.47266   1.16541E-13
   4589.94678   9.84986E-14
   4591.42041   1.02730E-13
   4592.89453   1.01418E-13
   4594.36816   1.31270E-13
   4595.84229   1.23971E-13
   4597.31592   1.21385E-13
   4598.79004   1.05982E-13
   4600.26367   7.11941E-14
   4601.73730   1.01448E-13
   4603.21143   1.40295E-13
   4604.68506   1.41344E-13
   4606.15918   1.48530E-13
   4607.63281   1.19637E-13
   4609.10693   1.43644E-13
   4610.58057   9.36405E-14
   4612.05469   1.05263E-13
   4613.52832   1.15856E-13
   4615.00244   1.02780E-13
   4616.47607   1.09346E-13
   4617.95020   9.23774E-14
   4619.42383   1.32557E-13
   4620.89746   1.15586E-13
   4622.37158   1.22917E-13
   4623.84521   1.25902E-13
   4625.31934   1.27154E-13
   4626.79297   1.13418E-13
   4628.26709   1.78700E-13
   4629.74072   2.06334E-13
   4631.21484   2.05944E-13
   4632.68848   2.46696E-13
   4634.16260   1.89228E-13
   4635.63623   2.29882E-13
   4637.11035   2.50778E-13
   4638.58398   2.67424E-13
   4640.05762   3.23261E-13
   4641.53174   2.92963E-13
   4643.00537   2.26535E-13
   4644.47949   2.17208E-13
   4645.95312   1.51618E-13
   4647.42725   1.90346E-13
   4648.90088   1.99776E-13
   4650.37500   1.92340E-13
   4651.84863   1.53186E-13
   4653.32275   1.49442E-13
   4654.79639   1.91348E-13
   4656.27051   2.10834E-13
   4657.74414   2.16616E-13
   4659.21777   1.92291E-13
   4660.69189   1.72998E-13
   4662.16553   1.26779E-13
   4663.63965   1.62154E-13
   4665.11328   1.52160E-13
   4666.58740   1.47163E-13
   4668.06104   1.88891E-13
   4669.53516   1.49969E-13
   4671.00879   1.49526E-13
   4672.48291   1.62097E-13
   4673.95654   1.46447E-13
   4675.43066   1.50520E-13
   4676.90430   1.51651E-13
   4678.37793   2.13967E-13
   4679.85205   3.05788E-13
   4681.32568   8.83933E-13
   4682.79980   2.84451E-12
   4684.27344   4.77528E-12
   4685.74756   5.44448E-12
   4687.22119   4.93746E-12
   4688.69531   3.02982E-12
   4690.16895   1.21367E-12
   4691.64307   3.81997E-13
   4693.11670   2.08307E-13
   4694.59082   1.86151E-13
   4696.06445   1.72795E-13
   4697.53809   2.21264E-13
   4699.01221   2.47481E-13
   4700.48584   2.51294E-13
   4701.95996   2.28200E-13
   4703.43359   1.71099E-13
   4704.90771   1.38509E-13
   4706.38135   1.37749E-13
   4707.85547   1.34306E-13
   4709.32910   1.55474E-13
   4710.80322   2.22630E-13
   4712.27686   2.73877E-13
   4713.75098   3.03015E-13
   4715.22461   2.73012E-13
   4716.69824   2.13325E-13
   4718.17236   1.73655E-13
   4719.64600   1.59039E-13
   4721.12012   1.60768E-13
   4722.59375   2.54612E-13
   4724.06787   3.11104E-13
   4725.54150   3.33659E-13
   4727.01562   3.15316E-13
   4728.48926   2.23088E-13
   4729.96338   1.49166E-13
   4731.43701   1.37458E-13
   4732.91113   1.26575E-13
   4734.38477   1.11033E-13
   4735.85840   1.18697E-13
   4737.33252   1.18229E-13
   4738.80615   1.55037E-13
   4740.28027   1.50309E-13
   4741.75391   1.51152E-13
   4743.22803   1.09904E-13
   4744.70166   1.19394E-13
   4746.17578   1.00268E-13
   4747.64941   1.07508E-13
   4749.12354   9.62888E-14
   4750.59717   1.13807E-13
   4752.07129   1.23924E-13
   4753.54492   6.89622E-14
   4755.01855   9.82236E-14
   4756.49268   1.17366E-13
   4757.96631   1.21015E-13
   4759.44043   1.07556E-13
   4760.91406   9.30376E-14
   4762.38818   1.07529E-13
   4763.86182   1.01390E-13
   4765.33594   9.36371E-14
   4766.80957   1.04709E-13
   4768.28369   1.19276E-13
   4769.75732   1.12165E-13
   4771.23145   1.24608E-13
   4772.70508   1.27120E-13
   4774.17871   1.12284E-13
   4775.65283   1.11781E-13
   4777.12646   1.04016E-13
   4778.60059   1.31486E-13
   4780.07422   8.79808E-14
   4781.54834   9.08868E-14
   4783.02197   8.88357E-14
   4784.49609   7.36413E-14
   4785.96973   1.05161E-13
   4787.44385   9.92897E-14
   4788.91748   8.40543E-14
   4790.39160   9.84883E-14
   4791.86523   9.25551E-14
   4793.33887   9.21424E-14
   4794.81299   1.18254E-13
   4796.28662   7.95110E-14
   4797.76074   1.22781E-13
   4799.23438   1.05276E-13
   4800.70850   8.00182E-14
   4802.18213   9.06725E-14
   4803.65625   8.45172E-14
   4805.12988   9.67989E-14
   4806.60400   7.18009E-14
   4808.07764   6.67923E-14
   4809.55176   9.16780E-14
   4811.02539   1.03805E-13
   4812.49902   1.36583E-13
   4813.97314   1.34345E-13
   4815.44678   1.27023E-13
   4816.92090   1.27321E-13
   4818.39453   1.26459E-13
   4819.86865   9.11817E-14
   4821.34229   7.56134E-14
   4822.81641   1.05355E-13
   4824.29004   9.16466E-14
   4825.76416   1.05960E-13
   4827.23779   8.86795E-14
   4828.71191   1.02765E-13
   4830.18555   1.05236E-13
   4831.65918   1.10207E-13
   4833.13330   1.02961E-13
   4834.60693   1.22862E-13
   4836.08105   1.07522E-13
   4837.55469   1.26253E-13
   4839.02881   1.34773E-13
   4840.50244   1.25020E-13
   4841.97656   1.28055E-13
   4843.45020   1.29191E-13
   4844.92432   1.26295E-13
   4846.39795   1.14512E-13
   4847.87207   1.33670E-13
   4849.34570   1.66668E-13
   4850.81934   1.70723E-13
   4852.29346   1.93462E-13
   4853.76709   2.14769E-13
   4855.24121   3.58587E-13
   4856.71484   9.67378E-13
   4858.18896   2.54867E-12
   4859.66260   3.89031E-12
   4861.13672   4.61667E-12
   4862.61035   4.16486E-12
   4864.08447   2.88629E-12
   4865.55811   1.41756E-12
   4867.03223   5.31184E-13
   4868.50586   2.56705E-13
   4869.97949   1.83289E-13
   4871.45361   1.75985E-13
   4872.92725   1.79485E-13
   4874.40137   1.43526E-13
   4875.87500   1.58753E-13
   4877.34912   1.25430E-13
   4878.82275   1.22730E-13
   4880.29688   1.32103E-13
   4881.77051   1.03273E-13
   4883.24463   1.36657E-13
   4884.71826   1.32239E-13
   4886.19238   1.28542E-13
   4887.66602   1.52470E-13
   4889.13965   1.64415E-13
   4890.61377   2.14633E-13
   4892.08740   2.33575E-13
   4893.56152   3.09442E-13
   4895.03516   2.91467E-13
   4896.50928   2.37713E-13
   4897.98291   1.86254E-13
   4899.45703   1.43631E-13
   4900.93066   1.29879E-13
   4902.40479   1.43688E-13
   4903.87842   1.49327E-13
   4905.35254   1.25221E-13
   4906.82617   1.26536E-13
   4908.29980   1.35220E-13
   4909.77393   1.13386E-13
   4911.24756   1.05386E-13
   4912.72168   8.88246E-14
   4914.19531   8.64416E-14
   4915.66943   9.79654E-14
   4917.14307   1.30132E-13
   4918.61719   1.54107E-13
   4920.09082   2.01163E-13
   4921.56494   2.44480E-13
   4923.03857   2.31285E-13
   4924.51270   1.96955E-13
   4925.98633   1.93250E-13
   4927.45996   1.68967E-13
   4928.93408   1.71716E-13
   4930.40771   1.82458E-13
   4931.88184   1.77908E-13
   4933.35547   1.62875E-13
   4934.82959   1.66669E-13
   4936.30322   1.75000E-13
   4937.77734   2.61179E-13
   4939.25098   3.72121E-13
   4940.72510   4.75959E-13
   4942.19873   5.35148E-13
   4943.67285   5.21748E-13
   4945.14648   4.55596E-13
   4946.62012   3.35251E-13
   4948.09424   2.08944E-13
   4949.56787   1.50348E-13
   4951.04199   1.36814E-13
   4952.51562   1.79535E-13
   4953.98975   3.23431E-13
   4955.46338   7.10764E-13
   4956.93750   1.13602E-12
   4958.41113   1.25717E-12
   4959.88525   1.13175E-12
   4961.35889   7.21753E-13
   4962.83301   3.38249E-13
   4964.30664   2.05873E-13
   4965.78027   2.26343E-13
   4967.25439   2.66540E-13
   4968.72803   2.48403E-13
   4970.20215   3.20603E-13
   4971.67578   3.03244E-13
   4973.14990   2.82000E-13
   4974.62354   2.25068E-13
   4976.09766   2.17178E-13
   4977.57129   1.49628E-13
   4979.04541   1.14776E-13
   4980.51904   1.27857E-13
   4981.99316   1.02703E-13
   4983.46680   1.18174E-13
   4984.94043   1.56951E-13
   4986.41455   2.25025E-13
   4987.88818   3.32933E-13
   4989.36230   3.40669E-13
   4990.83594   3.18668E-13
   4992.31006   2.42673E-13
   4993.78369   1.48651E-13
   4995.25781   1.25821E-13
   4996.73145   1.18259E-13
   4998.20557   1.11226E-13
   4999.67920   1.43938E-13
   5001.15332   3.07871E-13
   5002.62695   1.19451E-12
   5004.10059   2.59848E-12
   5005.57471   3.66624E-12
   5007.04834   3.70042E-12
   5008.52246   2.77615E-12
   5009.99609   1.42863E-12
   5011.47021   4.82532E-13
   5012.94385   2.27253E-13
   5014.41797   2.24289E-13
   5015.89160   2.44334E-13
   5017.36572   2.55977E-13
   5018.83936   2.10588E-13
   5020.31348   1.73958E-13
   5021.78711   1.41535E-13
   5023.26074   1.35614E-13
   5024.73486   1.25852E-13
   5026.20850   1.01587E-13
   5027.68262   1.20779E-13
   5029.15625   1.32878E-13
   5030.63037   9.99722E-14
   5032.10400   1.41277E-13
   5033.57812   1.20222E-13
   5035.05176   1.32567E-13
   5036.52588   1.25000E-13
   5037.99951   1.60443E-13
   5039.47363   1.89942E-13
   5040.94727   2.01168E-13
   5042.42090   1.81216E-13
   5043.89502   1.66306E-13
   5045.36865   1.67429E-13
   5046.84277   1.51402E-13
   5048.31641   1.27138E-13
   5049.79053   1.50787E-13
   5051.26416   1.38849E-13
   5052.73828   1.24088E-13
   5054.21191   1.38888E-13
   5055.68604   1.53106E-13
   5057.15967   1.33717E-13
   5058.63379   1.51841E-13
   5060.10742   1.32593E-13
   5061.58105   1.10243E-13
   5063.05518   1.02085E-13
   5064.52881   1.01939E-13
   5066.00293   1.03940E-13
   5067.47656   1.00790E-13
   5068.95068   1.09590E-13
   5070.42432   1.31281E-13
   5071.89844   1.18766E-13
   5073.37207   1.12472E-13
   5074.84619   1.20977E-13
   5076.31982   1.10528E-13
   5077.79395   1.16749E-13
   5079.26758   9.69789E-14
   5080.74121   1.21094E-13
   5082.21533   1.17691E-13
   5083.68896   1.08881E-13
   5085.16309   1.22883E-13
   5086.63672   1.15174E-13
   5088.11084   1.16409E-13
   5089.58447   1.17706E-13
   5091.05859   1.15929E-13
   5092.53223   1.40581E-13
   5094.00635   1.27838E-13
   5095.47998   1.08347E-13
   5096.95410   1.18502E-13
   5098.42773   1.36104E-13
   5099.90137   1.50278E-13
   5101.37549   1.49723E-13
   5102.84912   1.16123E-13
   5104.32324   1.21577E-13
   5105.79688   1.21354E-13
   5107.27100   1.49349E-13
   5108.74463   1.29459E-13
   5110.21875   1.55828E-13
   5111.69238   1.49515E-13
   5113.16650   1.46019E-13
   5114.64014   1.46387E-13
   5116.11426   1.15731E-13
   5117.58789   1.07056E-13
   5119.06152   1.51942E-13
   5120.53564   1.33005E-13
   5122.00928   1.52013E-13
   5123.48340   1.33298E-13
   5124.95703   1.36523E-13
   5126.43115   1.37400E-13
   5127.90479   1.44441E-13
   5129.37891   1.37753E-13
   5130.85254   1.57992E-13
   5132.32666   1.61497E-13
   5133.80029   1.44042E-13
   5135.27441   1.34597E-13
   5136.74805   1.40433E-13
   5138.22168   1.28762E-13
   5139.69580   1.55639E-13
   5141.16943   1.66984E-13
   5142.64355   1.92990E-13
   5144.11719   2.57375E-13
   5145.59131   3.12147E-13
   5147.06494   3.04348E-13
   5148.53906   2.85145E-13
   5150.01270   1.96460E-13
   5151.48682   1.44471E-13
   5152.96045   1.52889E-13
   5154.43457   1.86140E-13
   5155.90820   3.27761E-13
   5157.38184   4.86555E-13
   5158.85596   5.92762E-13
   5160.32959   6.10526E-13
   5161.80371   4.87179E-13
   5163.27734   3.23649E-13
   5164.75146   1.94296E-13
   5166.22510   1.57325E-13
   5167.69922   1.74714E-13
   5169.17285   1.71946E-13
   5170.64697   1.88222E-13
   5172.12061   1.94061E-13
   5173.59473   2.77850E-13
   5175.06836   4.27090E-13
   5176.54199   4.78591E-13
   5178.01611   4.37056E-13
   5179.48975   3.48391E-13
   5180.96387   2.16003E-13
   5182.43750   1.39719E-13
   5183.91162   1.42901E-13
   5185.38525   1.25922E-13
   5186.85938   1.32656E-13
   5188.33301   1.36027E-13
   5189.80713   1.26810E-13
   5191.28076   1.43270E-13
   5192.75488   1.24715E-13
   5194.22852   1.24637E-13
   5195.70264   1.60193E-13
   5197.17627   1.78082E-13
   5198.64990   1.83806E-13
   5200.12402   1.78804E-13
   5201.59766   1.52969E-13
   5203.07178   1.38656E-13
   5204.54541   1.40469E-13
   5206.01953   1.27918E-13
   5207.49316   1.13749E-13
   5208.96729   1.18810E-13
   5210.44092   1.34233E-13
   5211.91504   1.12877E-13
   5213.38867   1.10765E-13
   5214.86279   1.29748E-13
   5216.33643   1.27485E-13
   5217.81006   1.47247E-13
   5219.28418   1.49164E-13
   5220.75781   1.33000E-13
   5222.23193   1.49930E-13
   5223.70557   1.29795E-13
   5225.17969   1.21034E-13
   5226.65332   1.31852E-13
   5228.12744   1.37936E-13
   5229.60107   1.46383E-13
   5231.07520   1.48672E-13
   5232.54883   2.00862E-13
   5234.02295   2.15187E-13
   5235.49658   1.96023E-13
   5236.97021   1.97141E-13
   5238.44434   1.70581E-13
   5239.91797   1.36072E-13
   5241.39209   1.26240E-13
   5242.86572   1.28103E-13
   5244.33984   1.06077E-13
   5245.81348   1.17780E-13
   5247.28760   1.33120E-13
   5248.76123   1.28082E-13
   5250.23535   1.27917E-13
   5251.70898   1.10896E-13
   5253.18311   1.26086E-13
   5254.65674   1.46228E-13
   5256.13037   1.41913E-13
   5257.60449   1.36427E-13
   5259.07812   1.67940E-13
   5260.55225   2.02653E-13
   5262.02588   2.04849E-13
   5263.50000   2.27914E-13
   5264.97363   1.99279E-13
   5266.44775   1.63415E-13
   5267.92139   1.68089E-13
   5269.39551   2.14670E-13
   5270.86914   2.28703E-13
   5272.34326   2.41590E-13
   5273.81689   3.27776E-13
   5275.29053   4.39847E-13
   5276.76465   4.76798E-13
   5278.23828   4.28868E-13
   5279.71240   3.54717E-13
   5281.18604   2.57478E-13
   5282.66016   1.87808E-13
   5284.13379   1.56215E-13
   5285.60791   1.51521E-13
   5287.08154   1.63048E-13
   5288.55566   1.49768E-13
   5290.02930   1.47120E-13
   5291.50342   1.40721E-13
   5292.97705   1.33368E-13
   5294.45068   1.39701E-13
   5295.92480   1.41588E-13
   5297.39844   1.35374E-13
   5298.87256   1.39214E-13
   5300.34619   1.34210E-13
   5301.82031   1.44592E-13
   5303.29395   1.34869E-13
   5304.76807   1.87403E-13
   5306.24170   2.89046E-13
   5307.71582   4.29985E-13
   5309.18945   5.26055E-13
   5310.66357   4.86144E-13
   5312.13721   4.15359E-13
   5313.61084   2.69148E-13
   5315.08496   2.12148E-13
   5316.55859   2.14212E-13
   5318.03271   1.99120E-13
   5319.50635   1.82451E-13
   5320.98047   1.59614E-13
   5322.45410   1.34813E-13
   5323.92822   1.56219E-13
   5325.40186   1.54052E-13
   5326.87598   1.50780E-13
   5328.34961   1.53181E-13
   5329.82373   1.30268E-13
   5331.29736   1.67395E-13
   5332.77100   2.02839E-13
   5334.24512   2.40161E-13
   5335.71875   2.25178E-13
   5337.19287   2.15804E-13
   5338.66650   2.04522E-13
   5340.14062   1.61023E-13
   5341.61426   1.37551E-13
   5343.08838   1.39010E-13
   5344.56201   1.49824E-13
   5346.03613   1.42449E-13
   5347.50977   1.30915E-13
   5348.98389   1.26757E-13
   5350.45752   1.38492E-13
   5351.93115   1.31718E-13
   5353.40527   1.25667E-13
   5354.87891   1.37826E-13
   5356.35303   1.31888E-13
   5357.82666   1.40339E-13
   5359.30078   1.38616E-13
   5360.77441   1.52923E-13
   5362.24854   1.77690E-13
   5363.72217   1.76155E-13
   5365.19629   1.72811E-13
   5366.66992   1.62167E-13
   5368.14404   1.32095E-13
   5369.61768   1.41486E-13
   5371.09131   1.41551E-13
   5372.56543   1.57011E-13
   5374.03906   1.67789E-13
   5375.51318   1.61647E-13
   5376.98682   1.80024E-13
   5378.46094   1.54594E-13
   5379.93457   1.67044E-13
   5381.40869   1.42734E-13
   5382.88232   1.37311E-13
   5384.35645   1.30502E-13
   5385.83008   1.22439E-13
   5387.30420   1.44470E-13
   5388.77783   1.43440E-13
   5390.25146   1.37805E-13
   5391.72559   1.31816E-13
   5393.19922   1.42359E-13
   5394.67334   1.52684E-13
   5396.14697   1.47360E-13
   5397.62109   1.46758E-13
   5399.09473   1.38045E-13
   5400.56885   1.69277E-13
   5402.04248   1.41422E-13
   5403.51660   1.52280E-13
   5404.99023   1.41874E-13
   5406.46436   1.77382E-13
   5407.93799   3.13005E-13
   5409.41162   5.29772E-13
   5410.88574   7.24165E-13
   5412.35938   7.60850E-13
   5413.83350   6.49364E-13
   5415.30713   4.23079E-13
   5416.78125   2.51765E-13
   5418.25488   1.61383E-13
   5419.72900   1.55850E-13
   5421.20264   1.70534E-13
   5422.67676   2.05836E-13
   5424.15039   2.35727E-13
   5425.62451   2.49971E-13
   5427.09814   2.37212E-13
   5428.57178   2.14902E-13
   5430.04590   1.76413E-13
   5431.51953   1.62293E-13
   5432.99365   1.66028E-13
   5434.46729   1.82789E-13
   5435.94141   1.54129E-13
   5437.41504   1.70597E-13
   5438.88916   1.51760E-13
   5440.36279   1.49762E-13
   5441.83691   1.43044E-13
   5443.31055   1.60281E-13
   5444.78467   1.38726E-13
   5446.25830   1.44050E-13
   5447.73193   1.30025E-13
   5449.20605   1.12642E-13
   5450.67969   1.35743E-13
   5452.15381   1.32385E-13
   5453.62744   1.25002E-13
   5455.10156   1.25111E-13
   5456.57520   1.23260E-13
   5458.04932   1.52440E-13
   5459.52295   1.86220E-13
   5460.99707   1.87383E-13
   5462.47070   1.83511E-13
   5463.94482   1.54850E-13
   5465.41846   1.48347E-13
   5466.89209   1.54647E-13
   5468.36621   1.32303E-13
   5469.83984   1.42865E-13
   5471.31396   1.30779E-13
   5472.78760   1.57939E-13
   5474.26172   1.41322E-13
   5475.73535   1.39009E-13
   5477.20947   1.33947E-13
   5478.68311   1.44734E-13
   5480.15723   1.51620E-13
   5481.63086   1.32024E-13
   5483.10498   1.50757E-13
   5484.57861   1.78142E-13
   5486.05225   1.71975E-13
   5487.52637   1.57435E-13
   5489.00000   1.42436E-13
   5490.47412   1.58976E-13
   5491.94775   1.50243E-13
   5493.42188   1.44234E-13
   5494.89551   1.50216E-13
   5496.36963   1.43848E-13
   5497.84326   1.29547E-13
   5499.31738   1.44917E-13
   5500.79102   1.34188E-13
   5502.26514   1.20983E-13
   5503.73877   1.22938E-13
   5505.21240   1.22562E-13
   5506.68652   1.40529E-13
   5508.16016   1.44053E-13
   5509.63428   1.40453E-13
   5511.10791   1.34840E-13
   5512.58203   1.21464E-13
   5514.05566   1.37039E-13
   5515.52979   1.51318E-13
   5517.00342   1.57688E-13
   5518.47754   1.59942E-13
   5519.95117   1.39157E-13
   5521.42529   1.41454E-13
   5522.89893   1.44518E-13
   5524.37256   1.45012E-13
   5525.84668   1.71321E-13
   5527.32031   1.97034E-13
   5528.79443   1.90379E-13
   5530.26807   1.68955E-13
   5531.74219   1.59574E-13
   5533.21582   1.73013E-13
   5534.68994   1.87579E-13
   5536.16357   1.95075E-13
   5537.63770   1.83735E-13
   5539.11133   1.40770E-13
   5540.58545   1.46261E-13
   5542.05908   1.43136E-13
   5543.53271   1.42498E-13
   5545.00684   1.63321E-13
   5546.48047   1.42712E-13
   5547.95459   1.42273E-13
   5549.42822   1.58984E-13
   5550.90234   1.39382E-13
   5552.37598   1.48544E-13
   5553.85010   1.58335E-13
   5555.32373   1.47821E-13
   5556.79785   1.35808E-13
   5558.27148   1.31803E-13
   5559.74561   1.36024E-13
   5561.21924   1.42430E-13
   5562.69287   1.45660E-13
   5564.16699   1.49096E-13
   5565.64062   1.52676E-13
   5567.11475   1.58159E-13
   5568.58838   1.37409E-13
   5570.06250   1.35732E-13
   5571.53613   1.42371E-13
   5573.01025   1.33756E-13
   5574.48389   1.42098E-13
   5575.95801   1.61334E-13
   5577.43164   1.94606E-13
   5578.90576   1.82657E-13
   5580.37939   1.64507E-13
   5581.85303   1.63749E-13
   5583.32715   1.61289E-13
   5584.80078   1.79699E-13
   5586.27490   1.86071E-13
   5587.74854   1.84339E-13
   5589.22266   1.54994E-13
   5590.69629   1.62422E-13
   5592.17041   1.66963E-13
   5593.64404   1.61494E-13
   5595.11816   1.58045E-13
   5596.59180   1.54943E-13
   5598.06592   1.30849E-13
   5599.53955   1.36553E-13
   5601.01318   1.33493E-13
   5602.48730   1.52620E-13
   5603.96094   1.46501E-13
   5605.43506   1.47149E-13
   5606.90869   1.60334E-13
   5608.38281   1.44105E-13
   5609.85645   1.38663E-13
   5611.33057   1.57176E-13
   5612.80420   1.42070E-13
   5614.27832   1.87304E-13
   5615.75195   2.69994E-13
   5617.22607   4.30185E-13
   5618.69971   4.92736E-13
   5620.17334   4.91710E-13
   5621.64746   3.84865E-13
   5623.12109   2.44107E-13
   5624.59521   1.60732E-13
   5626.06885   1.54516E-13
   5627.54297   1.55423E-13
   5629.01660   1.85659E-13
   5630.49072   2.27523E-13
   5631.96436   2.17627E-13
   5633.43848   2.09310E-13
   5634.91211   1.80902E-13
   5636.38623   1.45139E-13
   5637.85986   1.36575E-13
   5639.33350   1.39634E-13
   5640.80762   1.31520E-13
   5642.28125   1.34530E-13
   5643.75537   1.44858E-13
   5645.22900   1.48041E-13
   5646.70312   1.46916E-13
   5648.17676   1.48600E-13
   5649.65088   1.23498E-13
   5651.12451   1.58856E-13
   5652.59863   1.38135E-13
   5654.07227   1.44217E-13
   5655.54639   1.39812E-13
   5657.02002   1.50744E-13
   5658.49365   1.59979E-13
   5659.96777   1.54143E-13
   5661.44141   1.45433E-13
   5662.91553   1.52716E-13
   5664.38916   1.47078E-13
   5665.86328   1.40489E-13
   5667.33691   1.41629E-13
   5668.81104   1.54584E-13
   5670.28467   1.67523E-13
   5671.75879   1.68032E-13
   5673.23242   1.60215E-13
   5674.70654   2.04271E-13
   5676.18018   2.13003E-13
   5677.65381   2.57421E-13
   5679.12793   2.28722E-13
   5680.60156   1.95662E-13
   5682.07568   1.71539E-13
   5683.54932   1.57747E-13
   5685.02344   1.40833E-13
   5686.49707   1.32034E-13
   5687.97119   1.40536E-13
   5689.44482   1.47828E-13
   5690.91895   1.52879E-13
   5692.39258   1.43617E-13
   5693.86670   1.36384E-13
   5695.34033   1.35238E-13
   5696.81396   1.45981E-13
   5698.28809   1.52387E-13
   5699.76172   1.56084E-13
   5701.23584   1.55134E-13
   5702.70947   1.49440E-13
   5704.18359   1.39554E-13
   5705.65723   1.42238E-13
   5707.13135   1.49081E-13
   5708.60498   1.46365E-13
   5710.07910   1.39713E-13
   5711.55273   1.55724E-13
   5713.02686   1.42102E-13
   5714.50049   1.60009E-13
   5715.97412   2.07236E-13
   5717.44824   5.23062E-13
   5718.92188   1.11613E-12
   5720.39600   1.76123E-12
   5721.86963   2.10349E-12
   5723.34375   1.87544E-12
   5724.81738   1.28210E-12
   5726.29150   6.60878E-13
   5727.76514   2.93608E-13
   5729.23926   1.83063E-13
   5730.71289   1.61514E-13
   5732.18701   1.42335E-13
   5733.66064   1.53876E-13
   5735.13428   1.53335E-13
   5736.60840   1.32062E-13
   5738.08203   1.46707E-13
   5739.55615   1.60088E-13
   5741.02979   1.46514E-13
   5742.50391   1.45728E-13
   5743.97754   1.55573E-13
   5745.45166   1.65728E-13
   5746.92529   1.73262E-13
   5748.39941   1.80871E-13
   5749.87305   2.84921E-13
   5751.34717   4.88251E-13
   5752.82080   6.71646E-13
   5754.29443   7.24814E-13
   5755.76855   6.21107E-13
   5757.24219   4.00362E-13
   5758.71631   2.18510E-13
   5760.18994   1.66006E-13
   5761.66406   1.55751E-13
   5763.13770   1.44050E-13
   5764.61182   1.50499E-13
   5766.08545   1.57524E-13
   5767.55957   1.43241E-13
   5769.03320   1.54308E-13
   5770.50732   1.50767E-13
   5771.98096   1.50246E-13
   5773.45459   1.45677E-13
   5774.92871   1.49300E-13
   5776.40234   1.60256E-13
   5777.87646   1.53409E-13
   5779.35010   1.55726E-13
   5780.82422   1.57930E-13
   5782.29785   1.55275E-13
   5783.77197   1.59230E-13
   5785.24561   1.47358E-13
   5786.71973   1.50940E-13
   5788.19336   1.62755E-13
   5789.66748   1.59519E-13
   5791.14111   1.56493E-13
   5792.61475   1.66231E-13
   5794.08887   1.56610E-13
   5795.56250   1.52028E-13
   5797.03662   1.68511E-13
   5798.51025   1.73395E-13
   5799.98438   1.85539E-13
   5801.45801   1.95801E-13
   5802.93213   1.86166E-13
   5804.40576   1.85774E-13
   5805.87988   1.65990E-13
   5807.35352   1.63890E-13
   5808.82764   1.71545E-13
   5810.30127   1.70362E-13
   5811.77490   1.59786E-13
   5813.24902   1.76810E-13
   5814.72266   1.85636E-13
   5816.19678   1.62603E-13
   5817.67041   1.44712E-13
   5819.14453   1.60729E-13
   5820.61816   1.60706E-13
   5822.09229   1.75402E-13
   5823.56592   1.60632E-13
   5825.04004   1.60757E-13
   5826.51367   1.66182E-13
   5827.98779   1.51076E-13
   5829.46143   1.65970E-13
   5830.93506   1.68050E-13
   5832.40918   1.67110E-13
   5833.88281   1.52338E-13
   5835.35693   1.66253E-13
   5836.83057   1.66647E-13
   5838.30469   1.54106E-13
   5839.77832   1.61064E-13
   5841.25244   1.57263E-13
   5842.72607   1.65868E-13
   5844.20020   1.37881E-13
   5845.67383   1.65489E-13
   5847.14795   1.52025E-13
   5848.62158   1.52391E-13
   5850.09521   1.45174E-13
   5851.56934   1.55398E-13
   5853.04297   1.25718E-13
   5854.51709   1.32467E-13
   5855.99072   1.61183E-13
   5857.46484   1.48865E-13
   5858.93848   1.66027E-13
   5860.41260   1.47856E-13
   5861.88623   1.42464E-13
   5863.36035   1.41918E-13
   5864.83398   1.49808E-13
   5866.30811   1.60246E-13
   5867.78174   1.50565E-13
   5869.25537   1.59523E-13
   5870.72949   2.16116E-13
   5872.20312   4.25355E-13
   5873.67725   9.25900E-13
   5875.15088   1.41187E-12
   5876.62500   1.51358E-12
   5878.09863   1.22480E-12
   5879.57275   7.31768E-13
   5881.04639   3.11865E-13
   5882.52051   1.82586E-13
   5883.99414   1.56252E-13
   5885.46826   1.42800E-13
   5886.94189   1.57262E-13
   5888.41553   1.39873E-13
   5889.88965   1.18064E-13
   5891.36328   1.47711E-13
   5892.83740   1.16515E-13
   5894.31104   1.39298E-13
   5895.78516   1.52763E-13
   5897.25879   1.36833E-13
   5898.73291   1.30724E-13
   5900.20654   1.47397E-13
   5901.68066   1.44673E-13
   5903.15430   1.47387E-13
   5904.62842   1.51389E-13
   5906.10205   1.36694E-13
   5907.57568   1.34662E-13
   5909.04980   1.31401E-13
   5910.52344   1.47161E-13
   5911.99756   1.72155E-13
   5913.47119   1.64727E-13
   5914.94531   1.49965E-13
   5916.41895   1.55830E-13
   5917.89307   1.46410E-13
   5919.36670   1.48461E-13
   5920.84082   1.34942E-13
   5922.31445   1.32003E-13
   5923.78857   1.37558E-13
   5925.26221   1.39214E-13
   5926.73584   1.51774E-13
   5928.20996   1.47998E-13
   5929.68359   1.65825E-13
   5931.15771   1.64213E-13
   5932.63135   1.51155E-13
   5934.10547   1.51543E-13
   5935.57910   1.51172E-13
   5937.05322   1.52122E-13
   5938.52686   1.38119E-13
   5940.00098   1.57699E-13
   5941.47461   1.63200E-13
   5942.94873   1.43726E-13
   5944.42236   1.45609E-13
   5945.89600   1.63351E-13
   5947.37012   1.60599E-13
   5948.84375   1.47653E-13
   5950.31787   1.71008E-13
   5951.79150   1.73717E-13
   5953.26562   1.80936E-13
   5954.73926   1.75618E-13
   5956.21338   1.67592E-13
   5957.68701   1.53844E-13
   5959.16113   1.46832E-13
   5960.63477   1.52672E-13
   5962.10889   1.57432E-13
   5963.58252   1.54802E-13
   5965.05615   1.60881E-13
   5966.53027   1.50039E-13
   5968.00391   1.50167E-13
   5969.47803   1.47351E-13
   5970.95166   1.55655E-13
   5972.42578   1.47444E-13
   5973.89941   1.56401E-13
   5975.37354   1.77522E-13
   5976.84717   1.67221E-13
   5978.32129   1.73015E-13
   5979.79492   1.72246E-13
   5981.26904   1.69576E-13
   5982.74268   1.78386E-13
   5984.21631   1.65551E-13
   5985.69043   1.39600E-13
   5987.16406   1.45921E-13
   5988.63818   1.71474E-13
   5990.11182   1.76389E-13
   5991.58594   1.74676E-13
   5993.05957   1.75739E-13
   5994.53369   1.78078E-13
   5996.00732   1.66926E-13
   5997.48145   1.57472E-13
   5998.95508   1.57101E-13
   6000.42920   1.53582E-13
   6001.90283   1.76615E-13
   6003.37646   1.80370E-13
   6004.85059   1.77274E-13
   6006.32422   1.73286E-13
   6007.79834   1.65909E-13
   6009.27197   1.62101E-13
   6010.74609   1.50680E-13
   6012.21973   1.73382E-13
   6013.69385   1.66614E-13
   6015.16748   1.66588E-13
   6016.64160   1.91901E-13
   6018.11523   1.71546E-13
   6019.58936   1.69889E-13
   6021.06299   1.73258E-13
   6022.53662   1.67257E-13
   6024.01074   1.42151E-13
   6025.48438   1.57924E-13
   6026.95850   1.66139E-13
   6028.43213   1.60019E-13
   6029.90625   1.69943E-13
   6031.37988   1.62171E-13
   6032.85400   1.70983E-13
   6034.32764   1.71088E-13
   6035.80176   1.92075E-13
   6037.27539   1.78220E-13
   6038.74951   1.97466E-13
   6040.22314   1.69339E-13
   6041.69678   1.86157E-13
   6043.17090   1.83142E-13
   6044.64453   1.67146E-13
   6046.11865   1.80476E-13
   6047.59229   1.72013E-13
   6049.06641   1.81760E-13
   6050.54004   1.84254E-13
   6052.01416   1.79528E-13
   6053.48779   1.70980E-13
   6054.96191   1.71311E-13
   6056.43555   1.57775E-13
   6057.90967   1.44092E-13
   6059.38330   1.83775E-13
   6060.85742   1.62825E-13
   6062.33105   1.80700E-13
   6063.80469   1.69311E-13
   6065.27881   1.76202E-13
   6066.75244   1.66393E-13
   6068.22656   1.85614E-13
   6069.70020   1.86181E-13
   6071.17432   1.95322E-13
   6072.64795   2.06948E-13
   6074.12207   1.95057E-13
   6075.59570   2.00008E-13
   6077.06982   1.94228E-13
   6078.54346   1.93995E-13
   6080.01758   2.12329E-13
   6081.49121   2.82904E-13
   6082.96484   7.01510E-13
   6084.43896   1.72857E-12
   6085.91260   2.95066E-12
   6087.38672   3.73613E-12
   6088.86035   3.51930E-12
   6090.33447   2.44271E-12
   6091.80811   1.31752E-12
   6093.28223   5.34091E-13
   6094.75586   2.52090E-13
   6096.22998   1.99238E-13
   6097.70361   2.02745E-13
   6099.17773   2.05174E-13
   6100.65137   1.86001E-13
   6102.12500   2.24340E-13
   6103.59912   2.10851E-13
   6105.07275   2.22301E-13
   6106.54688   2.28661E-13
   6108.02051   2.26257E-13
   6109.49463   2.24716E-13
   6110.96826   1.85942E-13
   6112.44238   1.86442E-13
   6113.91602   2.00324E-13
   6115.39014   1.89486E-13
   6116.86377   2.03849E-13
   6118.33789   2.00504E-13
   6119.81152   2.11231E-13
   6121.28516   2.08327E-13
   6122.75928   2.15561E-13
   6124.23291   1.93005E-13
   6125.70703   2.03923E-13
   6127.18066   2.09255E-13
   6128.65479   1.95521E-13
   6130.12842   1.94653E-13
   6131.60254   2.04462E-13
   6133.07617   1.91264E-13
   6134.55029   1.91270E-13
   6136.02393   1.84702E-13
   6137.49805   1.72483E-13
   6138.97168   2.04744E-13
   6140.44531   1.92657E-13
   6141.91943   1.81081E-13
   6143.39307   1.78933E-13
   6144.86719   1.93811E-13
   6146.34082   1.90453E-13
   6147.81494   1.98539E-13
   6149.28857   2.23277E-13
   6150.76270   2.00274E-13
   6152.23633   1.80583E-13
   6153.71045   1.93286E-13
   6155.18408   1.83958E-13
   6156.65820   1.79517E-13
   6158.13184   1.89254E-13
   6159.60547   1.79770E-13
   6161.07959   1.84217E-13
   6162.55322   1.81954E-13
   6164.02734   1.77325E-13
   6165.50098   2.00110E-13
   6166.97510   1.92284E-13
   6168.44873   1.99403E-13
   6169.92285   2.14932E-13
   6171.39648   2.14984E-13
   6172.87061   2.06303E-13
   6174.34424   2.01913E-13
   6175.81836   1.92698E-13
   6177.29199   1.61436E-13
   6178.76562   1.65480E-13
   6180.23975   1.64469E-13
   6181.71338   1.67624E-13
   6183.18750   1.76194E-13
   6184.66113   1.82220E-13
   6186.13525   1.72556E-13
   6187.60889   1.51901E-13
   6189.08301   1.72343E-13
   6190.55664   1.75171E-13
   6192.03076   1.63698E-13
   6193.50439   1.67099E-13
   6194.97852   1.59781E-13
   6196.45215   1.74464E-13
   6197.92578   1.70484E-13
   6199.39990   1.63802E-13
   6200.87354   1.72476E-13
   6202.34766   1.64250E-13
   6203.82129   1.60608E-13
   6205.29541   1.76651E-13
   6206.76904   1.69631E-13
   6208.24316   1.69087E-13
   6209.71680   1.57774E-13
   6211.19092   1.54903E-13
   6212.66455   1.59167E-13
   6214.13867   1.71612E-13
   6215.61230   1.73628E-13
   6217.08594   1.60408E-13
   6218.56006   1.68112E-13
   6220.03369   1.75637E-13
   6221.50781   1.71482E-13
   6222.98145   1.72886E-13
   6224.45557   1.77063E-13
   6225.92920   1.70931E-13
   6227.40332   1.63526E-13
   6228.87695   1.95397E-13
   6230.35107   2.24456E-13
   6231.82471   2.15172E-13
   6233.29883   2.20119E-13
   6234.77246   2.10800E-13
   6236.24609   2.17577E-13
   6237.72021   2.01123E-13
   6239.19385   1.85312E-13
   6240.66797   2.36091E-13
   6242.14160   1.91598E-13
   6243.61572   1.82966E-13
   6245.08936   1.76711E-13
   6246.56348   1.97255E-13
   6248.03711   2.19372E-13
   6249.51123   2.13318E-13
   6250.98486   2.19379E-13
   6252.45898   1.84265E-13
   6253.93262   1.93916E-13
   6255.40625   1.82038E-13
   6256.88037   1.72428E-13
   6258.35400   1.78026E-13
   6259.82812   2.03409E-13
   6261.30176   1.90107E-13
   6262.77588   1.82251E-13
   6264.24951   2.06538E-13
   6265.72363   1.84107E-13
   6267.19727   1.74950E-13
   6268.67139   1.74588E-13
   6270.14502   1.81529E-13
   6271.61914   1.80607E-13
   6273.09277   1.61133E-13
   6274.56641   1.71484E-13
   6276.04053   1.86157E-13
   6277.51416   1.72803E-13
   6278.98828   1.62196E-13
   6280.46191   1.70683E-13
   6281.93604   1.75576E-13
   6283.40967   1.65797E-13
   6284.88379   1.67234E-13
   6286.35742   1.60164E-13
   6287.83154   1.62042E-13
   6289.30518   1.70270E-13
   6290.77930   1.85861E-13
   6292.25293   1.80201E-13
   6293.72656   2.02788E-13
   6295.20068   1.75979E-13
   6296.67432   2.46879E-13
   6298.14844   3.90635E-13
   6299.62207   5.96451E-13
   6301.09619   6.54637E-13
   6302.56982   6.26809E-13
   6304.04395   4.02608E-13
   6305.51758   2.28998E-13
   6306.99170   2.18184E-13
   6308.46533   2.71967E-13
   6309.93945   3.46464E-13
   6311.41309   3.99213E-13
   6312.88672   3.70197E-13
   6314.36084   3.13796E-13
   6315.83447   2.58910E-13
   6317.30859   2.19997E-13
   6318.78223   2.26267E-13
   6320.25635   2.32630E-13
   6321.72998   2.07754E-13
   6323.20410   1.91851E-13
   6324.67773   1.77350E-13
   6326.15186   1.74383E-13
   6327.62549   1.81415E-13
   6329.09961   1.94915E-13
   6330.57324   1.83671E-13
   6332.04688   1.94277E-13
   6333.52100   1.76869E-13
   6334.99463   1.80708E-13
   6336.46875   1.86207E-13
   6337.94238   1.95865E-13
   6339.41650   1.86059E-13
   6340.89014   1.85097E-13
   6342.36426   1.88452E-13
   6343.83789   2.06331E-13
   6345.31201   2.23834E-13
   6346.78564   2.19729E-13
   6348.25977   2.32150E-13
   6349.73340   2.19560E-13
   6351.20703   1.97289E-13
   6352.68115   2.02106E-13
   6354.15479   1.92965E-13
   6355.62891   1.90535E-13
   6357.10254   1.98916E-13
   6358.57666   2.00763E-13
   6360.05029   2.02790E-13
   6361.52441   2.74959E-13
   6362.99805   3.24455E-13
   6364.47217   3.36600E-13
   6365.94580   3.19485E-13
   6367.41992   2.95772E-13
   6368.89355   2.56003E-13
   6370.36719   2.60720E-13
   6371.84131   2.85462E-13
   6373.31494   2.45076E-13
   6374.78906   2.25498E-13
   6376.26270   2.37972E-13
   6377.73682   2.12445E-13
   6379.21045   2.22893E-13
   6380.68457   2.28919E-13
   6382.15820   2.23035E-13
   6383.63232   2.64128E-13
   6385.10596   2.73681E-13
   6386.58008   2.48031E-13
   6388.05371   2.23846E-13
   6389.52734   2.18997E-13
   6391.00146   2.16431E-13
   6392.47510   2.09474E-13
   6393.94922   2.09347E-13
   6395.42285   2.12526E-13
   6396.89697   2.10009E-13
   6398.37061   2.14045E-13
   6399.84473   2.24153E-13
   6401.31836   2.24446E-13
   6402.79248   2.44602E-13
   6404.26611   2.71166E-13
   6405.74023   2.89897E-13
   6407.21387   2.92466E-13
   6408.68750   2.80133E-13
   6410.16162   2.52927E-13
   6411.63525   2.32925E-13
   6413.10938   2.25535E-13
   6414.58301   2.37825E-13
   6416.05713   2.28194E-13
   6417.53076   2.36416E-13
   6419.00488   2.28597E-13
   6420.47852   2.27020E-13
   6421.95264   2.17776E-13
   6423.42627   1.98486E-13
   6424.90039   2.03743E-13
   6426.37402   2.14347E-13
   6427.84766   2.15164E-13
   6429.32178   2.10513E-13
   6430.79541   2.44158E-13
   6432.26953   3.09510E-13
   6433.74316   3.42145E-13
   6435.21729   3.52221E-13
   6436.69092   3.55616E-13
   6438.16504   3.18289E-13
   6439.63867   2.66477E-13
   6441.11279   2.73321E-13
   6442.58643   2.58562E-13
   6444.06055   2.63941E-13
   6445.53418   2.33075E-13
   6447.00781   2.27290E-13
   6448.48193   2.21119E-13
   6449.95557   2.16808E-13
   6451.42969   2.11448E-13
   6452.90332   2.30731E-13
   6454.37744   2.57507E-13
   6455.85107   2.97023E-13
   6457.32520   3.16821E-13
   6458.79883   2.90888E-13
   6460.27295   2.74473E-13
   6461.74658   2.42614E-13
   6463.22070   2.50765E-13
   6464.69434   2.45018E-13
   6466.16797   2.56158E-13
   6467.64209   2.62536E-13
   6469.11572   2.81518E-13
   6470.58984   2.61643E-13
   6472.06348   2.68195E-13
   6473.53760   2.80718E-13
   6475.01123   2.83098E-13
   6476.48535   2.70340E-13
   6477.95898   2.56270E-13
   6479.43311   2.46460E-13
   6480.90674   2.81241E-13
   6482.38086   2.26231E-13
   6483.85449   2.66974E-13
   6485.32812   2.36405E-13
   6486.80225   2.36175E-13
   6488.27588   2.54974E-13
   6489.75000   2.66419E-13
   6491.22363   2.73115E-13
   6492.69775   3.00001E-13
   6494.17139   2.80789E-13
   6495.64551   2.87348E-13
   6497.11914   2.80948E-13
   6498.59326   2.76869E-13
   6500.06689   3.12252E-13
   6501.54102   3.36553E-13
   6503.01465   3.07683E-13
   6504.48828   2.93981E-13
   6505.96240   3.43103E-13
   6507.43604   2.73584E-13
   6508.91016   3.01794E-13
   6510.38379   3.20752E-13
   6511.85791   3.18393E-13
   6513.33154   2.98320E-13
   6514.80566   3.53653E-13
   6516.27930   4.10975E-13
   6517.75342   4.20903E-13
   6519.22705   3.94484E-13
   6520.70117   3.82923E-13
   6522.17480   3.79909E-13
   6523.64844   3.79522E-13
   6525.12256   4.21376E-13
   6526.59619   4.80935E-13
   6528.07031   5.40852E-13
   6529.54395   5.15884E-13
   6531.01807   4.82673E-13
   6532.49170   5.02676E-13
   6533.96582   5.07717E-13
   6535.43945   5.28220E-13
   6536.91357   5.58566E-13
   6538.38721   6.31177E-13
   6539.86133   6.90955E-13
   6541.33496   7.60971E-13
   6542.80859   8.47371E-13
   6544.28271   9.93179E-13
   6545.75635   1.22491E-12
   6547.23047   1.34283E-12
   6548.70410   1.48063E-12
   6550.17822   1.55180E-12
   6551.65186   1.71197E-12
   6553.12598   2.07437E-12
   6554.59961   2.75374E-12
   6556.07373   3.99115E-12
   6557.54736   7.12300E-12
   6559.02148   1.54096E-11
   6560.49512   2.66453E-11
   6561.96875   3.54346E-11
   6563.44287   3.85616E-11
   6564.91650   3.22227E-11
   6566.39062   2.20344E-11
   6567.86426   1.38168E-11
   6569.33838   8.07937E-12
   6570.81201   4.87449E-12
   6572.28613   3.30044E-12
   6573.75977   2.45426E-12
   6575.23389   1.91649E-12
   6576.70752   1.54815E-12
   6578.18164   1.36186E-12
   6579.65527   1.47094E-12
   6581.12891   1.62223E-12
   6582.60303   1.64270E-12
   6584.07666   1.50328E-12
   6585.55078   1.12201E-12
   6587.02441   8.03477E-13
   6588.49854   6.54776E-13
   6589.97217   6.14835E-13
   6591.44629   5.65393E-13
   6592.91992   4.98951E-13
   6594.39404   4.88233E-13
   6595.86768   4.71114E-13
   6597.34180   4.75590E-13
   6598.81543   4.45434E-13
   6600.28906   4.23693E-13
   6601.76318   3.90855E-13
   6603.23682   3.62634E-13
   6604.71094   3.80534E-13
   6606.18457   3.57509E-13
   6607.65869   3.39328E-13
   6609.13232   3.43149E-13
   6610.60645   3.30778E-13
   6612.08008   3.08821E-13
   6613.55420   2.95629E-13
   6615.02783   3.03035E-13
   6616.50195   3.14601E-13
   6617.97559   3.09684E-13
   6619.44922   3.07113E-13
   6620.92334   3.03285E-13
   6622.39697   3.01763E-13
   6623.87109   2.94386E-13
   6625.34473   2.80210E-13
   6626.81885   2.94850E-13
   6628.29248   3.06903E-13
   6629.76660   2.96654E-13
   6631.24023   2.73703E-13
   6632.71436   2.51132E-13
   6634.18799   2.62952E-13
   6635.66211   2.48612E-13
   6637.13574   2.39530E-13
   6638.60938   2.52860E-13
   6640.08350   2.61141E-13
   6641.55713   2.62431E-13
   6643.03125   2.44751E-13
   6644.50488   2.59674E-13
   6645.97900   2.64189E-13
   6647.45264   2.55990E-13
   6648.92676   2.52816E-13
   6650.40039   2.48172E-13
   6651.87451   2.22292E-13
   6653.34814   2.32243E-13
   6654.82227   2.26028E-13
   6656.29590   2.27285E-13
   6657.76953   2.26540E-13
   6659.24365   2.26459E-13
   6660.71729   2.20197E-13
   6662.19141   2.23186E-13
   6663.66504   2.48762E-13
   6665.13916   2.46207E-13
   6666.61279   2.44995E-13
   6668.08691   2.61011E-13
   6669.56055   2.46353E-13
   6671.03467   2.49455E-13
   6672.50830   2.44319E-13
   6673.98242   2.69471E-13
   6675.45605   4.18924E-13
   6676.92969   7.70588E-13
   6678.40381   9.27831E-13
   6679.87744   9.23565E-13
   6681.35156   7.40090E-13
   6682.82520   4.67610E-13
   6684.29932   3.41278E-13
   6685.77295   3.13330E-13
   6687.24707   2.93529E-13
   6688.72070   2.71944E-13
   6690.19482   2.80501E-13
   6691.66846   2.54189E-13
   6693.14258   2.33785E-13
   6694.61621   2.35783E-13
   6696.08984   2.20447E-13
   6697.56396   2.25776E-13
   6699.03760   2.06457E-13
   6700.51172   2.13776E-13
   6701.98535   2.25764E-13
   6703.45947   2.19287E-13
   6704.93311   2.28685E-13
   6706.40723   2.22050E-13
   6707.88086   2.17639E-13
   6709.35498   2.17251E-13
   6710.82861   2.19379E-13
   6712.30273   2.40445E-13
   6713.77637   2.20056E-13
   6715.25000   2.12482E-13
   6716.72412   2.10374E-13
   6718.19775   1.98483E-13
   6719.67188   1.97642E-13
   6721.14551   2.12470E-13
   6722.61963   2.09945E-13
   6724.09326   1.97975E-13
   6725.56738   2.15130E-13
   6727.04102   2.27520E-13
   6728.51514   2.18308E-13
   6729.98877   2.40624E-13
   6731.46289   1.96908E-13
   6732.93652   2.11522E-13
   6734.41016   2.14325E-13
   6735.88428   2.17505E-13
   6737.35791   2.06944E-13
   6738.83203   1.93415E-13
   6740.30566   2.14581E-13
   6741.77979   2.24558E-13
   6743.25342   2.31029E-13
   6744.72754   2.24403E-13
   6746.20117   2.26470E-13
   6747.67529   2.34770E-13
   6749.14893   2.19663E-13
   6750.62305   2.24292E-13
   6752.09668   2.04679E-13
   6753.57031   2.16179E-13
   6755.04443   2.20891E-13
   6756.51807   2.05353E-13
   6757.99219   2.32696E-13
   6759.46582   2.31441E-13
   6760.93994   2.14254E-13
   6762.41357   2.17546E-13
   6763.88770   2.28892E-13
   6765.36133   2.29657E-13
   6766.83545   2.25529E-13
   6768.30908   2.13509E-13
   6769.78320   2.28722E-13
   6771.25684   2.36206E-13
   6772.73047   2.29649E-13
   6774.20459   2.23545E-13
   6775.67822   2.34643E-13
   6777.15234   2.52533E-13
   6778.62598   2.27205E-13
   6780.10010   2.11429E-13
   6781.57373   2.07272E-13
   6783.04785   2.13213E-13
   6784.52148   2.07654E-13
   6785.99561   2.07221E-13
   6787.46924   2.30272E-13
   6788.94336   2.41820E-13
   6790.41699   2.28050E-13
   6791.89062   2.35494E-13
   6793.36475   2.58458E-13
   6794.83838   2.43344E-13
   6796.31250   2.15441E-13
   6797.78613   2.34952E-13
   6799.26025   2.52117E-13
   6800.73389   2.44755E-13
   6802.20801   2.27523E-13
   6803.68164   2.33109E-13
   6805.15576   2.25757E-13
   6806.62939   2.42269E-13
   6808.10352   2.39284E-13
   6809.57715   2.44232E-13
   6811.05078   2.60255E-13
   6812.52490   2.76816E-13
   6813.99854   2.98370E-13
   6815.47266   3.18617E-13
   6816.94629   3.49690E-13
   6818.42041   4.21337E-13
   6819.89404   5.39506E-13
   6821.36816   6.52903E-13
   6822.84180   7.84854E-13
   6824.31592   8.62448E-13
   6825.78955   8.95685E-13
   6827.26367   9.27969E-13
   6828.73730   9.66856E-13
   6830.21094   1.01547E-12
   6831.68506   9.81237E-13
   6833.15869   9.46841E-13
   6834.63281   8.65039E-13
   6836.10645   7.40998E-13
   6837.58057   6.28053E-13
   6839.05420   5.46122E-13
   6840.52832   4.73145E-13
   6842.00195   4.22256E-13
   6843.47607   4.28719E-13
   6844.94971   4.20696E-13
   6846.42383   4.82108E-13
   6847.89746   5.33696E-13
   6849.37109   4.66411E-13
   6850.84521   4.41403E-13
   6852.31885   3.61661E-13
   6853.79297   2.99738E-13
   6855.26660   2.81174E-13
   6856.74072   2.63857E-13
   6858.21436   2.65889E-13
   6859.68848   2.87003E-13
   6861.16211   2.85738E-13
   6862.63623   2.60162E-13
   6864.10986   2.45882E-13
   6865.58398   2.36642E-13
   6867.05762   2.11817E-13
   6868.53125   1.94653E-13
   6870.00537   1.78453E-13
   6871.47900   1.95683E-13
   6872.95312   2.06679E-13
   6874.42676   2.14172E-13
   6875.90088   2.14614E-13
   6877.37451   2.13799E-13
   6878.84863   2.58224E-13
   6880.32227   2.75077E-13
   6881.79639   2.70776E-13
   6883.27002   2.83618E-13
   6884.74414   2.78235E-13
   6886.21777   2.46119E-13
   6887.69141   2.94472E-13
   6889.16553   3.31287E-13
   6890.63916   3.47431E-13
   6892.11328   3.67077E-13
   6893.58691   3.47530E-13
   6895.06104   3.03399E-13
   6896.53467   2.75621E-13
   6898.00879   2.87643E-13
   6899.48242   2.80115E-13
   6900.95654   2.61381E-13
   6902.43018   2.53105E-13
   6903.90430   2.70848E-13
   6905.37793   2.83630E-13
   6906.85156   2.85238E-13
   6908.32568   2.86516E-13
   6909.79932   3.10856E-13
   6911.27344   3.15594E-13
   6912.74707   3.01382E-13
   6914.22119   3.21164E-13
   6915.69482   3.16941E-13
   6917.16895   3.13184E-13
   6918.64258   2.94196E-13
   6920.11670   3.01801E-13
   6921.59033   2.89756E-13
   6923.06445   2.91655E-13
   6924.53809   3.05178E-13
   6926.01221   2.87491E-13
   6927.48584   3.01024E-13
   6928.95947   3.14315E-13
   6930.43359   3.13977E-13
   6931.90723   3.12466E-13
   6933.38135   3.14431E-13
   6934.85498   3.09684E-13
   6936.32910   3.00510E-13
   6937.80273   3.27037E-13
   6939.27686   3.21711E-13
   6940.75049   3.19147E-13
   6942.22461   3.45705E-13
   6943.69824   3.26899E-13
   6945.17236   3.48086E-13
   6946.64600   3.49151E-13
   6948.11963   3.36231E-13
   6949.59375   3.33265E-13
   6951.06738   3.29751E-13
   6952.54150   3.19270E-13
   6954.01514   3.17826E-13
   6955.48926   3.33261E-13
   6956.96289   3.43806E-13
   6958.43701   3.29094E-13
   6959.91064   3.58537E-13
   6961.38477   3.67341E-13
   6962.85840   3.48143E-13
   6964.33252   3.71233E-13
   6965.80615   3.62788E-13
   6967.27979   3.45406E-13
   6968.75391   3.69257E-13
   6970.22754   3.65157E-13
   6971.70166   3.81496E-13
   6973.17529   3.93263E-13
   6974.64941   3.87351E-13
   6976.12305   3.85334E-13
   6977.59717   3.75147E-13
   6979.07080   3.90854E-13
   6980.54492   3.93353E-13
   6982.01855   4.19223E-13
   6983.49268   4.21228E-13
   6984.96631   3.99547E-13
   6986.43994   3.91024E-13
   6987.91406   3.93914E-13
   6989.38770   3.69059E-13
   6990.86182   4.04887E-13
   6992.33545   3.95982E-13
   6993.80957   3.95973E-13
   6995.28320   4.39212E-13
   6996.75732   4.04200E-13
   6998.23096   4.28889E-13
   6999.70508   4.90176E-13
   7001.17871   4.64383E-13
   7002.65283   4.70642E-13
   7004.12646   5.64819E-13
   7005.60010   6.31121E-13
   7007.07422   6.54557E-13
   7008.54785   6.27564E-13
   7010.02197   5.18120E-13
   7011.49561   4.66424E-13
   7012.96973   4.45890E-13
   7014.44336   4.28710E-13
   7015.91748   4.19103E-13
   7017.39111   3.82727E-13
   7018.86523   4.54045E-13
   7020.33887   4.42723E-13
   7021.81299   3.98229E-13
   7023.28662   4.24807E-13
   7024.76025   4.21239E-13
   7026.23438   4.06037E-13
   7027.70801   4.09751E-13
   7029.18213   4.30500E-13
   7030.65576   3.89488E-13
   7032.12988   4.21726E-13
   7033.60352   4.13271E-13
   7035.07764   4.23654E-13
   7036.55127   4.28122E-13
   7038.02539   3.90544E-13
   7039.49902   3.93700E-13
   7040.97314   4.01206E-13
   7042.44678   3.89559E-13
   7043.92041   4.05073E-13
   7045.39453   4.19507E-13
   7046.86816   4.30572E-13
   7048.34229   4.25238E-13
   7049.81592   4.33656E-13
   7051.29004   4.52487E-13
   7052.76367   4.21723E-13
   7054.23779   3.87495E-13
   7055.71143   3.23187E-13
   7057.18555   3.24170E-13
   7058.65918   3.02693E-13
   7060.13330   3.41401E-13
   7061.60693   5.21276E-13
   7063.08057   1.06723E-12
   7064.55469   1.82116E-12
   7066.02832   2.15027E-12
   7067.50244   1.99316E-12
   7068.97607   1.34641E-12
   7070.45020   6.14587E-13
   7071.92383   3.38910E-13
   7073.39795   3.01641E-13
   7074.87158   2.99998E-13
   7076.34570   3.23831E-13
   7077.81934   3.67665E-13
   7079.29346   3.73783E-13
   7080.76709   3.68686E-13
   7082.24072   3.77986E-13
   7083.71484   3.72987E-13
   7085.18848   4.06105E-13
   7086.66260   4.02404E-13
   7088.13623   4.39073E-13
   7089.61035   4.32242E-13
   7091.08398   4.65463E-13
   7092.55811   4.42092E-13
   7094.03174   4.14355E-13
   7095.50586   3.62411E-13
   7096.97949   3.19124E-13
   7098.45361   3.20825E-13
   7099.92725   2.86885E-13
   7101.40088   2.54808E-13
   7102.87500   2.81958E-13
   7104.34863   2.73838E-13
   7105.82275   2.75029E-13
   7107.29639   2.58452E-13
   7108.77051   2.59392E-13
   7110.24414   2.74184E-13
   7111.71826   2.74836E-13
   7113.19189   2.72630E-13
   7114.66602   2.65652E-13
   7116.13965   2.59117E-13
   7117.61377   2.87700E-13
   7119.08740   3.03126E-13
   7120.56104   2.73728E-13
   7122.03516   2.81278E-13
   7123.50879   2.90162E-13
   7124.98291   2.74459E-13
   7126.45654   2.66652E-13
   7127.93066   2.56114E-13
   7129.40430   2.50024E-13
   7130.87842   2.76318E-13
   7132.35205   3.61064E-13
   7133.82617   4.60417E-13
   7135.29980   5.19068E-13
   7136.77393   5.04008E-13
   7138.24756   4.07063E-13
   7139.72119   3.00693E-13
   7141.19531   2.38418E-13
   7142.66895   2.52561E-13
   7144.14307   2.68496E-13
   7145.61670   2.52956E-13
   7147.09082   2.64949E-13
   7148.56445   2.67785E-13
   7150.03857   2.56649E-13
   7151.51221   2.79450E-13
   7152.98633   3.33206E-13
   7154.45996   4.05157E-13
   7155.93408   4.10328E-13
   7157.40771   3.94830E-13
   7158.88135   3.37172E-13
   7160.35547   2.89182E-13
   7161.82910   2.77842E-13
   7163.30322   2.76380E-13
   7164.77686   2.61020E-13
   7166.25098   2.69903E-13
   7167.72461   3.02951E-13
   7169.19873   3.25565E-13
   7170.67236   3.69031E-13
   7172.14648   3.92099E-13
   7173.62012   3.83580E-13
   7175.09424   3.67602E-13
   7176.56787   3.81656E-13
   7178.04150   4.07929E-13
   7179.51562   4.25072E-13
   7180.98926   3.71114E-13
   7182.46338   2.99453E-13
   7183.93701   2.64845E-13
   7185.41113   2.57464E-13
   7186.88477   2.84655E-13
   7188.35889   2.89812E-13
   7189.83252   2.88479E-13
   7191.30664   2.80077E-13
   7192.78027   2.84450E-13
   7194.25439   2.78784E-13
   7195.72803   2.85306E-13
   7197.20166   2.91333E-13
   7198.67578   2.66133E-13
   7200.14941   2.67831E-13
   7201.62354   2.44113E-13
   7203.09717   2.64383E-13
   7204.57129   2.65017E-13
   7206.04492   2.87069E-13
   7207.51904   2.63554E-13
   7208.99268   2.80965E-13
   7210.46680   2.76806E-13
   7211.94043   2.77994E-13
   7213.41455   2.82715E-13
   7214.88818   2.93511E-13
   7216.36182   3.06871E-13
   7217.83594   2.99644E-13
   7219.30957   2.99734E-13
   7220.78369   3.07269E-13
   7222.25732   3.09562E-13
   7223.73145   3.23131E-13
   7225.20508   3.13959E-13
   7226.67920   3.02801E-13
   7228.15283   2.97033E-13
   7229.62695   3.09129E-13
   7231.10059   3.12866E-13
   7232.57471   3.03103E-13
   7234.04834   3.07842E-13
   7235.52197   3.21466E-13
   7236.99609   3.38059E-13
   7238.46973   3.52274E-13
   7239.94385   3.35512E-13
   7241.41748   3.12472E-13
   7242.89160   3.10173E-13
   7244.36523   2.98975E-13
   7245.83936   3.13693E-13
   7247.31299   3.18751E-13
   7248.78711   3.47126E-13
   7250.26074   3.30987E-13
   7251.73486   3.51355E-13
   7253.20850   3.37038E-13
   7254.68213   3.52460E-13
   7256.15625   3.58870E-13
   7257.62988   3.54463E-13
   7259.10400   3.71870E-13
   7260.57764   3.81532E-13
   7262.05176   3.58215E-13
   7263.52539   3.95604E-13
   7264.99951   3.97169E-13
   7266.47314   3.97665E-13
   7267.94727   3.80334E-13
   7269.42090   3.78781E-13
   7270.89502   3.64907E-13
   7272.36865   3.43251E-13
   7273.84229   3.19719E-13
   7275.31641   3.30515E-13
   7276.79004   3.80409E-13
   7278.26416   3.79355E-13
   7279.73779   5.02344E-13
   7281.21191   5.71352E-13
   7282.68555   6.02450E-13
   7284.15967   5.40687E-13
   7285.63330   4.60845E-13
   7287.10742   3.86331E-13
   7288.58105   3.97250E-13
   7290.05518   4.29825E-13
   7291.52881   4.87064E-13
   7293.00244   4.98234E-13
   7294.47656   5.11731E-13
   7295.95020   4.44742E-13
   7297.42432   4.23034E-13
   7298.89795   3.90097E-13
   7300.37207   4.18110E-13
   7301.84570   4.24157E-13
   7303.31982   4.37417E-13
   7304.79346   4.51361E-13
   7306.26758   4.41619E-13
   7307.74121   4.73444E-13
   7309.21533   4.86320E-13
   7310.68896   4.76145E-13
   7312.16260   4.59801E-13
   7313.63672   4.79872E-13
   7315.11035   4.80262E-13
   7316.58447   5.46449E-13
   7318.05811   5.99199E-13
   7319.53223   6.53868E-13
   7321.00586   6.42297E-13
   7322.47998   6.26968E-13
   7323.95361   6.34725E-13
   7325.42773   6.36728E-13
   7326.90137   6.55114E-13
   7328.37549   6.64420E-13
   7329.84912   6.58105E-13
   7331.32275   6.63409E-13
   7332.79688   5.72674E-13
   7334.27051   5.34849E-13
   7335.74463   5.59927E-13
   7337.21826   5.23446E-13
   7338.69238   5.70581E-13
   7340.16602   5.59000E-13
   7341.64014   5.26386E-13
   7343.11377   5.55452E-13
   7344.58789   5.21139E-13
   7346.06152   4.99470E-13
   7347.53564   4.97745E-13
   7349.00928   5.38562E-13
   7350.48291   5.47898E-13
   7351.95703   5.23621E-13
   7353.43066   5.36338E-13
   7354.90479   5.61228E-13
   7356.37842   5.56192E-13
   7357.85254   5.50657E-13
   7359.32617   5.94656E-13
   7360.80029   5.61036E-13
   7362.27393   5.89638E-13
   7363.74805   5.76874E-13
   7365.22168   6.03354E-13
   7366.69580   5.89905E-13
   7368.16943   6.04388E-13
   7369.64307   6.02450E-13
   7371.11719   6.36578E-13
   7372.59082   6.63116E-13
   7374.06494   6.39060E-13
   7375.53857   6.47576E-13
   7377.01270   6.50671E-13
   7378.48633   7.17637E-13
   7379.96045   6.96446E-13
   7381.43408   6.97937E-13
   7382.90820   6.74649E-13
   7384.38184   6.56193E-13
   7385.85596   6.53547E-13
   7387.32959   6.18636E-13
   7388.80322   6.95766E-13
   7390.27734   7.00930E-13
   7391.75098   7.14698E-13
   7393.22510   6.38145E-13
   7394.69873   6.66461E-13
   7396.17285   6.54118E-13
   7397.64648   6.55287E-13
   7399.12061   6.75171E-13
   7400.59424   6.71697E-13
   7402.06836   6.67755E-13
   7403.54199   6.94784E-13
   7405.01611   6.96487E-13
   7406.48975   6.79064E-13
   7407.96338   6.63937E-13
   7409.43750   6.85667E-13
   7410.91113   7.00341E-13
   7412.38525   7.59045E-13
   7413.85889   7.43988E-13
   7415.33301   6.72551E-13
