#  puvul.270  455147.56447    5.0
#     wave       flux
   3467.74365   2.81397E-13
   3469.21777   1.17358E-13
   3470.69214   1.19469E-13
   3472.16626  -9.48305E-14
   3473.64038   1.89193E-13
   3475.11475  -4.62854E-14
   3476.58887   1.90404E-13
   3478.06299   1.18279E-13
   3479.53711  -2.21485E-13
   3481.01147  -7.97158E-14
   3482.48560  -2.87821E-13
   3483.95972   8.42416E-14
   3485.43408   3.07116E-14
   3486.90820  -1.48189E-13
   3488.38232   2.89459E-13
   3489.85669   1.09985E-13
   3491.33081   2.61908E-14
   3492.80493  -5.96360E-14
   3494.27905   3.44734E-13
   3495.75342   2.23158E-13
   3497.22754  -1.38108E-13
   3498.70166   1.32592E-14
   3500.17603   1.63383E-13
   3501.65015   2.74488E-14
   3503.12427  -1.91605E-13
   3504.59863   1.32802E-15
   3506.07275   2.12824E-13
   3507.54688   1.25589E-13
   3509.02124  -3.99123E-14
   3510.49536  -4.48254E-14
   3511.96948   1.79266E-13
   3513.44360   1.41435E-13
   3514.91797   8.44383E-15
   3516.39209  -2.09154E-13
   3517.86621  -1.92198E-13
   3519.34058   1.13814E-13
   3520.81470   5.71537E-14
   3522.28882  -1.24897E-13
   3523.76318  -2.71860E-14
   3525.23730  -2.29510E-14
   3526.71143   7.71204E-14
   3528.18579   9.82337E-14
   3529.65991   1.87404E-13
   3531.13403   6.33290E-14
   3532.60815  -1.44818E-13
   3534.08252   9.37465E-14
   3535.55664  -8.24429E-14
   3537.03076   1.09750E-13
   3538.50513   4.48546E-14
   3539.97925   5.11096E-14
   3541.45337  -1.14904E-13
   3542.92773  -1.50504E-13
   3544.40186  -5.83812E-14
   3545.87598  -3.83410E-14
   3547.35010  -3.89936E-15
   3548.82446   4.91990E-14
   3550.29858   1.48755E-13
   3551.77271  -4.37520E-14
   3553.24707  -2.21362E-13
   3554.72119  -7.08440E-15
   3556.19531  -4.65370E-14
   3557.66968   7.07888E-14
   3559.14380   3.24470E-14
   3560.61792   9.33246E-14
   3562.09229   1.29077E-13
   3563.56641  -1.16575E-13
   3565.04053   9.61087E-14
   3566.51465   2.04073E-14
   3567.98901  -8.28002E-14
   3569.46313   6.32162E-14
   3570.93726  -1.77683E-14
   3572.41162  -2.85641E-14
   3573.88574  -1.97842E-13
   3575.35986   1.23675E-13
   3576.83423   7.69985E-14
   3578.30835  -3.60722E-14
   3579.78247   5.65403E-14
   3581.25659   1.93844E-13
   3582.73096   8.44915E-14
   3584.20508   1.61383E-14
   3585.67920   2.88541E-13
   3587.15356   3.05468E-14
   3588.62769   8.99193E-14
   3590.10181   3.45910E-14
   3591.57617   1.33371E-13
   3593.05029  -1.27690E-14
   3594.52441   1.25656E-14
   3595.99878   8.63912E-14
   3597.47290   1.40448E-13
   3598.94702  -1.26423E-14
   3600.42114   1.15482E-13
   3601.89551   9.89966E-14
   3603.36963  -2.90611E-14
   3604.84375  -1.96436E-15
   3606.31812   4.29953E-14
   3607.79224  -4.83452E-14
   3609.26636  -5.34634E-14
   3610.74072  -6.10141E-14
   3612.21484   4.76326E-14
   3613.68896   9.56582E-14
   3615.16333   7.69037E-14
   3616.63745  -3.80944E-14
   3618.11157  -3.78572E-15
   3619.58569   1.14214E-13
   3621.06006   6.66892E-14
   3622.53418   8.20540E-14
   3624.00830   1.18777E-13
   3625.48267  -5.29619E-14
   3626.95679  -4.64773E-15
   3628.43091   1.30902E-13
   3629.90527   2.00335E-14
   3631.37939   3.14963E-14
   3632.85352  -9.90840E-14
   3634.32764   3.33333E-14
   3635.80200   9.95532E-14
   3637.27612   9.47600E-14
   3638.75024  -5.61474E-14
   3640.22461  -3.46576E-14
   3641.69873  -4.28010E-14
   3643.17285   6.78504E-14
   3644.64722  -4.74500E-15
   3646.12134   1.33355E-13
   3647.59546  -1.32265E-13
   3649.06982   4.23749E-14
   3650.54395   6.12758E-14
   3652.01807   1.15313E-13
   3653.49219   9.65511E-14
   3654.96655   3.63007E-14
   3656.44067   6.88967E-14
   3657.91479   1.37631E-13
   3659.38916   1.34421E-13
   3660.86328   1.15040E-13
   3662.33740   2.73369E-14
   3663.81177  -1.74193E-14
   3665.28589  -3.91132E-14
   3666.76001   5.96592E-14
   3668.23438   5.86682E-14
   3669.70850   7.56050E-14
   3671.18262   9.15875E-14
   3672.65674   7.93074E-15
   3674.13110  -1.75966E-14
   3675.60522   9.75231E-14
   3677.07935  -2.81530E-14
   3678.55371   2.30014E-14
   3680.02783   1.29887E-14
   3681.50195  -3.92683E-14
   3682.97632   3.92581E-14
   3684.45044   5.75858E-14
   3685.92456   7.12523E-14
   3687.39868  -3.30103E-15
   3688.87305   5.97529E-14
   3690.34717  -2.31980E-15
   3691.82129   2.91018E-14
   3693.29565   7.15532E-14
   3694.76978   3.61797E-14
   3696.24390   1.42347E-14
   3697.71826   1.04558E-14
   3699.19238  -3.83839E-14
   3700.66650   2.93470E-14
   3702.14087   5.80152E-14
   3703.61499   3.69036E-14
   3705.08911   7.96515E-14
   3706.56323   7.11818E-15
   3708.03760   9.99148E-14
   3709.51172   7.57306E-14
   3710.98584   1.83560E-14
   3712.46021  -1.53511E-14
   3713.93433   9.07368E-15
   3715.40845   1.48847E-14
   3716.88281   8.05282E-14
   3718.35693   2.66406E-14
   3719.83105   2.56869E-14
   3721.30518   3.47127E-14
   3722.77954   2.20136E-14
   3724.25366   1.39308E-13
   3725.72778   8.91950E-14
   3727.20215   3.23911E-15
   3728.67627   1.16491E-13
   3730.15039  -2.28920E-14
   3731.62476   1.13801E-14
   3733.09888  -1.45622E-14
   3734.57300   2.26262E-14
   3736.04736   6.70624E-14
   3737.52148   1.81019E-14
   3738.99561   1.09764E-13
   3740.46973  -5.67499E-14
   3741.94409   1.28667E-14
   3743.41821   9.31212E-14
   3744.89233   2.23784E-14
   3746.36670   1.27886E-14
   3747.84082   1.28332E-13
   3749.31494   5.94264E-14
   3750.78931   4.07477E-14
   3752.26343   2.27208E-14
   3753.73755   3.89094E-16
   3755.21191   6.09803E-14
   3756.68604   1.73807E-13
   3758.16016   2.95141E-13
   3759.63428   2.97500E-13
   3761.10864   1.77308E-13
   3762.58276   4.20056E-14
   3764.05688   1.63459E-14
   3765.53125   5.61145E-14
   3767.00537   3.48810E-14
   3768.47949   4.62137E-14
   3769.95386   2.50029E-14
   3771.42798   6.89271E-14
   3772.90210   6.79396E-14
   3774.37622   1.22616E-14
   3775.85059   6.48574E-14
   3777.32471   4.63858E-14
   3778.79883   2.86760E-14
   3780.27319  -7.80218E-14
   3781.74731   7.88852E-15
   3783.22144   3.20854E-14
   3784.69580   2.56671E-14
   3786.16992   2.42616E-14
   3787.64404   7.49976E-14
   3789.11841  -2.27163E-14
   3790.59253   3.23963E-14
   3792.06665   9.53914E-15
   3793.54077   1.04992E-14
   3795.01514   9.84773E-14
   3796.48926   3.00119E-14
   3797.96338   2.41463E-14
   3799.43774  -3.54864E-14
   3800.91187   2.19015E-14
   3802.38599   5.13653E-14
   3803.86035   6.51628E-15
   3805.33447   6.78977E-14
   3806.80859  -1.41135E-14
   3808.28271   2.52852E-14
   3809.75708   7.98279E-14
   3811.23120   2.23330E-14
   3812.70532   7.64974E-14
   3814.17969  -5.52912E-14
   3815.65381   6.71200E-14
   3817.12793   5.64544E-14
   3818.60229   5.70027E-14
   3820.07642   8.77025E-14
   3821.55054   2.07937E-15
   3823.02490   3.73922E-14
   3824.49902  -2.24463E-14
   3825.97314   6.08772E-15
   3827.44727   3.38234E-16
   3828.92163   2.09831E-14
   3830.39575   1.94920E-15
   3831.86987   5.15139E-14
   3833.34424   1.13928E-13
   3834.81836   5.48818E-14
   3836.29248   5.90552E-14
   3837.76685   1.74491E-14
   3839.24097   8.20988E-16
   3840.71509   6.12636E-14
   3842.18945   4.86448E-14
   3843.66357  -5.90574E-15
   3845.13770  -1.15905E-14
   3846.61182   5.27128E-14
   3848.08618   3.86454E-14
   3849.56030   5.41664E-14
   3851.03442  -1.18651E-14
   3852.50879  -1.43001E-14
   3853.98291   2.98918E-14
   3855.45703   4.61855E-14
   3856.93140   1.51685E-14
   3858.40552   1.68713E-14
   3859.87964   1.16124E-14
   3861.35376   6.81557E-15
   3862.82812   6.24194E-14
   3864.30225   7.59665E-14
   3865.77637   2.02706E-13
   3867.25073   3.08266E-13
   3868.72485   3.58373E-13
   3870.19897   2.17282E-13
   3871.67334   8.62223E-14
   3873.14746   7.13856E-14
   3874.62158   6.19111E-14
   3876.09595   5.65532E-15
   3877.57007  -6.51071E-15
   3879.04419   1.88808E-14
   3880.51831   1.44737E-15
   3881.99268   4.77300E-14
   3883.46680   7.87066E-15
   3884.94092   6.73151E-15
   3886.41528   5.90766E-14
   3887.88940   7.31611E-14
   3889.36353   1.54115E-13
   3890.83789   8.85338E-14
   3892.31201   7.26591E-14
   3893.78613   1.29654E-14
   3895.26050  -4.34891E-15
   3896.73462   4.33950E-14
   3898.20874  -2.03373E-14
   3899.68286   3.87109E-14
   3901.15723   6.81500E-15
   3902.63135   2.37034E-14
   3904.10547   2.14923E-14
   3905.57983   4.51186E-14
   3907.05396   4.95543E-14
   3908.52808   2.58135E-14
   3910.00244   1.60756E-14
   3911.47656   1.35671E-14
   3912.95068   1.82674E-14
   3914.42480  -8.04852E-15
   3915.89917   6.03395E-15
   3917.37329  -7.66769E-15
   3918.84741  -1.02625E-14
   3920.32178   1.89947E-14
   3921.79590   5.08974E-14
   3923.27002  -2.65670E-15
   3924.74438   3.02740E-14
   3926.21851  -1.39304E-14
   3927.69263   7.78871E-14
   3929.16699   2.03240E-14
   3930.64111  -1.19026E-14
   3932.11523   2.99690E-14
   3933.58936   2.11804E-14
   3935.06372   2.19041E-14
   3936.53784   7.99156E-15
   3938.01196   6.04029E-15
   3939.48633  -9.89816E-15
   3940.96045  -3.12192E-15
   3942.43457  -3.54891E-14
   3943.90894  -2.61250E-14
   3945.38306   1.38184E-14
   3946.85718   2.56764E-14
   3948.33130  -1.78597E-14
   3949.80566  -1.52897E-14
   3951.27979   5.24390E-14
   3952.75391  -4.09685E-15
   3954.22827   3.13694E-14
   3955.70239   1.85697E-14
   3957.17651  -2.60624E-14
   3958.65088   1.84432E-14
   3960.12500   4.87559E-16
   3961.59912   2.10675E-14
   3963.07349   4.78592E-14
   3964.54761   6.58956E-14
   3966.02173   1.32668E-13
   3967.49585   1.67833E-13
   3968.97021   1.16979E-13
   3970.44434   9.33310E-14
   3971.91846   9.40790E-14
   3973.39282   4.37535E-14
   3974.86694   4.68918E-14
   3976.34106   6.32574E-15
   3977.81543  -2.70754E-14
   3979.28955  -9.01859E-15
   3980.76367   2.21091E-15
   3982.23804   1.67603E-14
   3983.71216   3.94053E-14
   3985.18628   5.17553E-14
   3986.66040   6.82814E-15
   3988.13477   2.09230E-14
   3989.60889   2.75471E-14
   3991.08301   1.80646E-14
   3992.55737   1.28250E-14
   3994.03149   2.87926E-14
   3995.50562   1.35695E-14
   3996.97998   2.21195E-14
   3998.45410   3.84885E-14
   3999.92822   2.24811E-16
   4001.40234  -2.59249E-14
   4002.87671   2.54517E-14
   4004.35083   2.13204E-14
   4005.82495   2.30229E-14
   4007.29932   3.45390E-14
   4008.77344   7.18589E-15
   4010.24756   3.22852E-14
   4011.72192   1.93064E-14
   4013.19604  -2.98138E-15
   4014.67017  -2.53984E-14
   4016.14453   1.55911E-14
   4017.61865   1.79089E-14
   4019.09277   9.74490E-15
   4020.56689   3.49181E-14
   4022.04126   1.99680E-15
   4023.51538   1.84647E-14
   4024.98950   1.38949E-14
   4026.46387   5.29193E-14
   4027.93799   2.90722E-14
   4029.41211   7.02562E-15
   4030.88647   1.31484E-14
   4032.36060   2.69491E-15
   4033.83472  -1.33784E-14
   4035.30884  -9.58330E-15
   4036.78320   2.17974E-14
   4038.25732   6.01521E-15
   4039.73145   1.93263E-14
   4041.20581   2.46817E-14
   4042.67993  -6.40867E-15
   4044.15405   2.04155E-14
   4045.62842   5.41393E-15
   4047.10254  -5.25764E-15
   4048.57666   7.58220E-15
   4050.05103  -3.13746E-14
   4051.52515  -1.60126E-14
   4052.99927  -7.34232E-15
   4054.47339   4.09175E-15
   4055.94775  -1.57395E-16
   4057.42188  -7.51766E-15
   4058.89600   1.50793E-15
   4060.37036   2.58319E-14
   4061.84448   1.49209E-14
   4063.31860   1.43387E-14
   4064.79297   2.45506E-14
   4066.26709   1.56841E-14
   4067.74121   2.94961E-14
   4069.21558   1.69374E-14
   4070.68970   2.13570E-15
   4072.16382  -1.59792E-14
   4073.63794   1.94283E-14
   4075.11230   2.37934E-14
   4076.58643   1.64303E-14
   4078.06055  -3.76853E-15
   4079.53491   1.72514E-14
   4081.00903  -1.72223E-15
   4082.48315   2.64142E-14
   4083.95752  -1.77881E-15
   4085.43164  -8.62212E-15
   4086.90576   3.45198E-14
   4088.37988   2.42826E-14
   4089.85425  -1.17223E-14
   4091.32837   9.12339E-15
   4092.80249   1.84240E-14
   4094.27686   6.63087E-15
   4095.75098   3.35022E-14
   4097.22510   5.65891E-14
   4098.69922   7.91448E-14
   4100.17334   1.05754E-13
   4101.64795   1.34977E-13
   4103.12207   1.04743E-13
   4104.59619   5.80275E-14
   4106.07031   5.35722E-14
   4107.54443   2.89355E-14
   4109.01855   1.04132E-14
   4110.49316   1.33033E-14
   4111.96729   1.66447E-14
   4113.44141  -1.74967E-15
   4114.91553   1.42866E-14
   4116.38965   9.96306E-15
   4117.86377   9.55118E-16
   4119.33789   2.07251E-14
   4120.81250   1.13834E-14
   4122.28662  -4.50856E-15
   4123.76074   1.72485E-14
   4125.23486   3.51572E-14
   4126.70898   1.61560E-14
   4128.18311   1.79775E-14
   4129.65771   2.08156E-14
   4131.13184   4.71909E-16
   4132.60596   1.80971E-14
   4134.08008   3.39678E-14
   4135.55420   1.42637E-14
   4137.02832   2.30829E-14
   4138.50244  -1.71170E-15
   4139.97705   1.05432E-14
   4141.45117   1.57311E-14
   4142.92529   3.12621E-17
   4144.39941   3.91675E-15
   4145.87354   3.46140E-14
   4147.34766   1.55644E-14
   4148.82178   1.79765E-14
   4150.29639   3.96598E-14
   4151.77051   2.88723E-14
   4153.24463   2.61267E-14
   4154.71875   9.29488E-15
   4156.19287   2.03575E-14
   4157.66699   2.35757E-14
   4159.14160   2.06874E-14
   4160.61572   2.17781E-16
   4162.08984  -1.06024E-14
   4163.56396   3.95424E-14
   4165.03809  -1.17550E-14
   4166.51221   2.08400E-14
   4167.98633   3.26724E-14
   4169.46094   1.65147E-14
   4170.93506   1.95615E-14
   4172.40918   1.63875E-14
   4173.88330   3.59963E-14
   4175.35742   2.12288E-14
   4176.83154   1.03579E-14
   4178.30615   1.26125E-14
   4179.78027   2.64607E-14
   4181.25439   2.27721E-14
   4182.72852   4.16244E-15
   4184.20264  -7.51179E-15
   4185.67676   3.32486E-14
   4187.15088   1.26078E-14
   4188.62549   3.04397E-14
   4190.09961   6.06727E-16
   4191.57373   2.11922E-14
   4193.04785   1.49759E-14
   4194.52197   3.57650E-15
   4195.99609   1.65069E-14
   4197.47070   3.21089E-14
   4198.94482   3.20705E-14
   4200.41895   4.12172E-14
   4201.89307   1.95304E-14
   4203.36719   2.43027E-14
   4204.84131   1.82870E-14
   4206.31543   1.71478E-14
   4207.79004   9.64527E-15
   4209.26416   1.93672E-14
   4210.73828  -1.59918E-16
   4212.21240   8.42485E-15
   4213.68652   2.77753E-14
   4215.16064   1.49774E-14
   4216.63525  -3.23883E-15
   4218.10938   2.38937E-14
   4219.58350   2.45700E-14
   4221.05762  -1.19626E-14
   4222.53174   2.48780E-14
   4224.00586   8.36765E-15
   4225.47998  -9.78542E-15
   4226.95459   9.36221E-15
   4228.42871   2.08210E-14
   4229.90283   2.92528E-15
   4231.37695   2.06404E-14
   4232.85107   1.97633E-14
   4234.32520   2.22273E-14
   4235.79932   1.09424E-14
   4237.27393   1.97019E-14
   4238.74805   3.57757E-15
   4240.22217   1.13851E-14
   4241.69629  -7.46454E-16
   4243.17041   3.10073E-15
   4244.64453   3.84604E-14
   4246.11914   4.15216E-14
   4247.59326   3.30329E-16
   4249.06738   1.77124E-14
   4250.54150   1.33122E-14
   4252.01562   6.05817E-15
   4253.48975   9.44923E-15
   4254.96387   9.84085E-15
   4256.43848   1.42014E-15
   4257.91260  -5.43461E-17
   4259.38672   2.96945E-14
   4260.86084   4.35334E-14
   4262.33496   1.79455E-14
   4263.80908   6.24091E-15
   4265.28369   1.16822E-14
   4266.75781   2.41029E-14
   4268.23193   2.47884E-14
   4269.70605   2.58366E-14
   4271.18018   1.79892E-14
   4272.65430   1.98569E-14
   4274.12842   1.91555E-14
   4275.60303   2.27489E-14
   4277.07715   1.79008E-14
   4278.55127   1.15036E-14
   4280.02539   8.65317E-15
   4281.49951   2.31760E-15
   4282.97363   1.08576E-14
   4284.44824   1.47711E-14
   4285.92236   2.18622E-14
   4287.39648   1.45585E-14
   4288.87061   1.19171E-14
   4290.34473   1.48344E-14
   4291.81885   3.40015E-14
   4293.29297   3.25872E-15
   4294.76758   2.16360E-14
   4296.24170   2.11181E-14
   4297.71582  -1.07935E-15
   4299.18994   1.25819E-14
   4300.66406   1.78675E-14
   4302.13818   2.42380E-14
   4303.61279   1.29813E-14
   4305.08691   1.33447E-14
   4306.56104   1.88687E-14
   4308.03516   1.05506E-14
   4309.50928   1.01573E-14
   4310.98340  -1.73120E-15
   4312.45752   2.26440E-15
   4313.93213   3.31919E-14
   4315.40625   2.98710E-15
   4316.88037   1.97737E-14
   4318.35449   1.95425E-14
   4319.82861   2.71255E-14
   4321.30273   2.12354E-14
   4322.77734   1.36421E-14
   4324.25146   1.57247E-14
   4325.72559   1.92709E-14
   4327.19971   2.71955E-14
   4328.67383   1.85418E-14
   4330.14795   1.65379E-14
   4331.62207   3.37344E-14
   4333.09668   1.09449E-14
   4334.57080   3.31235E-14
   4336.04492   5.54557E-14
   4337.51904   1.24362E-13
   4338.99316   2.47483E-13
   4340.46729   2.54431E-13
   4341.94141   1.78558E-13
   4343.41602   9.89257E-14
   4344.89014   5.66015E-14
   4346.36426   2.16743E-14
   4347.83838   1.40277E-14
   4349.31250   1.34638E-14
   4350.78662   1.77777E-14
   4352.26123   1.69672E-14
   4353.73535   1.59160E-14
   4355.20947   1.20345E-15
   4356.68359   1.89782E-14
   4358.15771   4.27845E-14
   4359.63184   4.53073E-14
   4361.10596   1.21357E-13
   4362.58057   1.62921E-13
   4364.05469   1.58645E-13
   4365.52881   8.06167E-14
   4367.00293   1.93593E-14
   4368.47705   2.74011E-14
   4369.95117   1.59592E-14
   4371.42578   2.93752E-14
   4372.89990   7.04796E-15
   4374.37402   1.02842E-14
   4375.84814  -1.72649E-15
   4377.32227   2.82666E-14
   4378.79639   1.62259E-14
   4380.27051   2.03261E-14
   4381.74512   1.82221E-14
   4383.21924   1.44694E-14
   4384.69336   1.85817E-14
   4386.16748   2.40803E-14
   4387.64160   3.42677E-14
   4389.11572   1.66587E-14
   4390.59033   1.27822E-14
   4392.06445   6.17639E-15
   4393.53857   2.21278E-14
   4395.01270   1.21023E-14
   4396.48682   1.29183E-15
   4397.96094   4.98645E-15
   4399.43506   1.44273E-14
   4400.90967   1.44502E-14
   4402.38379   2.55806E-15
   4403.85791   1.01408E-14
   4405.33203   1.46420E-14
   4406.80615   2.50304E-14
   4408.28027   1.48713E-14
   4409.75488   4.06106E-15
   4411.22900   1.51457E-14
   4412.70312   2.77269E-14
   4414.17725   1.78324E-14
   4415.65137   2.16049E-14
   4417.12549   1.03491E-14
   4418.59961   2.14000E-14
   4420.07422   9.92529E-15
   4421.54834   4.80235E-15
   4423.02246  -2.00478E-15
   4424.49658   8.51249E-15
   4425.97070   7.62540E-15
   4427.44482   9.02369E-15
   4428.91895   4.94440E-15
   4430.39355   4.70348E-15
   4431.86768   2.07343E-14
   4433.34180   1.43040E-14
   4434.81592   1.61194E-14
   4436.29004   5.16727E-15
   4437.76416   7.96141E-15
   4439.23877   1.67831E-14
   4440.71289   1.50530E-14
   4442.18701   2.21085E-14
   4443.66113   2.29432E-14
   4445.13525   2.02202E-14
   4446.60938   1.55867E-14
   4448.08350   1.00825E-14
   4449.55811   8.12832E-15
   4451.03223   3.08490E-14
   4452.50635   1.62558E-14
   4453.98047  -6.41275E-15
   4455.45459   4.61229E-15
   4456.92871   2.33732E-14
   4458.40332   2.18963E-14
   4459.87744   1.75437E-14
   4461.35156   1.70545E-14
   4462.82568   2.07436E-14
   4464.29980   1.27460E-14
   4465.77393   1.54830E-14
   4467.24805   2.62848E-14
   4468.72266   1.54327E-14
   4470.19678   3.46200E-14
   4471.67090   4.42248E-14
   4473.14502   3.38084E-14
   4474.61914   1.59951E-14
   4476.09326   2.77213E-14
   4477.56787   1.25773E-14
   4479.04199   1.71278E-14
   4480.51611   2.16195E-14
   4481.99023   2.18622E-14
   4483.46436   2.25446E-14
   4484.93848   9.21745E-15
   4486.41260   1.63040E-14
   4487.88721   3.15513E-14
   4489.36133   2.37280E-14
   4490.83545   2.26746E-14
   4492.30957   1.07921E-14
   4493.78369   9.88668E-15
   4495.25781   1.40327E-14
   4496.73242   1.12844E-14
   4498.20654   1.57731E-14
   4499.68066   1.33814E-14
   4501.15479   1.80852E-14
   4502.62891   1.38301E-14
   4504.10303   1.32477E-14
   4505.57715   8.71140E-15
   4507.05176   7.15631E-15
   4508.52588   1.53203E-14
   4510.00000   2.14803E-14
   4511.47412   2.24624E-14
   4512.94824   2.61985E-14
   4514.42236   2.47753E-14
   4515.89648   1.39926E-14
   4517.37109   6.75694E-15
   4518.84521   2.04556E-14
   4520.31934   2.20810E-14
   4521.79346   1.10614E-14
   4523.26758   1.76979E-14
   4524.74170   2.66003E-14
   4526.21631   1.28849E-14
   4527.69043   1.17290E-14
   4529.16455   1.95040E-14
   4530.63867   1.45079E-14
   4532.11279   1.37170E-14
   4533.58691   8.66194E-15
   4535.06104   1.24627E-14
   4536.53564   6.93998E-15
   4538.00977   7.94991E-15
   4539.48389   3.71835E-14
   4540.95801   3.71628E-14
   4542.43213   3.57635E-14
   4543.90625   3.98082E-14
   4545.38086   2.80197E-14
   4546.85498   5.35727E-15
   4548.32910   2.00498E-14
   4549.80322   1.45415E-14
   4551.27734   1.75136E-15
   4552.75146   1.71796E-14
   4554.22559   1.73180E-14
   4555.70020   5.52508E-16
   4557.17432   1.09067E-14
   4558.64844   1.45863E-14
   4560.12256   1.01724E-14
   4561.59668   1.62341E-14
   4563.07080   9.66778E-15
   4564.54541   8.66703E-15
   4566.01953   1.57014E-14
   4567.49365   1.47310E-14
   4568.96777   8.88790E-15
   4570.44189   2.25686E-14
   4571.91602   2.24108E-14
   4573.39014   2.19657E-14
   4574.86475   1.54467E-14
   4576.33887   1.98522E-14
   4577.81299   2.11738E-14
   4579.28711   1.37557E-14
   4580.76123   1.72758E-14
   4582.23535   1.90898E-14
   4583.70996   1.32040E-14
   4585.18408   1.48049E-14
   4586.65820   9.32008E-15
   4588.13232   9.74583E-15
   4589.60645   2.29969E-14
   4591.08057   8.93643E-15
   4592.55469   8.03397E-15
   4594.02930   1.34624E-14
   4595.50342   7.97725E-15
   4596.97754   1.26219E-14
   4598.45166   4.83438E-15
   4599.92578   2.11498E-15
   4601.39990   1.38952E-14
   4602.87402   2.11787E-14
   4604.34863   1.91999E-14
   4605.82275   8.16644E-15
   4607.29688   1.72881E-14
   4608.77100   4.59585E-15
   4610.24512   1.08720E-14
   4611.71924   1.68562E-14
   4613.19385   1.68659E-14
   4614.66797   1.66643E-14
   4616.14209   2.20354E-14
   4617.61621   1.56604E-14
   4619.09033   1.53205E-14
   4620.56445   1.79208E-14
   4622.03857   1.47794E-14
   4623.51318   1.04655E-14
   4624.98730   1.21613E-14
   4626.46143   1.41057E-14
   4627.93555   2.08480E-14
   4629.40967   2.28767E-14
   4630.88379   2.36325E-14
   4632.35840   3.00898E-14
   4633.83252   2.80852E-14
   4635.30664   1.64026E-14
   4636.78076   2.56982E-14
   4638.25488   3.73340E-14
   4639.72900   4.27066E-14
   4641.20312   4.85042E-14
   4642.67773   4.34460E-14
   4644.15186   2.68677E-14
   4645.62598   1.01087E-14
   4647.10010   1.88654E-14
   4648.57422   2.54267E-14
   4650.04834   2.23207E-14
   4651.52295   1.92783E-14
   4652.99707   2.51307E-14
   4654.47119   2.29811E-14
   4655.94531   2.72457E-14
   4657.41943   3.06811E-14
   4658.89355   2.55830E-14
   4660.36768   9.54905E-15
   4661.84229   2.73033E-14
   4663.31641   3.35298E-15
   4664.79053   2.06914E-14
   4666.26465   2.56449E-14
   4667.73877   1.66226E-14
   4669.21289   5.67929E-15
   4670.68750   2.16196E-14
   4672.16162   2.09400E-14
   4673.63574   1.95201E-14
   4675.10986   2.03508E-14
   4676.58398   2.35549E-14
   4678.05811   2.71956E-14
   4679.53223   3.09048E-14
   4681.00684   6.80297E-14
   4682.48096   2.32008E-13
   4683.95508   5.79176E-13
   4685.42920   7.52784E-13
   4686.90332   6.35721E-13
   4688.37744   3.79155E-13
   4689.85156   1.75812E-13
   4691.32617   5.68361E-14
   4692.80029   3.05840E-14
   4694.27441   2.84066E-14
   4695.74854   2.69941E-14
   4697.22266   2.75994E-14
   4698.69678   2.22524E-14
   4700.17139   4.16708E-14
   4701.64551   4.27634E-14
   4703.11963   3.91719E-14
   4704.59375   1.70842E-14
   4706.06787   1.26748E-14
   4707.54199   2.40408E-14
   4709.01611   2.06666E-14
   4710.49072   2.62163E-14
   4711.96484   3.52704E-14
   4713.43896   4.04264E-14
   4714.91309   4.23199E-14
   4716.38721   2.88718E-14
   4717.86133   2.12186E-14
   4719.33594   1.40910E-14
   4720.81006   1.05311E-14
   4722.28418   3.16435E-14
   4723.75830   5.63250E-14
   4725.23242   5.36351E-14
   4726.70654   2.40293E-14
   4728.18066   4.29444E-14
   4729.65527   2.08106E-14
   4731.12939   3.11322E-14
   4732.60352   2.10549E-14
   4734.07764   1.56483E-14
   4735.55176   2.21236E-14
   4737.02588   1.57484E-14
   4738.50049   2.11000E-14
   4739.97461   2.37450E-14
   4741.44873   9.69784E-15
   4742.92285   1.68701E-14
   4744.39697   2.18106E-14
   4745.87109  -5.93992E-16
   4747.34521   2.05802E-14
   4748.81982   2.74254E-14
   4750.29395   1.05934E-14
   4751.76807   1.76977E-14
   4753.24219   1.25017E-14
   4754.71631   7.80210E-15
   4756.19043   1.75798E-14
   4757.66504   1.24023E-14
   4759.13916   1.44758E-14
   4760.61328   9.00268E-15
   4762.08740   1.57025E-14
   4763.56152   3.16863E-15
   4765.03564   4.51395E-15
   4766.50977   2.54653E-14
   4767.98438   7.45683E-15
   4769.45850   1.97339E-14
   4770.93262   2.04653E-14
   4772.40674   1.48239E-14
   4773.88086   9.58536E-15
   4775.35498   1.02670E-14
   4776.82910   9.30437E-15
   4778.30371   2.07647E-14
   4779.77783   1.86345E-14
   4781.25195   2.93948E-14
   4782.72607   1.11700E-14
   4784.20020   7.14135E-15
   4785.67432   1.50829E-14
   4787.14893   1.94613E-14
   4788.62305   9.96401E-15
   4790.09717   2.23672E-14
   4791.57129   2.33402E-14
   4793.04541   1.19768E-14
   4794.51953   1.61590E-14
   4795.99365   2.68252E-14
   4797.46826  -4.17295E-16
   4798.94238   1.15924E-14
   4800.41650   4.70927E-15
   4801.89062   1.23896E-14
   4803.36475   6.63812E-15
   4804.83887   7.84537E-15
   4806.31348   2.32212E-14
   4807.78760   1.07195E-14
   4809.26172   2.34639E-14
   4810.73584   1.52205E-14
   4812.20996   1.10332E-14
   4813.68408   1.40093E-14
   4815.15820   2.52514E-15
   4816.63281   1.66969E-14
   4818.10693   2.47920E-14
   4819.58105   1.46374E-14
   4821.05518   1.30440E-14
   4822.52930   1.49379E-14
   4824.00342   6.92140E-15
   4825.47803   2.88541E-14
   4826.95215   5.35395E-15
   4828.42627   2.00215E-14
   4829.90039   1.39440E-14
   4831.37451   2.63422E-14
   4832.84863   1.41071E-14
   4834.32275   1.80721E-14
   4835.79736   1.49054E-14
   4837.27148   2.27248E-14
   4838.74561   1.39280E-14
   4840.21973   2.19147E-14
   4841.69385   1.57982E-14
   4843.16797   7.75850E-15
   4844.64258   2.33596E-14
   4846.11670   2.31926E-14
   4847.59082   1.34604E-14
   4849.06494   4.70923E-15
   4850.53906   1.39840E-14
   4852.01318   2.68182E-14
   4853.48730   4.01954E-14
   4854.96191   3.97877E-14
   4856.43604   7.68592E-14
   4857.91016   2.43627E-13
   4859.38428   4.78711E-13
   4860.85840   6.32720E-13
   4862.33252   5.85336E-13
   4863.80713   3.82149E-13
   4865.28125   1.96775E-13
   4866.75537   8.42453E-14
   4868.22949   3.72918E-14
   4869.70361   2.69691E-14
   4871.17773   3.66919E-14
   4872.65186   2.68059E-14
   4874.12646   1.34132E-14
   4875.60059   2.02547E-14
   4877.07471   2.03811E-14
   4878.54883   1.86927E-14
   4880.02295   1.27973E-14
   4881.49707   1.62785E-14
   4882.97119   2.24410E-14
   4884.44580   2.81825E-14
   4885.91992   2.21946E-14
   4887.39404   1.91578E-14
   4888.86816   3.82068E-14
   4890.34229   2.84126E-14
   4891.81641   2.24158E-14
   4893.29102   4.60914E-14
   4894.76514   2.94320E-14
   4896.23926   1.91548E-14
   4897.71338   3.72528E-14
   4899.18750   1.90238E-14
   4900.66162   1.84858E-14
   4902.13574   7.80016E-15
   4903.61035   1.57850E-14
   4905.08447   2.42403E-14
   4906.55859   2.07408E-14
   4908.03271   1.89132E-14
   4909.50684   1.57380E-14
   4910.98096   1.74834E-14
   4912.45557   1.69741E-14
   4913.92969   2.31076E-14
   4915.40381   2.55146E-14
   4916.87793   1.61306E-14
   4918.35205   2.26970E-14
   4919.82617   2.32760E-14
   4921.30029   3.01791E-14
   4922.77490   2.99680E-14
   4924.24902   4.23452E-14
   4925.72314   2.87144E-14
   4927.19727   1.83194E-14
   4928.67139   2.80656E-14
   4930.14551   3.52583E-14
   4931.62012   2.20598E-14
   4933.09424   1.29595E-14
   4934.56836   2.84590E-14
   4936.04248   2.79812E-14
   4937.51660   2.54598E-14
   4938.99072   4.79705E-14
   4940.46484   5.14108E-14
   4941.93945   7.24122E-14
   4943.41357   6.69417E-14
   4944.88770   3.59040E-14
   4946.36182   5.00639E-14
   4947.83594   3.66799E-14
   4949.31006   3.35645E-14
   4950.78467   1.87052E-14
   4952.25879   1.81803E-14
   4953.73291   2.75444E-14
   4955.20703   7.02835E-14
   4956.68115   1.34739E-13
   4958.15527   1.71793E-13
   4959.62939   1.45651E-13
   4961.10400   8.59632E-14
   4962.57812   4.32660E-14
   4964.05225   2.51273E-14
   4965.52637   1.95431E-14
   4967.00049   3.20331E-14
   4968.47461   3.62345E-14
   4969.94873   3.03339E-14
   4971.42334   2.76632E-14
   4972.89746   3.45313E-14
   4974.37158   2.63562E-14
   4975.84570   3.10864E-14
   4977.31982   2.19661E-14
   4978.79395   1.84203E-14
   4980.26855   1.96785E-14
   4981.74268   1.41782E-14
   4983.21680   1.57793E-14
   4984.69092   2.61912E-14
   4986.16504   3.09563E-14
   4987.63916   4.74256E-14
   4989.11328   4.69222E-14
   4990.58789   4.35969E-14
   4992.06201   4.47811E-14
   4993.53613   3.06928E-14
   4995.01025   1.29552E-14
   4996.48438   2.15136E-14
   4997.95850   9.60461E-15
   4999.43311   2.13940E-14
   5000.90723   2.81167E-14
   5002.38135   8.36631E-14
   5003.85547   2.84359E-13
   5005.32959   4.56858E-13
   5006.80371   4.70229E-13
   5008.27783   3.44428E-13
   5009.75244   1.84382E-13
   5011.22656   5.86173E-14
   5012.70068   3.46639E-14
   5014.17480   1.60610E-14
   5015.64893   3.52020E-14
   5017.12305   3.70357E-14
   5018.59766   2.46866E-14
   5020.07178   3.35604E-14
   5021.54590   2.05220E-14
   5023.02002   2.27295E-14
   5024.49414   2.57008E-14
   5025.96826   2.12150E-14
   5027.44238   1.74647E-14
   5028.91699   1.60917E-14
   5030.39111   2.61967E-14
   5031.86523   1.70878E-14
   5033.33936   1.72067E-14
   5034.81348   1.62396E-14
   5036.28760   2.36871E-14
   5037.76221   9.92181E-15
   5039.23633   1.80248E-14
   5040.71045   2.61250E-14
   5042.18457   3.29442E-14
   5043.65869   3.70935E-14
   5045.13281   2.29170E-14
   5046.60693   2.32855E-14
   5048.08154   1.39653E-14
   5049.55566   1.99399E-14
   5051.02979   1.26978E-14
   5052.50391   1.46500E-14
   5053.97803   2.37763E-14
   5055.45215   1.95024E-14
   5056.92627   1.13395E-14
   5058.40088   1.62120E-14
   5059.87500   1.46487E-14
   5061.34912   1.90916E-14
   5062.82324   1.97269E-14
   5064.29736   1.66792E-14
   5065.77148   1.13489E-14
   5067.24609   1.06837E-14
   5068.72021   2.13129E-14
   5070.19434   2.33778E-14
   5071.66846   1.65562E-14
   5073.14258   1.34542E-14
   5074.61670   1.94772E-14
   5076.09082   2.31568E-14
   5077.56543   1.88004E-14
   5079.03955   1.63127E-14
   5080.51367   2.01042E-14
   5081.98779   2.88582E-14
   5083.46191   1.81477E-14
   5084.93604   1.38535E-14
   5086.41064   1.57102E-14
   5087.88477   2.16600E-14
   5089.35889   1.75397E-14
   5090.83301   2.16554E-14
   5092.30713   1.26471E-14
   5093.78125   2.07265E-14
   5095.25537   3.11974E-14
   5096.72998   1.40522E-14
   5098.20410   1.13291E-14
   5099.67822   2.19834E-14
   5101.15234   2.70856E-14
   5102.62646   2.10496E-14
   5104.10059   2.11710E-14
   5105.57520   1.88321E-14
   5107.04932   1.61929E-14
   5108.52344   1.60494E-14
   5109.99756   2.43410E-14
   5111.47168   2.95861E-14
   5112.94580   2.29507E-14
   5114.41992   1.70967E-14
   5115.89453   2.09099E-14
   5117.36865   2.14046E-14
   5118.84277   3.40777E-14
   5120.31689   2.87783E-14
   5121.79102   1.75559E-14
   5123.26514   2.18529E-14
   5124.73975   2.26344E-14
   5126.21387   2.60473E-14
   5127.68799   2.59752E-14
   5129.16211   1.62590E-14
   5130.63623   2.30085E-14
   5132.11035   2.13243E-14
   5133.58447   1.59000E-14
   5135.05908   2.28464E-14
   5136.53320   2.57256E-14
   5138.00732   2.04344E-14
   5139.48145   2.02073E-14
   5140.95557   2.93118E-14
   5142.42969   2.82426E-14
   5143.90381   3.72580E-14
   5145.37842   4.00399E-14
   5146.85254   4.07382E-14
   5148.32666   3.92653E-14
   5149.80078   2.95765E-14
   5151.27490   2.34913E-14
   5152.74902   1.65944E-14
   5154.22363   3.49124E-14
   5155.69775   4.54604E-14
   5157.17188   6.83862E-14
   5158.64600   7.97982E-14
   5160.12012   8.25084E-14
   5161.59424   5.77252E-14
   5163.06836   3.79064E-14
   5164.54297   3.92503E-14
   5166.01709   3.24004E-14
   5167.49121   3.03872E-14
   5168.96533   1.79370E-14
   5170.43945   2.32095E-14
   5171.91357   3.10373E-14
   5173.38818   3.09332E-14
   5174.86230   4.26484E-14
   5176.33643   5.85320E-14
   5177.81055   6.52065E-14
   5179.28467   4.61576E-14
   5180.75879   3.63373E-14
   5182.23291   1.52258E-14
   5183.70752   1.61693E-14
   5185.18164   2.69244E-14
   5186.65576   2.00335E-14
   5188.12988   7.69257E-15
   5189.60400   1.09991E-14
   5191.07812   1.92328E-14
   5192.55273   1.96993E-14
   5194.02686   2.32102E-14
   5195.50098   1.92526E-14
   5196.97510   1.21018E-14
   5198.44922   2.00287E-14
   5199.92334   1.75037E-14
   5201.39746   1.56957E-14
   5202.87207   1.98880E-14
   5204.34619   1.88348E-14
   5205.82031   2.33929E-14
   5207.29443   2.79468E-14
   5208.76855   1.42998E-14
   5210.24268   1.77880E-14
   5211.71729   1.55686E-14
   5213.19141   2.00699E-14
   5214.66553   1.58908E-14
   5216.13965   1.89583E-14
   5217.61377   2.88510E-14
   5219.08789   2.20526E-14
   5220.56201   2.36036E-14
   5222.03662   2.87968E-14
   5223.51074   2.59450E-14
   5224.98486   1.69840E-14
   5226.45898   1.87735E-14
   5227.93311   2.40741E-14
   5229.40723   2.01024E-14
   5230.88135   3.01649E-14
   5232.35596   2.76524E-14
   5233.83008   2.62685E-14
   5235.30420   2.62069E-14
   5236.77832   2.54219E-14
   5238.25244   2.64638E-14
   5239.72656   1.95694E-14
   5241.20117   2.00822E-14
   5242.67529   1.67379E-14
   5244.14941   1.46164E-14
   5245.62354   1.78487E-14
   5247.09766   1.86761E-14
   5248.57178   1.95240E-14
   5250.04590   2.16522E-14
   5251.52051   1.28710E-14
   5252.99463   2.20268E-14
   5254.46875   2.12443E-14
   5255.94287   1.40287E-14
   5257.41699   2.14642E-14
   5258.89111   1.65140E-14
   5260.36572   2.85312E-14
   5261.83984   3.94913E-14
   5263.31396   3.15675E-14
   5264.78809   2.67512E-14
   5266.26221   2.97933E-14
   5267.73633   2.11534E-14
   5269.21045   2.25657E-14
   5270.68506   2.92850E-14
   5272.15918   2.87114E-14
   5273.63330   3.75670E-14
   5275.10742   4.95101E-14
   5276.58154   5.60712E-14
   5278.05566   6.44398E-14
   5279.53027   5.01378E-14
   5281.00439   3.02390E-14
   5282.47852   3.10341E-14
   5283.95264   3.56738E-14
   5285.42676   3.41859E-14
   5286.90088   2.78670E-14
   5288.37500   1.25509E-14
   5289.84961   1.40596E-14
   5291.32373   2.84732E-14
   5292.79785   2.80934E-14
   5294.27197   2.32518E-14
   5295.74609   2.30307E-14
   5297.22021   2.25416E-14
   5298.69482   3.08530E-14
   5300.16895   2.47181E-14
   5301.64307   2.95749E-14
   5303.11719   3.10338E-14
   5304.59131   2.12700E-14
   5306.06543   3.68706E-14
   5307.53955   6.11413E-14
   5309.01416   7.05462E-14
   5310.48828   7.97318E-14
   5311.96240   5.99268E-14
   5313.43652   4.38582E-14
   5314.91064   3.61969E-14
   5316.38477   2.93533E-14
   5317.85889   3.01097E-14
   5319.33350   3.47519E-14
   5320.80762   2.05460E-14
   5322.28174   1.86579E-14
   5323.75586   1.79674E-14
   5325.22998   2.88707E-14
   5326.70410   2.17611E-14
   5328.17871   2.40930E-14
   5329.65283   2.16743E-14
   5331.12695   2.58589E-14
   5332.60107   2.95296E-14
   5334.07520   3.52387E-14
   5335.54932   3.96834E-14
   5337.02344   3.69461E-14
   5338.49805   2.28539E-14
   5339.97217   2.05624E-14
   5341.44629   3.43541E-14
   5342.92041   1.37278E-14
   5344.39453   2.33701E-14
   5345.86865   2.11738E-14
   5347.34326   2.44620E-14
   5348.81738   2.34462E-14
   5350.29150   2.12073E-14
   5351.76562   1.36046E-14
   5353.23975   1.76287E-14
   5354.71387   2.54679E-14
   5356.18799   1.93679E-14
   5357.66260   2.28573E-14
   5359.13672   1.80717E-14
   5360.61084   2.73461E-14
   5362.08496   3.12966E-14
   5363.55908   2.53646E-14
   5365.03320   3.65834E-14
   5366.50781   2.72798E-14
   5367.98193   3.76998E-14
   5369.45605   2.58409E-14
   5370.93018   1.98714E-14
   5372.40430   2.25533E-14
   5373.87842   2.45530E-14
   5375.35254   3.15493E-14
   5376.82715   2.55125E-14
   5378.30127   2.16125E-14
   5379.77539   2.68865E-14
   5381.24951   2.32347E-14
   5382.72363   3.75758E-14
   5384.19775   2.43868E-14
   5385.67236   2.10841E-14
   5387.14648   3.12778E-14
   5388.62061   1.85495E-14
   5390.09473   2.83348E-14
   5391.56885   2.20166E-14
   5393.04297   3.03706E-14
   5394.51709   2.39733E-14
   5395.99170   4.20483E-14
   5397.46582   2.37531E-14
   5398.93994   2.26342E-14
   5400.41406   2.00421E-14
   5401.88818   3.08879E-14
   5403.36230   1.54230E-14
   5404.83691   2.68060E-14
   5406.31104   2.55702E-14
   5407.78516   4.79683E-14
   5409.25928   5.54170E-14
   5410.73340   1.05828E-13
   5412.20752   1.16563E-13
   5413.68164   8.27926E-14
   5415.15625   6.13375E-14
   5416.63037   3.95978E-14
   5418.10449   2.20722E-14
   5419.57861   2.94965E-14
   5421.05273   2.57074E-14
   5422.52686   3.28703E-14
   5424.00098   3.28494E-14
   5425.47559   3.17088E-14
   5426.94971   3.32767E-14
   5428.42383   4.72394E-14
   5429.89795   3.40489E-14
   5431.37207   2.68467E-14
   5432.84619   2.34131E-14
   5434.32080   1.82730E-14
   5435.79492   3.24507E-14
   5437.26904   2.23797E-14
   5438.74316   1.90041E-14
   5440.21729   2.46230E-14
   5441.69141   3.49059E-14
   5443.16553   2.90293E-14
   5444.64014   1.54389E-14
   5446.11426   2.51784E-14
   5447.58838   2.19287E-14
   5449.06250   2.35144E-14
   5450.53662   2.23048E-14
   5452.01074   1.74606E-14
   5453.48535   2.00685E-14
   5454.95947   2.96885E-14
   5456.43359   2.05815E-14
   5457.90771   2.40754E-14
   5459.38184   2.42403E-14
   5460.85596   2.70102E-14
   5462.33008   2.34683E-14
   5463.80469   2.00104E-14
   5465.27881   2.71787E-14
   5466.75293   2.67443E-14
   5468.22705   2.25653E-14
   5469.70117   2.64852E-14
   5471.17529   2.20446E-14
   5472.64990   1.97930E-14
   5474.12402   1.91460E-14
   5475.59814   2.12482E-14
   5477.07227   1.42535E-14
   5478.54639   1.11486E-14
   5480.02051   2.40513E-14
   5481.49463   2.25071E-14
   5482.96924   3.39697E-14
   5484.44336   2.58182E-14
   5485.91748   2.27067E-14
   5487.39160   3.38017E-14
   5488.86572   2.72496E-14
   5490.33984   2.30483E-14
   5491.81445   2.19786E-14
   5493.28857   2.71300E-14
   5494.76270   2.54582E-14
   5496.23682   2.39212E-14
   5497.71094   3.08838E-14
   5499.18506   2.00680E-14
   5500.65918   1.31305E-14
   5502.13379   1.51979E-14
   5503.60791   3.05386E-14
   5505.08203   3.18610E-14
   5506.55615   1.75816E-14
   5508.03027   2.53251E-14
   5509.50439   3.02957E-14
   5510.97852   2.14787E-14
   5512.45312   1.62246E-14
   5513.92725   2.13482E-14
   5515.40137   1.75434E-14
   5516.87549   2.58678E-14
   5518.34961   2.22947E-14
   5519.82373   2.38358E-14
   5521.29834   2.27810E-14
   5522.77246   2.11080E-14
   5524.24658   3.11487E-14
   5525.72070   2.54569E-14
   5527.19482   3.26646E-14
   5528.66895   3.25611E-14
   5530.14307   1.79263E-14
   5531.61768   2.47012E-14
   5533.09180   3.19051E-14
   5534.56592   1.51692E-14
   5536.04004   3.09384E-14
   5537.51416   3.58176E-14
   5538.98828   2.08684E-14
   5540.46289   2.30053E-14
   5541.93701   2.78109E-14
   5543.41113   2.54485E-14
   5544.88525   2.28825E-14
   5546.35938   1.86486E-14
   5547.83350   3.19821E-14
   5549.30762   2.99460E-14
   5550.78223   3.20985E-14
   5552.25635   3.14022E-14
   5553.73047   1.98895E-14
   5555.20459   1.65948E-14
   5556.67871   2.38171E-14
   5558.15283   2.76827E-14
   5559.62744   2.24029E-14
   5561.10156   3.18309E-14
   5562.57568   2.61127E-14
   5564.04980   1.96882E-14
   5565.52393   2.23569E-14
   5566.99805   2.96074E-14
   5568.47217   2.50512E-14
   5569.94678   2.14135E-14
   5571.42090   2.98866E-14
   5572.89502   2.69457E-14
   5574.36914   1.96632E-14
   5575.84326   1.96852E-14
   5577.31738   3.06913E-14
   5578.79199   3.39556E-14
   5580.26611   3.33600E-14
   5581.74023   3.26259E-14
   5583.21436   2.10253E-14
   5584.68848   2.77195E-14
   5586.16260   2.37763E-14
   5587.63672   3.42230E-14
   5589.11133   2.84395E-14
   5590.58545   1.75866E-14
   5592.05957   2.65924E-14
   5593.53369   1.68227E-14
   5595.00781   1.87434E-14
   5596.48193   2.44002E-14
   5597.95605   2.29371E-14
   5599.43066   1.83633E-14
   5600.90479   3.31065E-14
   5602.37891   3.34985E-14
   5603.85303   2.18674E-14
   5605.32715   2.54648E-14
   5606.80127   2.67478E-14
   5608.27588   2.37505E-14
   5609.75000   2.25264E-14
   5611.22412   3.33571E-14
   5612.69824   3.01480E-14
   5614.17236   2.60672E-14
   5615.64648   3.54538E-14
   5617.12061   6.40040E-14
   5618.59521   7.07394E-14
   5620.06934   8.32926E-14
   5621.54346   4.97825E-14
   5623.01758   3.18109E-14
   5624.49170   2.32187E-14
   5625.96582   1.97474E-14
   5627.44043   2.55883E-14
   5628.91455   3.48028E-14
   5630.38867   3.27153E-14
   5631.86279   3.58383E-14
   5633.33691   3.41378E-14
   5634.81104   2.31836E-14
   5636.28516   1.88986E-14
   5637.75977   2.83797E-14
   5639.23389   1.67077E-14
   5640.70801   2.10612E-14
   5642.18213   2.47353E-14
   5643.65625   1.20025E-14
   5645.13037   2.41537E-14
   5646.60498   2.74499E-14
   5648.07910   2.25146E-14
   5649.55322   2.64240E-14
   5651.02734   2.69397E-14
   5652.50146   2.04535E-14
   5653.97559   1.88997E-14
   5655.44971   1.61813E-14
   5656.92432   3.20592E-14
   5658.39844   3.05255E-14
   5659.87256   2.29477E-14
   5661.34668   2.68083E-14
   5662.82080   2.48095E-14
   5664.29492   2.52128E-14
   5665.76953   1.82366E-14
   5667.24365   1.55127E-14
   5668.71777   2.28842E-14
   5670.19189   2.70288E-14
   5671.66602   2.66181E-14
   5673.14014   2.80588E-14
   5674.61426   2.41033E-14
   5676.08887   3.54804E-14
   5677.56299   3.77264E-14
   5679.03711   3.16828E-14
   5680.51123   3.03041E-14
   5681.98535   3.56330E-14
   5683.45947   1.98039E-14
   5684.93359   3.54702E-14
   5686.40820   2.55166E-14
   5687.88232   1.78839E-14
   5689.35645   2.70335E-14
   5690.83057   2.69451E-14
   5692.30469   1.66134E-14
   5693.77881   2.46486E-14
   5695.25342   2.77012E-14
   5696.72754   1.18522E-14
   5698.20166   2.13814E-14
   5699.67578   2.30857E-14
   5701.14990   3.04079E-14
   5702.62402   2.80265E-14
   5704.09814   1.84730E-14
   5705.57275   3.14126E-14
   5707.04688   2.62112E-14
   5708.52100   2.59593E-14
   5709.99512   2.45225E-14
   5711.46924   3.31433E-14
   5712.94336   2.59696E-14
   5714.41797   2.92574E-14
   5715.89209   3.16820E-14
   5717.36621   5.42050E-14
   5718.84033   1.33934E-13
   5720.31445   2.33001E-13
   5721.78857   3.04870E-13
   5723.26270   2.57400E-13
   5724.73730   1.80580E-13
   5726.21143   9.90651E-14
   5727.68555   5.59690E-14
   5729.15967   3.65190E-14
   5730.63379   2.50962E-14
   5732.10791   2.98046E-14
   5733.58252   2.77265E-14
   5735.05664   2.23915E-14
   5736.53076   2.67146E-14
   5738.00488   2.34496E-14
   5739.47900   2.41841E-14
   5740.95312   2.59995E-14
   5742.42725   2.03879E-14
   5743.90186   2.73717E-14
   5745.37598   2.31073E-14
   5746.85010   3.78780E-14
   5748.32422   3.09066E-14
   5749.79834   3.26563E-14
   5751.27246   6.26311E-14
   5752.74707   9.40500E-14
   5754.22119   1.09048E-13
   5755.69531   9.13587E-14
   5757.16943   6.93702E-14
   5758.64355   3.52856E-14
   5760.11768   2.59967E-14
   5761.59180   2.81781E-14
   5763.06641   2.24815E-14
   5764.54053   2.64126E-14
   5766.01465   2.98687E-14
   5767.48877   2.37356E-14
   5768.96289   2.83487E-14
   5770.43701   3.49896E-14
   5771.91113   2.71315E-14
   5773.38574   3.47166E-14
   5774.85986   3.23147E-14
   5776.33398   1.57156E-14
   5777.80811   1.99458E-14
   5779.28223   2.81498E-14
   5780.75635   2.52341E-14
   5782.23096   3.32021E-14
   5783.70508   2.03200E-14
   5785.17920   2.17230E-14
   5786.65332   2.42573E-14
   5788.12744   2.82486E-14
   5789.60156   3.54610E-14
   5791.07568   2.30330E-14
   5792.55029   2.71749E-14
   5794.02441   3.19232E-14
   5795.49854   2.49157E-14
   5796.97266   3.06034E-14
   5798.44678   2.66469E-14
   5799.92090   3.57141E-14
   5801.39551   3.71093E-14
   5802.86963   3.27768E-14
   5804.34375   3.85172E-14
   5805.81787   3.64210E-14
   5807.29199   3.19289E-14
   5808.76611   3.19435E-14
   5810.24023   3.63734E-14
   5811.71484   3.55145E-14
   5813.18896   2.83316E-14
   5814.66309   2.30529E-14
   5816.13721   3.31421E-14
   5817.61133   3.29830E-14
   5819.08545   2.37692E-14
   5820.56006   2.93424E-14
   5822.03418   3.45395E-14
   5823.50830   3.93124E-14
   5824.98242   2.81986E-14
   5826.45654   2.26882E-14
   5827.93066   3.07757E-14
   5829.40479   2.41004E-14
   5830.87939   1.96991E-14
   5832.35352   2.94925E-14
   5833.82764   2.79023E-14
   5835.30176   1.87729E-14
   5836.77588   3.67211E-14
   5838.25000   2.04514E-14
   5839.72461   2.25742E-14
   5841.19873   2.50549E-14
   5842.67285   2.99640E-14
   5844.14697   3.51525E-14
   5845.62109   2.80806E-14
   5847.09521   1.98520E-14
   5848.56934   3.20303E-14
   5850.04395   2.04415E-14
   5851.51807   2.37925E-14
   5852.99219   1.97821E-14
   5854.46631   2.48671E-14
   5855.94043   3.37326E-14
   5857.41455   1.79297E-14
   5858.88867   2.17666E-14
   5860.36328   2.72538E-14
   5861.83740   3.41880E-14
   5863.31152   2.43993E-14
   5864.78564   2.31604E-14
   5866.25977   2.54468E-14
   5867.73389   3.48528E-14
   5869.20850   2.98232E-14
   5870.68262   2.36539E-14
   5872.15674   4.58674E-14
   5873.63086   1.12079E-13
   5875.10498   2.24801E-13
   5876.57910   2.59380E-13
   5878.05322   2.14786E-13
   5879.52783   1.04980E-13
   5881.00195   4.53721E-14
   5882.47607   2.79720E-14
   5883.95020   3.20352E-14
   5885.42432   3.05443E-14
   5886.89844   1.84436E-14
   5888.37305   3.03093E-14
   5889.84717   1.77967E-14
   5891.32129   2.08715E-14
   5892.79541   2.10979E-14
   5894.26953   1.80213E-14
   5895.74365   1.99079E-14
   5897.21777   1.96324E-14
   5898.69238   2.26649E-14
   5900.16650   3.13212E-14
   5901.64062   2.99530E-14
   5903.11475   2.46877E-14
   5904.58887   3.27412E-14
   5906.06299   1.66276E-14
   5907.53760   1.05902E-14
   5909.01172   1.39625E-14
   5910.48584   1.71197E-14
   5911.95996   2.69209E-14
   5913.43408   2.88421E-14
   5914.90820   3.55619E-14
   5916.38232   1.68350E-14
   5917.85693   1.33952E-14
   5919.33105   2.47526E-14
   5920.80518   1.30828E-14
   5922.27930   2.66763E-14
   5923.75342   2.70222E-14
   5925.22754   1.85244E-14
   5926.70215   2.22476E-14
   5928.17627   2.72817E-14
   5929.65039   1.87731E-14
   5931.12451   1.78042E-14
   5932.59863   2.39557E-14
   5934.07275   3.20963E-14
   5935.54688   2.09664E-14
   5937.02148   2.00492E-14
   5938.49561   2.14583E-14
   5939.96973   2.24104E-14
   5941.44385   3.15922E-14
   5942.91797   2.08592E-14
   5944.39209   3.43111E-14
   5945.86670   2.17309E-14
   5947.34082   2.57028E-14
   5948.81494   2.79034E-14
   5950.28906   3.03438E-14
   5951.76318   2.90100E-14
   5953.23730   2.34247E-14
   5954.71143   3.04865E-14
   5956.18604   2.36746E-14
   5957.66016   2.21190E-14
   5959.13428   1.89458E-14
   5960.60840   2.66691E-14
   5962.08252   2.54287E-14
   5963.55664   2.32093E-14
   5965.03076   2.52101E-14
   5966.50537   2.86286E-14
   5967.97949   1.80622E-14
   5969.45361   1.81948E-14
   5970.92773   3.04951E-14
   5972.40186   2.82747E-14
   5973.87598   3.59506E-14
   5975.35059   2.20173E-14
   5976.82471   1.33951E-14
   5978.29883   2.72036E-14
   5979.77295   2.35834E-14
   5981.24707   1.44105E-14
   5982.72119   2.59146E-14
   5984.19531   3.15933E-14
   5985.66992   3.08820E-14
   5987.14404   2.23603E-14
   5988.61816   2.42077E-14
   5990.09229   2.65457E-14
   5991.56641   3.08326E-14
   5993.04053   4.21958E-14
   5994.51514   3.65119E-14
   5995.98926   3.00418E-14
   5997.46338   2.82577E-14
   5998.93750   2.57783E-14
   6000.41162   3.55550E-14
   6001.88574   2.68077E-14
   6003.35986   2.49132E-14
   6004.83447   3.34684E-14
   6006.30859   2.04083E-14
   6007.78271   2.16210E-14
   6009.25684   3.06893E-14
   6010.73096   2.23474E-14
   6012.20508   3.17313E-14
   6013.67969   3.27004E-14
   6015.15381   3.12831E-14
   6016.62793   3.56286E-14
   6018.10205   2.87722E-14
   6019.57617   2.44033E-14
   6021.05029   3.27799E-14
   6022.52441   3.28249E-14
   6023.99902   2.80205E-14
   6025.47314   4.18663E-14
   6026.94727   3.85912E-14
   6028.42139   3.09339E-14
   6029.89551   3.20072E-14
   6031.36963   1.74684E-14
   6032.84424   3.45519E-14
   6034.31836   2.62299E-14
   6035.79248   3.24642E-14
   6037.26660   2.97920E-14
   6038.74072   3.00505E-14
   6040.21484   3.97253E-14
   6041.68896   2.97332E-14
   6043.16357   3.29415E-14
   6044.63770   3.11426E-14
   6046.11182   3.38116E-14
   6047.58594   4.48691E-14
   6049.06006   3.21287E-14
   6050.53418   2.70917E-14
   6052.00830   3.32231E-14
   6053.48291   2.88700E-14
   6054.95703   3.34705E-14
   6056.43115   2.86631E-14
   6057.90527   3.33876E-14
   6059.37939   3.59644E-14
   6060.85352   3.58643E-14
   6062.32812   4.11725E-14
   6063.80225   2.72035E-14
   6065.27637   3.21240E-14
   6066.75049   2.57343E-14
   6068.22461   2.40874E-14
   6069.69873   2.57473E-14
   6071.17285   2.67998E-14
   6072.64746   3.85137E-14
   6074.12158   4.84512E-14
   6075.59570   4.03371E-14
   6077.06982   4.21516E-14
   6078.54395   2.61273E-14
   6080.01807   2.99748E-14
   6081.49268   3.64124E-14
   6082.96680   7.64175E-14
   6084.44092   1.84715E-13
   6085.91504   4.17938E-13
   6087.38916   5.44921E-13
   6088.86328   4.97737E-13
   6090.33740   3.47932E-13
   6091.81201   1.55587E-13
   6093.28613   8.66093E-14
   6094.76025   5.37033E-14
   6096.23438   4.23512E-14
   6097.70850   3.94201E-14
   6099.18262   3.60921E-14
   6100.65723   4.31738E-14
   6102.13135   3.78217E-14
   6103.60547   4.56398E-14
   6105.07959   5.25429E-14
   6106.55371   3.82417E-14
   6108.02783   3.58209E-14
   6109.50195   4.25993E-14
   6110.97656   2.96994E-14
   6112.45068   2.43730E-14
   6113.92480   2.64294E-14
   6115.39893   4.24075E-14
   6116.87305   3.73596E-14
   6118.34717   4.75292E-14
   6119.82178   5.36478E-14
   6121.29590   3.66320E-14
   6122.77002   3.77881E-14
   6124.24414   2.38292E-14
   6125.71826   3.64398E-14
   6127.19238   3.81144E-14
   6128.66650   5.06841E-14
   6130.14111   3.81231E-14
   6131.61523   3.43767E-14
   6133.08936   3.26183E-14
   6134.56348   2.67185E-14
   6136.03760   3.71197E-14
   6137.51172   3.81942E-14
   6138.98584   2.97595E-14
   6140.46045   3.39185E-14
   6141.93457   3.52287E-14
   6143.40869   3.12373E-14
   6144.88281   2.66163E-14
   6146.35693   3.15521E-14
   6147.83105   4.03458E-14
   6149.30566   4.00709E-14
   6150.77979   2.68209E-14
   6152.25391   2.46606E-14
   6153.72803   3.60223E-14
   6155.20215   3.69143E-14
   6156.67627   3.74873E-14
   6158.15039   2.63154E-14
   6159.62500   3.08272E-14
   6161.09912   2.85745E-14
   6162.57324   2.41638E-14
   6164.04736   2.76126E-14
   6165.52148   3.20163E-14
   6166.99561   4.08421E-14
   6168.47021   3.52987E-14
   6169.94434   3.40767E-14
   6171.41846   3.09205E-14
   6172.89258   3.62411E-14
   6174.36670   4.53692E-14
   6175.84082   2.91822E-14
   6177.31494   2.40048E-14
   6178.78955   2.64859E-14
   6180.26367   3.37272E-14
   6181.73779   3.74894E-14
   6183.21191   2.60112E-14
   6184.68604   2.75731E-14
   6186.16016   2.68256E-14
   6187.63477   2.91841E-14
   6189.10889   3.34934E-14
   6190.58301   3.70998E-14
   6192.05713   4.23178E-14
   6193.53125   2.99742E-14
   6195.00537   3.56705E-14
   6196.47949   3.70211E-14
   6197.95410   2.70062E-14
   6199.42822   2.54456E-14
   6200.90234   2.10304E-14
   6202.37646   2.90177E-14
   6203.85059   2.99084E-14
   6205.32471   2.77376E-14
   6206.79932   2.03417E-14
   6208.27344   2.31499E-14
   6209.74756   3.15614E-14
   6211.22168   3.66669E-14
   6212.69580   2.57331E-14
   6214.16992   2.77326E-14
   6215.64404   2.53981E-14
   6217.11865   3.41868E-14
   6218.59277   3.32466E-14
   6220.06689   2.45612E-14
   6221.54102   1.74733E-14
   6223.01514   3.14134E-14
   6224.48926   3.10942E-14
   6225.96338   2.29978E-14
   6227.43799   2.76191E-14
   6228.91211   2.87886E-14
   6230.38623   3.06831E-14
   6231.86035   3.81006E-14
   6233.33447   3.22309E-14
   6234.80859   3.28809E-14
   6236.28320   3.97028E-14
   6237.75732   3.18796E-14
   6239.23145   3.29830E-14
   6240.70557   3.27054E-14
   6242.17969   3.50841E-14
   6243.65381   2.36869E-14
   6245.12793   2.32010E-14
   6246.60254   2.98581E-14
   6248.07666   4.68272E-14
   6249.55078   4.05372E-14
   6251.02490   4.13747E-14
   6252.49902   2.64895E-14
   6253.97314   3.00400E-14
   6255.44775   4.34012E-14
   6256.92188   2.95111E-14
   6258.39600   1.05310E-14
   6259.87012   2.22760E-14
   6261.34424   3.75935E-14
   6262.81836   2.81884E-14
   6264.29248   2.81808E-14
   6265.76709   3.08674E-14
   6267.24121   3.29797E-14
   6268.71533   2.86783E-14
   6270.18945   2.60858E-14
   6271.66357   4.66787E-14
   6273.13770   3.28711E-14
   6274.61230   2.50585E-14
   6276.08643   2.64175E-14
   6277.56055   3.04078E-14
   6279.03467   3.89402E-14
   6280.50879   2.94590E-14
   6281.98291   2.45279E-14
   6283.45703   2.23276E-14
   6284.93164   2.51145E-14
   6286.40576   2.19861E-14
   6287.87988   3.92424E-14
   6289.35400   3.22555E-14
   6290.82812   3.03423E-14
   6292.30225   2.03942E-14
   6293.77686   3.63551E-14
   6295.25098   4.02410E-14
   6296.72510   3.60785E-14
   6298.19922   5.30783E-14
   6299.67334   8.38439E-14
   6301.14746   9.69354E-14
   6302.62158   7.87183E-14
   6304.09619   4.90948E-14
   6305.57031   2.90274E-14
   6307.04443   4.57675E-14
   6308.51855   3.53344E-14
   6309.99268   5.26154E-14
   6311.46680   5.49163E-14
   6312.94092   7.37462E-14
   6314.41553   4.39697E-14
   6315.88965   3.52038E-14
   6317.36377   5.16595E-14
   6318.83789   4.14947E-14
   6320.31201   4.58162E-14
   6321.78613   3.82002E-14
   6323.26074   2.46737E-14
   6324.73486   2.90709E-14
   6326.20898   3.20658E-14
   6327.68311   7.85244E-15
   6329.15723   4.34831E-14
   6330.63135   2.69739E-14
   6332.10547   2.96734E-14
   6333.58008   3.84395E-14
   6335.05420   3.85162E-14
   6336.52832   3.34446E-14
   6338.00244   4.10702E-14
   6339.47656   3.41279E-14
   6340.95068   3.75346E-14
   6342.42529   4.02035E-14
   6343.89941   3.90813E-14
   6345.37354   4.69030E-14
   6346.84766   3.32779E-14
   6348.32178   3.82147E-14
   6349.79590   4.04322E-14
   6351.27002   2.53378E-14
   6352.74463   3.19430E-14
   6354.21875   4.81171E-14
   6355.69287   4.19618E-14
   6357.16699   3.37071E-14
   6358.64111   3.46690E-14
   6360.11523   4.59762E-14
   6361.58984   4.34797E-14
   6363.06396   5.72006E-14
   6364.53809   6.11975E-14
   6366.01221   4.82886E-14
   6367.48633   4.09155E-14
   6368.96045   4.67621E-14
   6370.43457   4.27075E-14
   6371.90918   3.83279E-14
   6373.38330   3.71007E-14
   6374.85742   3.26839E-14
   6376.33154   4.24972E-14
   6377.80566   3.83694E-14
   6379.27979   5.06574E-14
   6380.75439   4.57026E-14
   6382.22852   4.06815E-14
   6383.70264   4.80295E-14
   6385.17676   4.92335E-14
   6386.65088   4.84585E-14
   6388.12500   5.17896E-14
   6389.59912   3.63135E-14
   6391.07373   3.39924E-14
   6392.54785   5.33208E-14
   6394.02197   5.10394E-14
   6395.49609   4.35464E-14
   6396.97021   3.34180E-14
   6398.44434   4.18648E-14
   6399.91846   5.29507E-14
   6401.39307   4.79860E-14
   6402.86719   4.44412E-14
   6404.34131   4.92419E-14
   6405.81543   4.47067E-14
   6407.28955   4.72106E-14
   6408.76367   5.07467E-14
   6410.23828   4.78702E-14
   6411.71240   4.99066E-14
   6413.18652   4.11207E-14
   6414.66064   5.37167E-14
   6416.13477   4.77087E-14
   6417.60889   4.68881E-14
   6419.08301   4.65060E-14
   6420.55762   3.85966E-14
   6422.03174   3.46554E-14
   6423.50586   4.07841E-14
   6424.97998   4.32188E-14
   6426.45410   4.23814E-14
   6427.92822   3.70369E-14
   6429.40283   4.57081E-14
   6430.87695   4.02982E-14
   6432.35107   5.39455E-14
   6433.82520   6.00303E-14
   6435.29932   5.44943E-14
   6436.77344   4.77056E-14
   6438.24756   5.77106E-14
   6439.72217   4.12634E-14
   6441.19629   3.65636E-14
   6442.67041   5.36654E-14
   6444.14453   4.32838E-14
   6445.61865   5.19348E-14
   6447.09277   4.54564E-14
   6448.56738   4.07878E-14
   6450.04150   4.53948E-14
   6451.51562   5.32422E-14
   6452.98975   4.64925E-14
   6454.46387   4.81374E-14
   6455.93799   5.64343E-14
   6457.41211   6.05874E-14
   6458.88672   4.49160E-14
   6460.36084   4.79514E-14
   6461.83496   5.32711E-14
   6463.30908   4.84725E-14
   6464.78320   5.78846E-14
   6466.25732   5.78637E-14
   6467.73193   5.55351E-14
   6469.20605   5.49624E-14
   6470.68018   5.51912E-14
   6472.15430   5.41030E-14
   6473.62842   4.03239E-14
   6475.10254   4.35922E-14
   6476.57666   3.56582E-14
   6478.05127   5.10512E-14
   6479.52539   3.46248E-14
   6480.99951   4.47277E-14
   6482.47363   4.77083E-14
   6483.94775   4.60305E-14
   6485.42188   4.99188E-14
   6486.89648   4.70413E-14
   6488.37061   4.46334E-14
   6489.84473   3.98793E-14
   6491.31885   4.66720E-14
   6492.79297   4.83464E-14
   6494.26709   4.84621E-14
   6495.74121   5.98114E-14
   6497.21582   5.61089E-14
   6498.68994   5.52798E-14
   6500.16406   5.86828E-14
   6501.63818   7.04562E-14
   6503.11230   6.48440E-14
   6504.58643   5.01214E-14
   6506.06055   6.18999E-14
   6507.53516   5.49062E-14
   6509.00928   4.80161E-14
   6510.48340   5.74242E-14
   6511.95752   5.96174E-14
   6513.43164   4.97127E-14
   6514.90576   5.41513E-14
   6516.38037   6.65355E-14
   6517.85449   5.55874E-14
   6519.32861   7.41998E-14
   6520.80273   6.23194E-14
   6522.27686   5.41312E-14
   6523.75098   6.46957E-14
   6525.22510   6.80119E-14
   6526.69971   8.09769E-14
   6528.17383   7.71568E-14
   6529.64795   8.09770E-14
   6531.12207   9.05676E-14
   6532.59619   9.17049E-14
   6534.07031   7.98417E-14
   6535.54492   9.02246E-14
   6537.01904   1.00485E-13
   6538.49316   1.17036E-13
   6539.96729   1.23076E-13
   6541.44141   1.16260E-13
   6542.91553   1.32033E-13
   6544.38965   1.52872E-13
   6545.86426   1.66408E-13
   6547.33838   1.90300E-13
   6548.81250   2.08145E-13
   6550.28662   2.27591E-13
   6551.76074   2.40674E-13
   6553.23486   2.83523E-13
   6554.70947   3.44782E-13
   6556.18359   5.32658E-13
   6557.65771   8.14709E-13
   6559.13184   1.72709E-12
   6560.60596   3.41077E-12
   6562.08008   4.81604E-12
   6563.55420   5.06743E-12
   6565.02881   4.15628E-12
   6566.50293   2.97259E-12
   6567.97705   1.75930E-12
   6569.45117   1.01709E-12
   6570.92529   6.26074E-13
   6572.39941   4.13873E-13
   6573.87402   3.34909E-13
   6575.34814   2.58674E-13
   6576.82227   2.14847E-13
   6578.29639   1.84832E-13
   6579.77051   2.03217E-13
   6581.24463   2.45329E-13
   6582.71875   2.78754E-13
   6584.19336   2.02681E-13
   6585.66748   1.47680E-13
   6587.14160   1.16452E-13
   6588.61572   1.03909E-13
   6590.08984   1.11325E-13
   6591.56396   9.09826E-14
   6593.03809   7.91854E-14
   6594.51270   1.05294E-13
   6595.98682   8.03950E-14
   6597.46094   7.15534E-14
   6598.93506   8.30293E-14
   6600.40918   7.47571E-14
   6601.88330   7.66626E-14
   6603.35791   7.65890E-14
   6604.83203   7.17530E-14
   6606.30615   5.76400E-14
   6607.78027   6.50326E-14
   6609.25439   5.69252E-14
   6610.72852   6.57743E-14
   6612.20264   6.25590E-14
   6613.67725   5.70494E-14
   6615.15137   6.81252E-14
   6616.62549   6.33257E-14
   6618.09961   6.15764E-14
   6619.57373   5.69774E-14
   6621.04785   6.49035E-14
   6622.52246   6.46306E-14
   6623.99658   6.67551E-14
   6625.47070   5.98047E-14
   6626.94482   5.05833E-14
   6628.41895   5.72785E-14
   6629.89307   5.22136E-14
   6631.36719   6.36160E-14
   6632.84180   5.66369E-14
   6634.31592   4.79007E-14
   6635.79004   5.36532E-14
   6637.26416   4.38595E-14
   6638.73828   5.03282E-14
   6640.21240   5.65188E-14
   6641.68701   4.73615E-14
   6643.16113   4.96857E-14
   6644.63525   5.08594E-14
   6646.10938   4.37256E-14
   6647.58350   5.83652E-14
   6649.05762   6.31340E-14
   6650.53174   3.78771E-14
   6652.00635   5.02251E-14
   6653.48047   4.59495E-14
   6654.95459   4.99613E-14
   6656.42871   5.35313E-14
   6657.90283   4.28702E-14
   6659.37695   3.73958E-14
   6660.85156   4.65939E-14
   6662.32568   4.08438E-14
   6663.79980   3.89881E-14
   6665.27393   4.20217E-14
   6666.74805   4.01411E-14
   6668.22217   4.15078E-14
   6669.69629   3.77318E-14
   6671.17090   3.93974E-14
   6672.64502   4.92301E-14
   6674.11914   3.86508E-14
   6675.59326   7.20634E-14
   6677.06738   1.04195E-13
   6678.54150   1.39856E-13
   6680.01562   1.35249E-13
   6681.49023   9.39777E-14
   6682.96436   7.44796E-14
   6684.43848   7.00004E-14
   6685.91260   5.62753E-14
   6687.38672   5.28711E-14
   6688.86084   6.18310E-14
   6690.33545   6.41235E-14
   6691.80957   4.50342E-14
   6693.28369   4.19164E-14
   6694.75781   4.02794E-14
   6696.23193   3.91371E-14
   6697.70605   3.82971E-14
   6699.18018   4.87999E-14
   6700.65479   5.33420E-14
   6702.12891   3.20351E-14
   6703.60303   4.30806E-14
   6705.07715   4.31633E-14
   6706.55127   3.49716E-14
   6708.02539   4.24684E-14
   6709.50000   4.71548E-14
   6710.97412   4.60202E-14
   6712.44824   4.49096E-14
   6713.92236   3.21658E-14
   6715.39648   4.34856E-14
   6716.87061   3.71402E-14
   6718.34473   3.18012E-14
   6719.81934   3.79849E-14
   6721.29346   4.67288E-14
   6722.76758   2.62098E-14
   6724.24170   4.33878E-14
   6725.71582   4.18875E-14
   6727.18994   4.70490E-14
   6728.66455   3.53911E-14
   6730.13867   4.45716E-14
   6731.61279   5.93278E-14
   6733.08691   4.45281E-14
   6734.56104   3.78155E-14
   6736.03516   4.29891E-14
   6737.50928   3.79500E-14
   6738.98389   3.80645E-14
   6740.45801   4.11962E-14
   6741.93213   3.57383E-14
   6743.40625   5.06255E-14
   6744.88037   4.86366E-14
   6746.35449   5.32801E-14
   6747.82910   4.02123E-14
   6749.30322   3.99059E-14
   6750.77734   3.42697E-14
   6752.25146   4.72738E-14
   6753.72559   5.32986E-14
   6755.19971   3.83601E-14
   6756.67383   3.89468E-14
   6758.14844   4.04553E-14
   6759.62256   4.67377E-14
   6761.09668   5.04822E-14
   6762.57080   5.28239E-14
   6764.04492   4.63851E-14
   6765.51904   4.86968E-14
   6766.99316   3.65489E-14
   6768.46777   3.96707E-14
   6769.94189   6.06828E-14
   6771.41602   4.76122E-14
   6772.89014   4.27272E-14
   6774.36426   5.88278E-14
   6775.83838   6.49747E-14
   6777.31299   6.45657E-14
   6778.78711   4.93515E-14
   6780.26123   4.35967E-14
   6781.73535   3.49798E-14
   6783.20947   4.32470E-14
   6784.68359   4.71414E-14
   6786.15771   4.29245E-14
   6787.63232   3.56205E-14
   6789.10645   4.43285E-14
   6790.58057   4.37160E-14
   6792.05469   5.17993E-14
   6793.52881   3.89505E-14
   6795.00293   5.04772E-14
   6796.47754   4.99108E-14
   6797.95166   5.77212E-14
   6799.42578   3.18048E-14
   6800.89990   4.20444E-14
   6802.37402   4.23105E-14
   6803.84814   4.50072E-14
   6805.32227   5.22676E-14
   6806.79688   4.63252E-14
   6808.27100   4.83083E-14
   6809.74512   5.08960E-14
   6811.21924   4.57286E-14
   6812.69336   4.42235E-14
   6814.16748   6.44120E-14
   6815.64209   6.66125E-14
   6817.11621   6.05685E-14
   6818.59033   6.68134E-14
   6820.06445   9.13563E-14
   6821.53857   1.10855E-13
   6823.01270   1.26275E-13
   6824.48682   1.39078E-13
   6825.96143   1.35974E-13
   6827.43555   1.40262E-13
   6828.90967   1.53548E-13
   6830.38379   1.65297E-13
   6831.85791   1.46248E-13
   6833.33203   1.44575E-13
   6834.80664   1.26182E-13
   6836.28076   1.06949E-13
   6837.75488   9.59080E-14
   6839.22900   8.76668E-14
   6840.70312   8.54772E-14
   6842.17725   7.58440E-14
   6843.65137   8.14643E-14
   6845.12598   9.06444E-14
   6846.60010   9.85505E-14
   6848.07422   1.07253E-13
   6849.54834   9.51953E-14
   6851.02246   8.50944E-14
   6852.49658   9.49065E-14
   6853.97070   7.30353E-14
   6855.44531   4.72611E-14
   6856.91943   5.30747E-14
   6858.39355   5.63358E-14
   6859.86768   4.97591E-14
   6861.34180   5.51913E-14
   6862.81592   5.04956E-14
   6864.29053   5.27815E-14
   6865.76465   6.27076E-14
   6867.23877   4.71845E-14
   6868.71289   4.82475E-14
   6870.18701   3.65323E-14
   6871.66113   4.25860E-14
   6873.13525   4.89424E-14
   6874.60986   4.28955E-14
   6876.08398   4.78631E-14
   6877.55811   4.62122E-14
   6879.03223   4.99562E-14
   6880.50635   5.42056E-14
   6881.98047   5.91442E-14
   6883.45508   5.41469E-14
   6884.92920   6.52958E-14
   6886.40332   6.46299E-14
   6887.87744   4.40969E-14
   6889.35156   5.86435E-14
   6890.82568   7.89461E-14
   6892.29980   6.13561E-14
   6893.77441   5.64654E-14
   6895.24854   6.84055E-14
   6896.72266   6.59157E-14
   6898.19678   6.65400E-14
   6899.67090   5.76098E-14
   6901.14502   6.23552E-14
   6902.61963   6.60466E-14
   6904.09375   5.20264E-14
   6905.56787   5.84078E-14
   6907.04199   5.94222E-14
   6908.51611   7.76505E-14
   6909.99023   7.19711E-14
   6911.46436   6.08864E-14
   6912.93896   6.31541E-14
   6914.41309   7.37771E-14
   6915.88721   6.41151E-14
   6917.36133   7.42186E-14
   6918.83545   7.42844E-14
   6920.30957   6.94758E-14
   6921.78418   7.67301E-14
   6923.25830   6.76550E-14
   6924.73242   6.52296E-14
   6926.20654   6.01138E-14
   6927.68066   6.56206E-14
   6929.15479   5.94223E-14
   6930.62891   5.86404E-14
   6932.10352   6.04646E-14
   6933.57764   6.29660E-14
   6935.05176   6.48481E-14
   6936.52588   5.65374E-14
   6938.00000   6.24007E-14
   6939.47412   6.28923E-14
   6940.94824   7.32317E-14
   6942.42285   6.58448E-14
   6943.89697   7.86103E-14
   6945.37109   8.01433E-14
   6946.84521   7.23755E-14
   6948.31934   8.87947E-14
   6949.79346   6.89430E-14
   6951.26807   7.19279E-14
   6952.74219   6.91413E-14
   6954.21631   7.25477E-14
   6955.69043   7.16250E-14
   6957.16455   7.80512E-14
   6958.63867   8.11061E-14
   6960.11279   7.46976E-14
   6961.58740   6.91223E-14
   6963.06152   6.91350E-14
   6964.53564   8.21211E-14
   6966.00977   8.82190E-14
   6967.48389   8.12148E-14
   6968.95801   9.23119E-14
   6970.43262   8.02648E-14
   6971.90674   7.19240E-14
   6973.38086   7.80664E-14
   6974.85498   9.26835E-14
   6976.32910   9.72772E-14
   6977.80322   8.76097E-14
   6979.27734   8.69679E-14
   6980.75195   9.26504E-14
   6982.22607   8.66460E-14
   6983.70020   8.17111E-14
   6985.17432   8.57224E-14
   6986.64844   8.72527E-14
   6988.12256   9.67742E-14
   6989.59717   8.93822E-14
   6991.07129   7.72144E-14
   6992.54541   8.52198E-14
   6994.01953   8.22993E-14
   6995.49365   8.83873E-14
   6996.96777   8.63513E-14
   6998.44189   8.67809E-14
   6999.91650   9.74206E-14
   7001.39062   8.15329E-14
   7002.86475   1.08507E-13
   7004.33887   1.13001E-13
   7005.81299   1.24035E-13
   7007.28711   1.17236E-13
   7008.76172   1.18717E-13
   7010.23584   1.15231E-13
   7011.70996   9.34718E-14
   7013.18408   1.00934E-13
   7014.65820   4.17090E-14
   7016.13232   7.68833E-14
   7017.60645   9.35075E-14
   7019.08105   9.31179E-14
   7020.55518   8.71266E-14
   7022.02930   9.59293E-14
   7023.50342   9.60904E-14
   7024.97754   8.16111E-14
   7026.45166   9.83974E-14
   7027.92578   8.57388E-14
   7029.40039   9.91944E-14
   7030.87451   9.35171E-14
   7032.34863   1.04152E-13
   7033.82275   1.11195E-13
   7035.29688   9.40618E-14
   7036.77100   1.10380E-13
   7038.24561   8.22233E-14
   7039.71973   8.33926E-14
   7041.19385   8.03662E-14
   7042.66797   9.36032E-14
   7044.14209   8.88596E-14
   7045.61621   9.21087E-14
   7047.09033   9.20540E-14
   7048.56494   6.84756E-14
   7050.03906   9.97311E-14
   7051.51318   9.41823E-14
   7052.98730   8.35193E-14
   7054.46143   7.37405E-14
   7055.93555   7.79977E-14
   7057.41016   7.16425E-14
   7058.88428   6.48095E-14
   7060.35840   6.25503E-14
   7061.83252   6.14875E-14
   7063.30664   1.53719E-13
   7064.78076   2.67252E-13
   7066.25488   3.63467E-13
   7067.72949   3.26278E-13
   7069.20361   1.88386E-13
   7070.67773   8.42250E-14
   7072.15186   6.82655E-14
   7073.62598   6.98889E-14
   7075.10010   6.34891E-14
   7076.57471   5.79216E-14
   7078.04883   6.21760E-14
   7079.52295   5.97670E-14
   7080.99707   6.49263E-14
   7082.47119   7.26843E-14
   7083.94531   7.01266E-14
   7085.41943   8.24574E-14
   7086.89404   9.10122E-14
   7088.36816   7.26262E-14
   7089.84229   7.08922E-14
   7091.31641   8.05714E-14
   7092.79053   7.29414E-14
   7094.26465   6.07157E-14
   7095.73926   7.83270E-14
   7097.21338   6.41072E-14
   7098.68750   4.98824E-14
   7100.16162   5.21325E-14
   7101.63574   4.58002E-14
   7103.10986   6.05679E-14
   7104.58398   5.63438E-14
   7106.05859   5.85193E-14
   7107.53271   4.57048E-14
   7109.00684   6.04941E-14
   7110.48096   6.25807E-14
   7111.95508   4.83760E-14
   7113.42920   6.21677E-14
   7114.90381   5.31678E-14
   7116.37793   5.78557E-14
   7117.85205   6.02585E-14
   7119.32617   5.89530E-14
   7120.80029   6.75353E-14
   7122.27441   7.43572E-14
   7123.74854   6.51564E-14
   7125.22314   4.92838E-14
   7126.69727   5.16509E-14
   7128.17139   5.89019E-14
   7129.64551   4.70769E-14
   7131.11963   4.69940E-14
   7132.59375   6.33773E-14
   7134.06787   8.24745E-14
   7135.54248   8.42307E-14
   7137.01660   7.19897E-14
   7138.49072   6.97277E-14
   7139.96484   4.92073E-14
   7141.43896   6.07205E-14
   7142.91309   5.87559E-14
   7144.38770   5.63042E-14
   7145.86182   5.55092E-14
   7147.33594   5.95642E-14
   7148.81006   4.11036E-14
   7150.28418   4.50782E-14
   7151.75830   5.39318E-14
   7153.23242   7.43925E-14
   7154.70703   6.85788E-14
   7156.18115   7.90235E-14
   7157.65527   7.95820E-14
   7159.12939   6.27856E-14
   7160.60352   5.47960E-14
   7162.07764   6.16336E-14
   7163.55225   6.37564E-14
   7165.02637   4.94035E-14
   7166.50049   5.82530E-14
   7167.97461   6.82380E-14
   7169.44873   6.69378E-14
   7170.92285   6.76684E-14
   7172.39697   7.89368E-14
   7173.87158   7.67856E-14
   7175.34570   6.32615E-14
   7176.81982   7.37195E-14
   7178.29395   8.09967E-14
   7179.76807   6.14217E-14
   7181.24219   6.76621E-14
   7182.71680   6.55957E-14
   7184.19092   5.43314E-14
   7185.66504   6.51131E-14
   7187.13916   6.03219E-14
   7188.61328   5.75387E-14
   7190.08740   6.60412E-14
   7191.56152   6.12946E-14
   7193.03613   5.75102E-14
   7194.51025   5.61771E-14
   7195.98438   4.50683E-14
   7197.45850   5.74316E-14
   7198.93262   5.46234E-14
   7200.40674   3.44608E-14
   7201.88135   5.33271E-14
   7203.35547   6.42505E-14
   7204.82959   5.40159E-14
   7206.30371   5.16301E-14
   7207.77783   6.02592E-14
   7209.25195   6.60713E-14
   7210.72607   7.06085E-14
   7212.20068   7.81848E-14
   7213.67480   6.51704E-14
   7215.14893   6.12582E-14
   7216.62305   4.94148E-14
   7218.09717   5.43319E-14
   7219.57129   6.35665E-14
   7221.04541   6.25592E-14
   7222.52002   6.48702E-14
   7223.99414   6.66038E-14
   7225.46826   7.80099E-14
   7226.94238   7.99287E-14
   7228.41650   7.83496E-14
   7229.89062   6.63010E-14
   7231.36523   5.42676E-14
   7232.83936   6.27068E-14
   7234.31348   8.10517E-14
   7235.78760   7.90123E-14
   7237.26172   7.98937E-14
   7238.73584   9.00725E-14
   7240.20996   7.89328E-14
   7241.68457   7.15471E-14
   7243.15869   7.10884E-14
   7244.63281   8.41961E-14
   7246.10693   9.46693E-14
   7247.58105   6.61072E-14
   7249.05518   7.16512E-14
   7250.52979   7.46766E-14
   7252.00391   6.39599E-14
   7253.47803   5.84658E-14
   7254.95215   7.47122E-14
   7256.42627   7.80377E-14
   7257.90039   7.46378E-14
   7259.37451   8.29620E-14
   7260.84912   9.61106E-14
   7262.32324   1.00713E-13
   7263.79736   8.72292E-14
   7265.27148   8.66236E-14
   7266.74561   7.35204E-14
   7268.21973   8.65670E-14
   7269.69434   1.02633E-13
   7271.16846   6.64933E-14
   7272.64258   8.01040E-14
   7274.11670   7.68126E-14
   7275.59082   8.48049E-14
   7277.06494   7.08825E-14
   7278.53906   8.60390E-14
   7280.01367   1.05867E-13
   7281.48779   1.19989E-13
   7282.96191   1.05863E-13
   7284.43604   1.06444E-13
   7285.91016   9.35675E-14
   7287.38428   7.88048E-14
   7288.85889   8.20583E-14
   7290.33301   1.00819E-13
   7291.80713   9.80519E-14
   7293.28125   1.04215E-13
   7294.75537   1.04253E-13
   7296.22949   9.69912E-14
   7297.70361   8.85400E-14
   7299.17822   8.59739E-14
   7300.65234   1.03712E-13
   7302.12646   8.38385E-14
   7303.60059   2.94592E-14
   7305.07471   1.07597E-13
   7306.54883   9.74854E-14
   7308.02295   1.21358E-13
   7309.49756   9.46338E-14
   7310.97168   1.14300E-13
   7312.44580   1.07768E-13
   7313.91992   1.13339E-13
   7315.39404   1.09078E-13
   7316.86816   1.40577E-13
   7318.34277   1.27337E-13
   7319.81689   1.34942E-13
   7321.29102   1.43797E-13
   7322.76514   1.27699E-13
   7324.23926   9.50746E-14
   7325.71338   1.28142E-13
   7327.18750   1.29095E-13
   7328.66211   1.45518E-13
   7330.13623   1.47675E-13
   7331.61035   1.41161E-13
   7333.08447   1.39530E-13
   7334.55859   1.29340E-13
   7336.03271   1.22908E-13
   7337.50732   1.38593E-13
   7338.98145   1.17936E-13
   7340.45557   1.33917E-13
   7341.92969   1.46420E-13
   7343.40381   1.18557E-13
   7344.87793   1.19364E-13
   7346.35205   1.24234E-13
   7347.82666   1.12942E-13
   7349.30078   1.32200E-13
   7350.77490   1.27112E-13
   7352.24902   1.42984E-13
   7353.72314   1.51715E-13
   7355.19727   1.29705E-13
   7356.67188   1.28160E-13
   7358.14600   1.28243E-13
   7359.62012   1.29386E-13
   7361.09424   1.33299E-13
   7362.56836   1.32772E-13
   7364.04248   1.55224E-13
   7365.51660   1.26731E-13
   7366.99121   1.65114E-13
   7368.46533   1.38281E-13
   7369.93945   1.38168E-13
   7371.41357   1.67727E-13
   7372.88770   1.39103E-13
   7374.36182   1.44112E-13
   7375.83643   1.50422E-13
   7377.31055   1.57262E-13
   7378.78467   1.83470E-13
   7380.25879   1.35075E-13
   7381.73291   1.70921E-13
   7383.20703   1.34877E-13
   7384.68115   1.56876E-13
   7386.15576   1.49578E-13
   7387.62988   1.66993E-13
   7389.10400   1.56855E-13
   7390.57812   1.62018E-13
   7392.05225   1.27863E-13
   7393.52637   1.69920E-13
   7395.00049   1.40814E-13
   7396.47510   1.53366E-13
   7397.94922   1.72308E-13
   7399.42334   1.47250E-13
   7400.89746   1.51739E-13
   7402.37158   1.42892E-13
   7403.84570   1.74080E-13
   7405.32031   1.95148E-13
   7406.79443   1.39660E-13
   7408.26855   1.82296E-13
   7409.74268   1.64801E-13
   7411.21680   1.41965E-13
   7412.69092   1.60353E-13
   7414.16504   1.64437E-13
   7415.63965   1.56041E-13
   7417.11377   1.38834E-13
   7418.58789   1.62491E-13
