wavelength        flux
3615.14379882812  13.7198
3616.61485183239  39.36613
3618.08590483665  41.71244
3619.55695784092  35.91117
3621.02801084518  -15.86438
3622.49906384945  42.14685
3623.97011685371  6.352526
3625.44116985798  59.58015
3626.91222286224  25.83712
3628.38327586651  18.83952
3629.85432887077  32.43815
3631.32538187504  20.87161
3632.7964348793  22.86671
3634.26748788357  26.21371
3635.73854088783  33.25608
3637.2095938921  18.39804
3638.68064689636  10.16396
3640.15169990063  45.99874
3641.62275290489  21.83548
3643.09380590916  3.784774
3644.56485891342  11.56398
3646.03591191769  33.55996
3647.50696492195  37.61566
3648.97801792622  55.31559
3650.44907093048  49.73199
3651.92012393475  22.61832
3653.39117693901  38.33399
3654.86222994328  -4.515031
3656.33328294754  11.05381
3657.8043359518  22.67412
3659.27538895607  29.86829
3660.74644196033  9.196091
3662.2174949646  38.71014
3663.68854796886  -7.237234
3665.15960097313  22.34836
3666.63065397739  62.98176
3668.10170698166  25.26384
3669.57275998592  0.251096
3671.04381299019  5.173822
3672.51486599445  39.56234
3673.98591899872  12.21899
3675.45697200298  24.16006
3676.92802500725  13.19374
3678.39907801151  34.21277
3679.87013101578  -7.008826
3681.34118402004  25.74828
3682.81223702431  82.69681
3684.28329002857  1.011362
3685.75434303284  24.88489
3687.2253960371  26.92805
3688.69644904137  32.86659
3690.16750204563  50.93345
3691.6385550499  14.28184
3693.10960805416  14.28999
3694.58066105843  48.55061
3696.05171406269  39.44324
3697.52276706695  8.123942
3698.99382007122  -3.835558
3700.46487307548  42.98297
3701.93592607975  19.02463
3703.40697908401  38.39426
3704.87803208828  21.14049
3706.34908509254  75.32426
3707.82013809681  10.51671
3709.29119110107  30.73427
3710.76224410534  31.99022
3712.2332971096  35.53261
3713.70435011387  29.04998
3715.17540311813  18.07551
3716.6464561224  28.43577
3718.11750912666  45.39434
3719.58856213093  49.87865
3721.05961513519  48.42516
3722.53066813946  39.14761
3724.00172114372  30.66094
3725.47277414799  45.35829
3726.94382715225  48.40061
3728.41488015652  25.93361
3729.88593316078  55.48881
3731.35698616505  60.78082
3732.82803916931  57.83033
3734.29909217358  63.38767
3735.77014517784  33.16504
3737.24119818211  26.84737
3738.71225118637  32.07408
3740.18330419064  37.92072
3741.6543571949  36.04708
3743.12541019917  27.12092
3744.59646320343  41.86993
3746.06751620769  69.74335
3747.53856921196  62.40263
3749.00962221622  51.73593
3750.48067522049  22.27854
3751.95172822475  28.86264
3753.42278122902  55.27583
3754.89383423328  24.50165
3756.36488723755  10.15177
3757.83594024181  44.34252
3759.30699324608  19.92694
3760.77804625034  47.03207
3762.24909925461  56.34361
3763.72015225887  -19.22474
3765.19120526314  10.38431
3766.6622582674  57.33198
3768.13331127167  61.89771
3769.60436427593  79.78245
3771.0754172802  79.11446
3772.54647028446  15.97312
3774.01752328873  32.08985
3775.48857629299  76.33884
3776.95962929726  -0.3230532
3778.43068230152  61.37067
3779.90173530579  -3.812547
3781.37278831005  42.04905
3782.84384131432  30.96161
3784.31489431858  -21.58347
3785.78594732284  27.28824
3787.25700032711  34.11465
3788.72805333137  35.09285
3790.19910633564  35.70972
3791.6701593399  42.03334
3793.14121234417  46.21025
3794.61226534843  36.83188
3796.0833183527  63.12976
3797.55437135696  45.57814
3799.02542436123  39.25055
3800.49647736549  42.55938
3801.96753036976  63.7886
3803.43858337402  2.719522
3804.90963637829  -0.8502304
3806.38068938255  52.03244
3807.85174238682  41.0166
3809.32279539108  29.95897
3810.79384839535  62.83166
3812.26490139961  66.48048
3813.73595440388  24.18644
3815.20700740814  35.09984
3816.67806041241  25.80078
3818.14911341667  12.30824
3819.62016642094  23.9585
3821.0912194252  33.65194
3822.56227242947  8.4162
3824.03332543373  -3.297472
3825.50437843799  6.826007
3826.97543144226  72.31409
3828.44648444653  87.47478
3829.91753745079  32.20745
3831.38859045505  92.47118
3832.85964345932  76.77511
3834.33069646358  64.50819
3835.80174946785  34.96443
3837.27280247211  48.92942
3838.74385547638  37.53502
3840.21490848064  5.835903
3841.68596148491  40.2207
3843.15701448917  38.33377
3844.62806749344  56.24673
3846.0991204977  79.28669
3847.57017350197  16.79992
3849.04122650623  -4.704308
3850.5122795105  55.57682
3851.98333251476  29.59741
3853.45438551903  0.4229867
3854.92543852329  5.657658
3856.39649152756  13.80277
3857.86754453182  28.77435
3859.33859753609  7.707545
3860.80965054035  17.52279
3862.28070354462  5.180426
3863.75175654888  66.42674
3865.22280955315  63.7576
3866.69386255741  54.21462
3868.16491556168  49.64786
3869.63596856594  49.15263
3871.1070215702  14.73776
3872.57807457447  12.09306
3874.04912757873  24.65402
3875.520180583  72.14124
3876.99123358726  73.69855
3878.46228659153  41.70055
3879.93333959579  43.01923
3881.40439260006  36.36387
3882.87544560432  76.93989
3884.34649860859  40.17775
3885.81755161285  96.05122
3887.28860461712  75.02827
3888.75965762138  65.6581
3890.23071062565  44.21792
3891.70176362991  33.09002
3893.17281663418  33.96346
3894.64386963844  33.37505
3896.11492264271  6.784542
3897.58597564697  33.58537
3899.05702865124  55.25537
3900.5280816555  60.04207
3901.99913465977  57.7716
3903.47018766403  33.79059
3904.9412406683  49.85993
3906.41229367256  31.58312
3907.88334667682  40.46136
3909.35439968109  72.64518
3910.82545268535  32.24324
3912.29650568962  -5.535708
3913.76755869388  25.58006
3915.23861169815  64.16974
3916.70966470241  18.0412
3918.18071770668  -0.6646496
3919.65177071094  3.536447
3921.12282371521  35.09807
3922.59387671947  58.9995
3924.06492972374  7.729162
3925.535982728  30.21513
3927.00703573227  11.6899
3928.47808873653  31.01902
3929.9491417408  6.454204
3931.42019474506  42.94528
3932.89124774933  74.27901
3934.36230075359  70.21389
3935.83335375786  39.80713
3937.30440676212  20.21809
3938.77545976639  22.44611
3940.24651277065  29.22319
3941.71756577492  25.22523
3943.18861877918  39.72075
3944.65967178345  23.13317
3946.13072478771  -6.172206
3947.60177779198  11.56534
3949.07283079624  35.97275
3950.54388380051  -7.228668
3952.01493680477  13.93434
3953.48598980904  58.29843
3954.9570428133  -13.47707
3956.42809581757  54.37853
3957.89914882183  19.85898
3959.37020182609  43.47801
3960.84125483036  51.58661
3962.31230783462  66.53699
3963.78336083889  50.97396
3965.25441384315  62.54701
3966.72546684742  108.3841
3968.19651985168  148.6423
3969.66757285595  93.58519
3971.13862586021  88.51106
3972.60967886448  79.55224
3974.08073186874  38.74102
3975.55178487301  60.79142
3977.02283787727  13.69226
3978.49389088154  37.06047
3979.9649438858  43.91076
3981.43599689007  37.30103
3982.90704989433  30.52649
3984.3781028986  54.74321
3985.84915590286  -0.3331372
3987.32020890713  20.42809
3988.79126191139  53.46846
3990.26231491566  48.42054
3991.73336791992  36.1834
3993.20442092419  41.94401
3994.67547392845  37.67378
3996.14652693271  57.72338
3997.61757993698  19.64585
3999.08863294124  11.97343
4000.55968594551  21.60411
4002.03073894977  33.72303
4003.50179195404  65.85958
4004.9728449583  42.08145
4006.44389796257  16.1372
4007.91495096683  30.81648
4009.3860039711  61.76193
4010.85705697536  24.02909
4012.32810997963  71.86255
4013.79916298389  45.79048
4015.27021598816  13.31646
4016.74126899242  30.68558
4018.21232199669  13.23646
4019.68337500095  2.232636
4021.15442800522  33.27312
4022.62548100948  61.92068
4024.09653401375  37.51637
4025.56758701801  38.03717
4027.03864002228  33.14928
4028.50969302654  42.96255
4029.98074603081  32.89548
4031.45179903507  28.99194
4032.92285203934  31.93691
4034.3939050436  20.76599
4035.86495804787  23.26425
4037.33601105213  43.47291
4038.80706405639  -12.12349
4040.27811706066  -17.20147
4041.74917006493  41.33715
4043.22022306919  31.37106
4044.69127607345  19.28323
4046.16232907772  35.12994
4047.63338208199  31.36645
4049.10443508625  12.52495
4050.57548809051  16.61606
4052.04654109478  45.4908
4053.51759409904  20.58478
4054.98864710331  47.3225
4056.45970010757  -10.71701
4057.93075311184  14.35457
4059.4018061161  28.05547
4060.87285912037  26.20736
4062.34391212463  62.3246
4063.8149651289  33.28793
4065.28601813316  22.89257
4066.75707113743  20.71772
4068.22812414169  39.01415
4069.69917714596  70.02705
4071.17023015022  35.57355
4072.64128315449  32.33309
4074.11233615875  48.67984
4075.58338916302  36.8084
4077.05444216728  24.20554
4078.52549517155  34.47329
4079.99654817581  -13.50705
4081.46760118008  57.26728
4082.93865418434  28.25816
4084.40970718861  78.34687
4085.88076019287  51.48954
4087.35181319714  70.33787
4088.8228662014  33.45629
4090.29391920567  74.17718
4091.76497220993  47.3868
4093.23602521419  84.26377
4094.70707821846  88.76101
4096.17813122272  115.5901
4097.64918422699  155.9571
4099.12023723125  164.3595
4100.59129023552  153.141
4102.06234323978  103.7299
4103.53339624405  78.41555
4105.00444924831  114.0185
4106.47550225258  54.67475
4107.94655525684  36.12959
4109.41760826111  127.7482
4110.88866126537  8.092125
4112.35971426964  73.70175
4113.8307672739  48.26393
4115.30182027817  23.71742
4116.77287328243  58.38363
4118.2439262867  77.52308
4119.71497929096  88.6941
4121.18603229523  66.11409
4122.65708529949  71.76804
4124.12813830376  40.42025
4125.59919130802  47.99008
4127.07024431229  -7.823477
4128.54129731655  10.76548
4130.01235032082  91.35066
4131.48340332508  54.69749
4132.95445632935  40.43145
4134.42550933361  47.07816
4135.89656233788  7.259064
4137.36761534214  43.30276
4138.8386683464  37.43116
4140.30972135067  45.58513
4141.78077435493  57.31635
4143.2518273592  102.3067
4144.72288036346  75.72561
4146.19393336773  54.99833
4147.66498637199  54.34861
4149.13603937626  44.9535
4150.60709238052  61.63097
4152.07814538479  68.24742
4153.54919838905  68.34229
4155.02025139332  64.56349
4156.49130439758  64.9952
4157.96235740185  42.88884
4159.43341040611  30.37756
4160.90446341038  37.87469
4162.37551641464  58.43045
4163.84656941891  35.8126
4165.31762242317  40.3605
4166.78867542744  29.99132
4168.2597284317  70.63591
4169.73078143597  68.32096
4171.20183444023  53.38453
4172.6728874445  87.93759
4174.14394044876  84.06485
4175.61499345303  46.04414
4177.08604645729  50.09967
4178.55709946156  66.24232
4180.02815246582  60.25477
4181.49920547008  86.22533
4182.97025847435  48.56536
4184.44131147861  17.855
4185.91236448288  74.97515
4187.38341748714  92.13351
4188.85447049141  69.89318
4190.32552349567  46.20955
4191.79657649994  70.6133
4193.2676295042  93.69936
4194.73868250847  62.51872
4196.20973551273  76.52641
4197.680788517  33.26837
4199.15184152126  70.87589
4200.62289452553  67.4296
4202.09394752979  45.91282
4203.56500053406  81.84395
4205.03605353832  81.78871
4206.50710654259  42.85766
4207.97815954685  65.91274
4209.44921255112  65.65361
4210.92026555538  62.90473
4212.39131855965  50.97585
4213.86237156391  38.51057
4215.33342456818  41.09958
4216.80447757244  55.8554
4218.27553057671  65.75668
4219.74658358097  74.50562
4221.21763658524  78.16718
4222.6886895895  66.69697
4224.15974259376  37.26569
4225.63079559803  50.44443
4227.10184860229  68.35379
4228.57290160656  56.25618
4230.04395461082  39.54462
4231.51500761509  70.59241
4232.98606061935  37.63282
4234.45711362362  49.59933
4235.92816662788  76.56716
4237.39921963215  76.39038
4238.87027263641  62.00467
4240.34132564068  11.13189
4241.81237864494  53.92448
4243.28343164921  57.03134
4244.75448465347  42.82772
4246.22553765774  42.98772
4247.696590662  68.21034
4249.16764366627  55.96377
4250.63869667053  80.77664
4252.1097496748  44.50705
4253.58080267906  40.64156
4255.05185568333  53.83557
4256.52290868759  118.7537
4257.99396169186  93.1742
4259.46501469612  53.24258
4260.93606770039  105.1805
4262.40712070465  89.4703
4263.87817370892  87.99023
4265.34922671318  74.96661
4266.82027971745  79.35947
4268.29133272171  10.19309
4269.76238572597  71.35792
4271.23343873024  56.72796
4272.7044917345  78.25722
4274.17554473877  76.87756
4275.64659774303  114.5696
4277.1176507473  78.80322
4278.58870375156  59.28358
4280.05975675583  85.02159
4281.53080976009  60.8047
4283.00186276436  67.53906
4284.47291576862  56.07108
4285.94396877289  99.49596
4287.41502177715  68.8101
4288.88607478142  39.31094
4290.35712778568  79.32162
4291.82818078995  64.0702
4293.29923379421  87.82488
4294.77028679848  72.33968
4296.24133980274  67.01821
4297.71239280701  98.5587
4299.18344581127  82.41077
4300.65449881554  71.48711
4302.1255518198  58.75154
4303.59660482407  102.3631
4305.06765782833  117.3747
4306.5387108326  70.17653
4308.00976383686  69.44135
4309.48081684113  66.05431
4310.95186984539  84.81481
4312.42292284965  96.24735
4313.89397585392  87.29295
4315.36502885818  145.4925
4316.83608186245  125.5692
4318.30713486671  61.02126
4319.77818787098  72.93807
4321.24924087524  86.73483
4322.72029387951  120.2219
4324.19134688377  128.4892
4325.66239988804  126.2281
4327.1334528923  99.46929
4328.60450589657  110.2124
4330.07555890083  110.0768
4331.5466119051  140.0956
4333.01766490936  140.028
4334.48871791363  191.9281
4335.95977091789  244.8307
4337.43082392216  288.0906
4338.90187692642  309.4397
4340.37292993069  189.5964
4341.84398293495  187.6108
4343.31503593922  133.3676
4344.78608894348  117.4885
4346.25714194775  163.6162
4347.72819495201  151.8868
4349.19924795627  101.9612
4350.67030096054  158.0656
4352.1413539648  101.9301
4353.61240696907  63.84139
4355.08345997333  98.01311
4356.5545129776  90.59253
4358.02556598186  130.0224
4359.49661898613  70.03918
4360.96767199039  56.86895
4362.43872499466  75.86711
4363.90977799892  82.30544
4365.38083100319  112.0047
4366.85188400745  123.8932
4368.32293701172  86.44083
4369.79399001598  110.5032
4371.26504302025  87.3651
4372.73609602451  70.36523
4374.20714902878  132.7126
4375.67820203304  79.83057
4377.14925503731  113.8688
4378.62030804157  101.5575
4380.09136104584  91.50275
4381.5624140501  71.42196
4383.03346705437  125.1932
4384.50452005863  88.069
4385.9755730629  132.8353
4387.44662606716  136.1815
4388.91767907143  90.60234
4390.38873207569  115.0845
4391.85978507996  109.4296
4393.33083808422  150.1947
4394.80189108849  138.1743
4396.27294409275  107.0539
4397.74399709702  117.1657
4399.21505010128  130.8299
4400.68610310554  135.8503
4402.15715610981  98.78735
4403.62820911407  96.80267
4405.09926211834  132.304
4406.5703151226  130.2005
4408.04136812687  130.9845
4409.51242113113  140.8934
4410.9834741354  146.3571
4412.45452713966  133.7392
4413.92558014393  92.05737
4415.39663314819  162.2468
4416.86768615246  123.0815
4418.33873915672  65.95627
4419.80979216099  122.8417
4421.28084516525  105.2599
4422.75189816952  108.0046
4424.22295117378  82.91071
4425.69400417805  103.2858
4427.16505718231  131.9943
4428.63611018658  119.5955
4430.10716319084  124.7854
4431.57821619511  125.2515
4433.04926919937  69.52985
4434.52032220364  105.2297
4435.9913752079  150.2478
4437.46242821216  123.8089
4438.93348121643  118.9963
4440.40453422069  162.2817
4441.87558722496  111.6079
4443.34664022922  86.37397
4444.81769323349  164.0025
4446.28874623775  137.5914
4447.75979924202  117.5257
4449.23085224628  173.2319
4450.70190525055  173.4055
4452.17295825481  113.4946
4453.64401125908  91.15405
4455.11506426334  124.6998
4456.58611726761  128.4152
4458.05717027187  109.9986
4459.52822327614  102.6244
4460.9992762804  153.8585
4462.47032928467  147.3205
4463.94138228893  142.0577
4465.4124352932  108.6459
4466.88348829746  157.019
4468.35454130173  246.3237
4469.82559430599  197.7471
4471.29664731026  230.0827
4472.76770031452  168.7859
4474.23875331879  173.6967
4475.70980632305  166.1037
4477.18085932732  142.0277
4478.65191233158  138.4235
4480.12296533585  155.8712
4481.59401834011  116.3673
4483.06507134438  148.0988
4484.53612434864  138.1779
4486.0071773529  117.3419
4487.47823035717  124.0444
4488.94928336143  139.9827
4490.4203363657  137.2141
4491.89138936996  126.7942
4493.36244237423  148.3282
4494.83349537849  123.3065
4496.30454838276  183.7164
4497.77560138702  145.8501
4499.24665439129  99.19955
4500.71770739555  151.991
4502.18876039982  180.5116
4503.65981340408  197.4829
4505.13086640835  185.0783
4506.60191941261  134.8568
4508.07297241688  164.0179
4509.54402542114  157.1471
4511.01507842541  138.2786
4512.48613142967  138.3425
4513.95718443394  109.2881
4515.4282374382  140.4887
4516.89929044247  137.1747
4518.37034344673  164.2423
4519.841396451  127.2812
4521.31244945526  142.9956
4522.78350245953  166.2371
4524.25455546379  171.4069
4525.72560846806  98.64628
4527.19666147232  113.6877
4528.66771447659  136.5113
4530.13876748085  178.1924
4531.60982048511  155.9367
4533.08087348938  120.2852
4534.55192649364  152.5522
4536.02297949791  166.0675
4537.49403250217  147.9169
4538.96508550644  137.1367
4540.4361385107  145.7073
4541.90719151497  172.1716
4543.37824451923  154.2577
4544.8492975235  151.6268
4546.32035052776  190.5686
4547.79140353203  157.6361
4549.26245653629  174.9149
4550.73350954056  179.5396
4552.20456254482  148.6065
4553.67561554909  128.0044
4555.14666855335  141.1217
4556.61772155762  151.7318
4558.08877456188  150.2465
4559.55982756614  150.0664
4561.03088057041  165.5033
4562.50193357467  184.1132
4563.97298657894  213.6914
4565.4440395832  235.094
4566.91509258747  187.6843
4568.38614559173  192.0465
4569.857198596  146.8819
4571.32825160026  190.9815
4572.79930460453  204.4324
4574.27035760879  185.0532
4575.74141061306  210.412
4577.21246361732  201.217
4578.68351662159  202.6865
4580.15456962585  223.3635
4581.62562263012  178.2478
4583.09667563438  162.544
4584.56772863865  137.5366
4586.03878164291  174.8738
4587.50983464718  218.2934
4588.98088765144  150.8865
4590.45194065571  185.834
4591.92299365997  194.5665
4593.39404666424  182.7271
4594.8650996685  214.4074
4596.33615267277  211.2207
4597.80720567703  154.9384
4599.2782586813  156.3468
4600.74931168556  193.8895
4602.22036468983  221.2597
4603.69141769409  230.9115
4605.16247069836  226.0717
4606.63352370262  202.9156
4608.10457670689  215.0598
4609.57562971115  173.9858
4611.04668271542  182.6258
4612.51773571968  206.9977
4613.98878872395  214.7029
4615.45984172821  210.
4616.93089473248  188.8092
4618.40194773674  210.2809
4619.873000741  224.5725
4621.34405374527  217.6894
4622.81510674953  192.9819
4624.2861597538  180.5569
4625.75721275806  212.2216
4627.22826576233  208.1278
4628.69931876659  204.0564
4630.17037177086  210.0685
4631.64142477512  204.735
4633.11247777939  193.1497
4634.58353078365  205.1123
4636.05458378792  204.579
4637.52563679218  207.8728
4638.99668979645  193.6933
4640.46774280071  138.6966
4641.93879580498  173.4158
4643.40984880924  175.8268
4644.88090181351  176.5893
4646.35195481777  216.5399
4647.82300782204  173.1959
4649.2940608263  235.2808
4650.76511383056  164.5037
4652.23616683483  199.3387
4653.70721983909  180.0864
4655.17827284336  183.5296
4656.64932584762  198.3127
4658.12037885189  187.7509
4659.59143185615  228.7298
4661.06248486042  215.8852
4662.53353786468  157.078
4664.00459086895  193.0537
4665.47564387321  196.529
4666.94669687748  220.1815
4668.41774988174  229.1778
4669.88880288601  199.9567
4671.35985589027  219.1324
4672.83090889454  207.2878
4674.3019618988  202.1908
4675.77301490307  230.5044
4677.24406790733  197.8081
4678.7151209116  180.811
4680.18617391586  150.2969
4681.65722692013  182.0463
4683.12827992439  237.0277
4684.59933292866  251.2546
4686.07038593292  232.6047
4687.54143893719  208.1655
4689.01249194145  202.5232
4690.48354494572  207.7398
4691.95459794998  219.5094
4693.42565095425  190.145
4694.89670395851  231.3356
4696.36775696278  217.3311
4697.83880996704  211.208
4699.3098629713  205.5129
4700.78091597557  233.9015
4702.25196897983  267.1249
4703.7230219841  199.204
4705.19407498836  197.2486
4706.66512799263  259.5638
4708.13618099689  243.3854
4709.60723400116  238.3555
4711.07828700542  221.396
4712.54934000969  208.993
4714.02039301395  211.5588
4715.49144601822  241.2319
4716.96249902248  202.3444
4718.43355202675  262.4017
4719.90460503101  189.122
4721.37565803528  185.5381
4722.84671103954  199.3409
4724.31776404381  186.3036
4725.78881704807  200.1724
4727.25987005234  223.3926
4728.7309230566  210.5909
4730.20197606087  203.286
4731.67302906513  174.4718
4733.1440820694  190.9751
4734.61513507366  238.4485
4736.08618807793  214.5551
4737.55724108219  184.0597
4739.02829408645  187.1895
4740.49934709072  222.3709
4741.97040009498  314.1591
4743.44145309925  240.2063
4744.91250610352  251.5988
4746.38355910778  228.7039
4747.85461211204  211.6081
4749.32566511631  197.4093
4750.79671812057  275.1013
4752.26777112484  245.9566
4753.7388241291  194.2399
4755.20987713337  206.0642
4756.68093013763  188.2512
4758.1519831419  232.1028
4759.62303614616  196.3154
4761.09408915043  201.5397
4762.56514215469  206.5538
4764.03619515896  210.4326
4765.50724816322  160.8041
4766.97830116749  174.7634
4768.44935417175  186.5272
4769.92040717602  155.6932
4771.39146018028  138.1629
4772.86251318455  149.6715
4774.33356618881  209.4748
4775.80461919308  115.8812
4777.27567219734  211.4676
4778.74672520161  191.7592
4780.21777820587  146.2207
4781.68883121014  204.3053
4783.1598842144  161.3869
4784.63093721867  159.094
4786.10199022293  214.7009
4787.5730432272  203.2235
4789.04409623146  198.5841
4790.51514923573  209.7812
4791.98620223999  196.597
4793.45725524425  223.8287
4794.92830824852  238.2951
4796.39936125279  194.4983
4797.87041425705  225.0381
4799.34146726131  230.0612
4800.81252026558  227.3376
4802.28357326984  238.0954
4803.75462627411  214.2377
4805.22567927837  199.9604
4806.69673228264  198.1326
4808.1677852869  217.7767
4809.63883829117  212.2001
4811.10989129543  185.7872
4812.5809442997  219.148
4814.05199730396  226.1893
4815.52305030823  177.5986
4816.99410331249  217.0978
4818.46515631676  257.093
4819.93620932102  209.1203
4821.40726232529  192.9018
4822.87831532955  194.4506
4824.34936833382  188.2875
4825.82042133808  271.4007
4827.29147434235  197.497
4828.76252734661  189.9302
4830.23358035088  181.138
4831.70463335514  225.246
4833.17568635941  281.3422
4834.64673936367  180.1778
4836.11779236793  238.5491
4837.5888453722  237.779
4839.05989837646  183.5226
4840.53095138073  251.8393
4842.00200438499  183.6894
4843.47305738926  178.0372
4844.94411039352  250.5241
4846.41516339779  203.3898
4847.88621640205  299.7672
4849.35726940632  331.73
4850.82832241058  270.9131
4852.29937541485  311.4338
4853.77042841911  352.1039
4855.24148142338  449.2701
4856.71253442764  590.3402
4858.18358743191  682.5577
4859.65464043617  817.5632
4861.12569344044  747.0308
4862.5967464447  564.2141
4864.06779944897  359.7924
4865.53885245323  321.5854
4867.0099054575  282.7758
4868.48095846176  311.071
4869.95201146603  259.1107
4871.42306447029  342.8588
4872.89411747456  261.342
4874.36517047882  271.7251
4875.83622348309  281.549
4877.30727648735  203.8789
4878.77832949162  223.4443
4880.24938249588  282.0588
4881.72043550014  192.1639
4883.19148850441  258.8474
4884.66254150868  227.1214
4886.13359451294  220.3493
4887.6046475172  236.1532
4889.07570052147  268.2335
4890.54675352573  270.2274
4892.01780653  269.6461
4893.48885953426  199.9943
4894.95991253853  206.5674
4896.43096554279  274.6194
4897.90201854706  253.3604
4899.37307155132  234.0664
4900.84412455559  237.1149
4902.31517755985  266.6402
4903.78623056412  250.7611
4905.25728356838  288.6263
4906.72833657265  287.6898
4908.19938957691  241.6007
4909.67044258118  285.7767
4911.14149558544  297.3918
4912.61254858971  253.7956
4914.08360159397  280.4882
4915.55465459824  291.6808
4917.0257076025  218.3259
4918.49676060677  236.8495
4919.96781361103  307.0594
4921.4388666153  316.338
4922.90991961956  284.5876
4924.38097262382  286.3823
4925.85202562809  314.9099
4927.32307863235  311.5748
4928.79413163662  341.2659
4930.26518464088  255.0544
4931.73623764515  297.7357
4933.20729064941  270.5862
4934.67834365368  284.1723
4936.14939665794  302.694
4937.62044966221  260.403
4939.09150266647  239.7403
4940.56255567074  269.9628
4942.033608675  310.4724
4943.50466167927  267.5446
4944.97571468353  286.4234
4946.4467676878  377.3424
4947.91782069206  313.6732
4949.38887369633  362.8362
4950.85992670059  312.153
4952.33097970486  288.5894
4953.80203270912  271.2945
4955.27308571339  251.4498
4956.74413871765  245.5629
4958.21519172192  250.8865
4959.68624472618  296.4743
4961.15729773045  154.5742
4962.62835073471  245.6567
4964.09940373898  243.9291
4965.57045674324  201.5457
4967.04150974751  283.5884
4968.51256275177  285.3729
4969.98361575603  229.1704
4971.4546687603  237.1567
4972.92572176456  253.7025
4974.39677476883  307.0744
4975.86782777309  269.1522
4977.33888077736  274.8381
4978.80993378162  290.9097
4980.28098678589  260.1721
4981.75203979015  265.3831
4983.22309279442  216.5586
4984.69414579868  254.0465
4986.16519880295  297.4062
4987.63625180721  306.3657
4989.10730481148  282.7022
4990.57835781574  300.0323
4992.04941082001  242.1912
4993.52046382427  314.5233
4994.99151682854  274.2982
4996.4625698328  239.7406
4997.93362283707  243.7372
4999.40467584133  290.5186
5000.8757288456  250.587
5002.34678184986  268.7914
5003.81783485413  241.2991
5005.28888785839  245.903
5006.75994086266  243.8579
5008.23099386692  233.4144
5009.70204687119  230.4086
5011.17309987545  302.7097
5012.64415287971  275.7755
5014.11520588398  291.2961
5015.58625888824  295.2759
5017.05731189251  333.1212
5018.52836489677  256.8676
5019.99941790104  254.4916
5021.4704709053  321.1177
5022.94152390957  297.996
5024.41257691383  241.7592
5025.8836299181  258.3249
5027.35468292236  325.6418
5028.82573592663  313.8401
5030.29678893089  251.4325
5031.76784193516  289.0983
5033.23889493942  254.1017
5034.70994794369  329.5734
5036.18100094795  250.9018
5037.65205395222  272.5522
5039.12310695648  296.3066
5040.59415996075  249.6125
5042.06521296501  274.6913
5043.53626596928  293.7638
5045.00731897354  294.0358
5046.47837197781  282.6848
5047.94942498207  282.3258
5049.42047798634  282.3127
5050.8915309906  245.378
5052.36258399487  294.2155
5053.83363699913  315.3996
5055.3046900034  257.9448
5056.77574300766  253.1936
5058.24679601193  286.6591
5059.71784901619  311.4013
5061.18890202046  313.712
5062.65995502472  297.6707
5064.13100802899  275.234
5065.60206103325  301.6686
5067.07311403752  353.3324
5068.54416704178  257.4825
5070.01522004604  253.0144
5071.48627305031  303.4715
5072.95732605457  272.4118
5074.42837905884  268.313
5075.8994320631  290.698
5077.37048506737  310.2151
5078.84153807163  311.3747
5080.3125910759  305.3297
5081.78364408016  273.4377
5083.25469708443  369.0239
5084.72575008869  336.8755
5086.19680309296  340.9549
5087.66785609722  273.9484
5089.13890910149  269.754
5090.60996210575  335.5603
5092.08101511002  305.5264
5093.55206811428  360.5478
5095.02312111855  296.5696
5096.49417412281  297.2838
5097.96522712708  333.1698
5099.43628013134  282.8871
5100.90733313561  294.9206
5102.37838613987  296.9323
5103.84943914414  315.816
5105.3204921484  268.1249
5106.79154515266  303.3781
5108.26259815693  306.3458
5109.73365116119  300.7975
5111.20470416546  224.5844
5112.67575716972  290.3187
5114.14681017399  319.299
5115.61786317825  334.6531
5117.08891618252  313.797
5118.55996918678  297.4918
5120.03102219105  334.4745
5121.50207519531  328.7667
5122.97312819958  247.8504
5124.44418120384  286.5621
5125.91523420811  240.3158
5127.38628721237  286.0255
5128.85734021664  290.6896
5130.3283932209  310.2855
5131.79944622517  313.4033
5133.27049922943  341.4337
5134.7415522337  323.6913
5136.21260523796  343.9445
5137.68365824223  288.9395
5139.15471124649  339.8672
5140.62576425076  304.3507
5142.09681725502  317.33
5143.56787025929  320.8745
5145.03892326355  314.5668
5146.50997626782  345.4216
5147.98102927208  332.801
5149.45208227635  283.3466
5150.92313528061  307.9436
5152.39418828488  284.796
5153.86524128914  304.5194
5155.33629429341  339.8694
5156.80734729767  321.8343
5158.27840030193  318.1002
5159.7494533062  344.0902
5161.22050631046  314.3051
5162.69155931473  347.6917
5164.16261231899  273.4683
5165.63366532326  259.7189
5167.10471832752  287.178
5168.57577133179  368.2419
5170.04682433605  295.2669
5171.51787734032  309.0658
5172.98893034458  232.1006
5174.45998334885  236.4878
5175.93103635311  216.3503
5177.40208935738  196.3266
5178.87314236164  244.4987
5180.34419536591  281.4529
5181.81524837017  277.0926
5183.28630137444  308.1324
5184.7573543787  301.9871
5186.22840738297  310.1994
5187.69946038723  324.4352
5189.17051339149  276.1926
5190.64156639576  358.4824
5192.11261940003  369.5994
5193.58367240429  268.1271
5195.05472540855  281.3948
5196.52577841282  338.6579
5197.99683141708  294.9041
5199.46788442135  304.4094
5200.93893742561  271.7175
5202.40999042988  305.1526
5203.88104343414  288.2503
5205.35209643841  278.7306
5206.82314944267  272.4297
5208.29420244694  244.1214
5209.7652554512  243.8357
5211.23630845547  245.2296
5212.70736145973  292.8889
5214.178414464  340.1209
5215.64946746826  353.9731
5217.12052047253  384.6925
5218.59157347679  333.12
5220.06262648106  311.7375
5221.53367948532  343.4098
5223.00473248959  337.6035
5224.47578549385  366.6067
5225.94683849812  339.7694
5227.41789150238  312.0541
5228.88894450665  373.7393
5230.35999751091  342.4988
5231.83105051518  332.4323
5233.30210351944  436.5272
5234.77315652371  362.3801
5236.24420952797  364.225
5237.71526253224  378.6259
5239.1863155365  361.507
5240.65736854077  377.0125
5242.12842154503  396.0134
5243.59947454929  415.4769
5245.07052755356  362.1888
5246.54158055782  325.8698
5248.01263356209  370.6907
5249.48368656635  370.7206
5250.95473957062  348.4044
5252.42579257488  342.3804
5253.89684557915  404.5986
5255.36789858341  400.9323
5256.83895158768  395.441
5258.31000459194  421.0861
5259.78105759621  326.096
5261.25211060047  306.8639
5262.72316360474  377.9064
5264.194216609  326.9153
5265.66526961327  342.1044
5267.13632261753  322.2219
5268.6073756218  324.2732
5270.07842862606  338.278
5271.54948163033  330.3548
5273.02053463459  395.6295
5274.49158763886  417.4645
5275.96264064312  433.851
5277.43369364738  408.7286
5278.90474665165  424.137
5280.37579965592  407.0876
5281.84685266018  350.0775
5283.31790566444  388.7365
5284.78895866871  403.3395
5286.26001167297  415.0894
5287.73106467724  420.965
5289.2021176815  380.4938
5290.67317068577  402.1096
5292.14422369003  407.3042
5293.6152766943  378.2466
5295.08632969856  406.8891
5296.55738270283  366.6266
5298.02843570709  351.7495
5299.49948871136  363.8237
5300.97054171562  399.9867
5302.44159471989  400.5386
5303.91264772415  413.9178
5305.38370072842  387.0926
5306.85475373268  387.3999
5308.32580673695  387.2732
5309.79685974121  435.2041
5311.26791274548  421.4507
5312.73896574974  406.2656
5314.21001875401  387.6649
5315.68107175827  443.1678
5317.15212476254  448.015
5318.6231777668  444.0943
5320.09423077106  401.0348
5321.56528377533  401.13
5323.03633677959  411.7587
5324.50738978386  377.7173
5325.97844278812  412.2171
5327.44949579239  401.6331
5328.92054879665  403.2823
5330.39160180092  386.8088
5331.86265480518  421.5009
5333.33370780945  393.539
5334.80476081371  382.9583
5336.27581381798  397.0175
5337.74686682224  377.9667
5339.21791982651  443.7283
5340.68897283077  409.4732
5342.16002583504  419.4113
5343.6310788393  416.9233
5345.10213184357  366.9703
5346.57318484783  426.0877
5348.0442378521  436.5715
5349.51529085636  429.3692
5350.98634386063  443.8568
5352.45739686489  453.7208
5353.92844986916  389.6787
5355.39950287342  380.6544
5356.87055587769  414.5753
5358.34160888195  434.633
5359.81266188622  463.1177
5361.28371489048  435.8127
5362.75476789475  438.6138
5364.22582089901  452.8746
5365.69687390327  439.4606
5367.16792690754  453.232
5368.63897991181  424.9194
5370.11003291607  420.999
5371.58108592033  396.9707
5373.0521389246  403.4215
5374.52319192886  454.9446
5375.99424493313  450.5075
5377.46529793739  488.5037
5378.93635094166  484.1271
5380.40740394592  489.1606
5381.87845695019  450.8023
5383.34950995445  400.8636
5384.82056295872  479.2066
5386.29161596298  458.1956
5387.76266896725  446.0698
5389.23372197151  462.2605
5390.70477497578  414.9631
5392.17582798004  426.606
5393.64688098431  454.5031
5395.11793398857  429.0866
5396.58898699284  410.3521
5398.0600399971  364.9249
5399.53109300137  422.8837
5401.00214600563  417.0608
5402.4731990099  437.1505
5403.94425201416  375.2525
5405.41530501843  409.81
5406.88635802269  433.6854
5408.35741102695  515.5545
5409.82846403122  510.8488
5411.29951703548  436.5325
5412.77057003975  478.1752
5414.24162304401  507.4177
5415.71267604828  510.7269
5417.18372905254  487.97
5418.65478205681  511.4991
5420.12583506107  476.6631
5421.59688806534  418.9077
5423.0679410696  417.5177
5424.53899407387  445.3687
5426.01004707813  465.0071
5427.4811000824  488.9286
5428.95215308666  411.3073
5430.42320609093  438.2253
5431.89425909519  470.1749
5433.36531209946  398.6842
5434.83636510372  447.6206
5436.30741810799  371.3874
5437.77847111225  462.5781
5439.24952411652  469.0592
5440.72057712078  527.0057
5442.19163012505  518.9684
5443.66268312931  531.207
5445.13373613358  466.3575
5446.60478913784  479.7979
5448.07584214211  388.8696
5449.54689514637  412.7119
5451.01794815064  338.1639
5452.4890011549  432.3755
5453.96005415916  358.8153
5455.43110716343  375.4442
5456.9021601677  440.7364
5458.37321317196  438.1869
5459.84426617622  413.7286
5461.31531918049  444.8742
5462.78637218475  407.7883
5464.25742518902  453.3526
5465.72847819328  437.5609
5467.19953119755  428.9666
5468.67058420181  468.2495
5470.14163720608  399.6658
5471.61269021034  335.6199
5473.08374321461  436.1323
5474.55479621887  400.7507
5476.02584922314  496.5563
5477.4969022274  408.161
5478.96795523167  422.1733
5480.43900823593  413.4859
5481.9100612402  482.0336
5483.38111424446  500.1941
5484.85216724873  452.2384
5486.32322025299  534.1859
5487.79427325726  468.3566
5489.26532626152  444.0406
5490.73637926579  441.8628
5492.20743227005  421.7987
5493.67848527432  450.0306
5495.14953827858  459.9268
5496.62059128284  428.0639
5498.09164428711  443.9523
5499.56269729137  366.8012
5501.03375029564  379.9037
5502.5048032999  450.0093
5503.97585630417  471.1511
5505.44690930843  468.7927
5506.9179623127  430.8191
5508.38901531696  417.608
5509.86006832123  437.9761
5511.33112132549  418.7344
5512.80217432976  371.3137
5514.27322733402  383.853
5515.74428033829  456.2325
5517.21533334255  426.6208
5518.68638634682  486.6215
5520.15743935108  439.2421
5521.62849235535  427.6664
5523.09954535961  502.9647
5524.57059836388  472.5462
5526.04165136814  420.7636
5527.51270437241  503.8242
5528.98375737667  500.799
5530.45481038094  443.0931
5531.9258633852  498.4253
5533.39691638947  493.3047
5534.86796939373  469.7052
5536.33902239799  481.473
5537.81007540226  450.5178
5539.28112840653  473.9974
5540.75218141079  452.7239
5542.22323441505  436.5747
5543.69428741932  507.993
5545.16534042359  425.783
5546.63639342785  502.5618
5548.10744643211  490.9692
5549.57849943638  434.3298
5551.04955244064  473.9784
5552.52060544491  521.0508
5553.99165844917  518.1901
5555.46271145344  506.0467
5556.9337644577  466.9665
5558.40481746197  433.2999
5559.87587046623  449.0338
5561.3469234705  462.8605
5562.81797647476  493.7158
5564.28902947903  476.7475
5565.76008248329  478.9863
5567.23113548756  473.178
5568.70218849182  441.2726
5570.17324149609  483.4632
5571.64429450035  489.8021
5573.11534750462  393.5544
5574.58640050888  407.3324
5576.05745351315  548.2484
5577.52850651741  548.6457
5578.99955952168  508.2361
5580.47061252594  474.5278
5581.94166553021  481.0118
5583.41271853447  498.4487
5584.88377153874  494.6582
5586.354824543  457.9489
5587.82587754726  489.7339
5589.29693055153  507.4874
5590.76798355579  447.8174
5592.23903656006  441.3254
5593.71008956432  451.6966
5595.18114256859  445.8215
5596.65219557285  440.8166
5598.12324857712  456.6291
5599.59430158138  445.2738
5601.06535458565  466.3027
5602.53640758991  437.7147
5604.00746059418  455.9897
5605.47851359844  465.0473
5606.94956660271  413.6021
5608.42061960697  468.9479
5609.89167261124  486.908
5611.3627256155  477.5525
5612.83377861977  484.0103
5614.30483162403  421.6158
5615.7758846283  424.1823
5617.24693763256  448.93
5618.71799063683  458.8282
5620.18904364109  481.8517
5621.66009664536  449.6278
5623.13114964962  501.228
5624.60220265388  473.6663
5626.07325565815  413.5831
5627.54430866242  427.8787
5629.01536166668  439.8574
5630.48641467094  414.898
5631.95746767521  419.9929
5633.42852067948  466.1041
5634.89957368374  515.5076
5636.370626688  462.6708
5637.84167969227  460.6594
5639.31273269653  496.2949
5640.7837857008  465.8879
5642.25483870506  438.0172
5643.72589170933  429.3367
5645.19694471359  480.7166
5646.66799771786  456.67
5648.13905072212  466.4393
5649.61010372639  506.1979
5651.08115673065  471.8694
5652.55220973492  484.498
5654.02326273918  498.7946
5655.49431574345  508.1823
5656.96536874771  495.119
5658.43642175198  501.0551
5659.90747475624  499.3109
5661.37852776051  486.6032
5662.84958076477  482.1272
5664.32063376904  469.9014
5665.7916867733  475.6803
5667.26273977756  450.1728
5668.73379278183  440.5073
5670.2048457861  445.7682
5671.67589879036  474.6293
5673.14695179462  518.3276
5674.61800479889  486.2455
5676.08905780315  488.4925
5677.56011080742  467.4886
5679.03116381168  488.6261
5680.50221681595  557.2811
5681.97326982021  520.0162
5683.44432282448  541.874
5684.91537582874  532.2283
5686.38642883301  494.5726
5687.85748183727  481.8333
5689.32853484154  464.8865
5690.7995878458  522.3776
5692.27064085007  475.4139
5693.74169385433  453.3333
5695.2127468586  519.5374
5696.68379986286  573.0212
5698.15485286713  503.0639
5699.62590587139  466.9335
5701.09695887566  494.0193
5702.56801187992  501.2077
5704.03906488419  530.8885
5705.51011788845  536.7904
5706.98117089272  535.7877
5708.45222389698  530.7211
5709.92327690125  526.3874
5711.39432990551  501.5479
5712.86538290977  511.104
5714.33643591404  524.4479
5715.80748891831  495.3944
5717.27854192257  471.0164
5718.74959492683  495.7717
5720.2206479311  531.7571
5721.69170093537  521.2631
5723.16275393963  487.7265
5724.63380694389  580.8336
5726.10485994816  488.1614
5727.57591295242  499.053
5729.04696595669  542.9203
5730.51801896095  568.003
5731.98907196522  552.3969
5733.46012496948  527.5099
5734.93117797375  579.0519
5736.40223097801  558.3723
5737.87328398228  535.5789
5739.34433698654  552.6621
5740.81538999081  591.7462
5742.28644299507  534.3628
5743.75749599934  583.6984
5745.2285490036  599.4517
5746.69960200787  586.272
5748.17065501213  609.1447
5749.6417080164  533.0348
5751.11276102066  479.8289
5752.58381402493  568.2159
5754.05486702919  544.3633
5755.52592003345  476.1775
5756.99697303772  611.244
5758.46802604199  568.6624
5759.93907904625  531.1541
5761.41013205051  486.5695
5762.88118505478  499.0381
5764.35223805904  584.1074
5765.82329106331  556.4383
5767.29434406757  486.3445
5768.76539707184  585.6943
5770.2364500761  475.954
5771.70750308037  523.2083
5773.17855608463  563.2921
5774.6496090889  507.3986
5776.12066209316  449.5581
5777.59171509743  542.2247
5779.06276810169  597.9474
5780.53382110596  541.2776
5782.00487411022  570.6048
5783.47592711449  602.6341
5784.94698011875  576.6248
5786.41803312302  578.9108
5787.88908612728  496.1907
5789.36013913155  606.2962
5790.83119213581  491.0411
5792.30224514008  463.0091
5793.77329814434  660.8636
5795.24435114861  671.1414
5796.71540415287  697.2478
5798.18645715714  720.0733
5799.6575101614  847.6497
5801.12856316566  925.3686
5802.59961616993  688.2155
5804.0706691742  602.5775
5805.54172217846  617.8605
5807.01277518272  608.5383
5808.48382818699  544.9827
5809.95488119126  581.4675
5811.42593419552  575.9467
5812.89698719978  582.2485
5814.36804020405  452.5476
5815.83909320831  545.5457
5817.31014621258  525.1012
5818.78119921684  535.7875
5820.25225222111  506.7137
5821.72330522537  526.3102
5823.19435822964  568.3719
5824.6654112339  547.4135
5826.13646423817  480.6157
5827.60751724243  520.5115
5829.0785702467  528.9758
5830.54962325096  591.2343
5832.02067625523  563.3655
5833.49172925949  573.8313
5834.96278226376  569.4273
5836.43383526802  501.9506
5837.90488827229  576.2081
5839.37594127655  570.0918
5840.84699428082  509.6994
5842.31804728508  543.0476
5843.78910028934  572.6294
5845.26015329361  508.9789
5846.73120629788  578.4344
5848.20225930214  507.0923
5849.6733123064  501.3282
5851.14436531067  526.449
5852.61541831493  469.7284
5854.0864713192  515.7998
5855.55752432346  502.8814
5857.02857732773  515.5202
5858.49963033199  480.8084
5859.97068333626  472.974
5861.44173634052  505.7266
5862.91278934479  521.738
5864.38384234905  477.7857
5865.85489535332  491.1479
5867.32594835758  462.2211
5868.79700136185  534.4016
5870.26805436611  516.5405
5871.73910737038  539.6578
5873.21016037464  663.2991
5874.68121337891  741.1743
5876.15226638317  789.2369
5877.62331938744  825.8065
5879.0943723917  643.0019
5880.56542539597  494.1571
5882.03647840023  488.0648
5883.5075314045  498.9179
5884.97858440876  449.2124
5886.44963741303  419.5275
5887.92069041729  378.3508
5889.39174342155  363.7767
5890.86279642582  359.7577
5892.33384943009  271.4894
5893.80490243435  302.055
5895.27595543861  359.837
5896.74700844288  287.9775
5898.21806144715  349.7812
5899.68911445141  410.4789
5901.16016745567  381.0089
5902.63122045994  443.4888
5904.1022734642  486.0943
5905.57332646847  474.0161
5907.04437947273  409.6556
5908.515432477  440.6495
5909.98648548126  436.2751
5911.45753848553  454.2447
5912.92859148979  489.1699
5914.39964449406  458.8117
5915.87069749832  465.8312
5917.34175050259  472.2357
5918.81280350685  439.0862
5920.28385651112  428.6075
5921.75490951538  405.894
5923.22596251965  413.1906
5924.69701552391  495.7896
5926.16806852818  479.2022
5927.63912153244  487.3767
5929.11017453671  466.5872
5930.58122754097  441.4509
5932.05228054523  480.9081
5933.5233335495  458.5477
5934.99438655376  485.0161
5936.46543955803  479.054
5937.93649256229  454.3836
5939.40754556656  518.2431
5940.87859857082  533.1952
5942.34965157509  480.9569
5943.82070457935  443.6819
5945.29175758362  530.4314
5946.76281058788  516.7899
5948.23386359215  447.021
5949.70491659641  484.5723
5951.17596960068  484.6443
5952.64702260494  465.4867
5954.11807560921  533.3892
5955.58912861347  455.9349
5957.06018161774  470.2464
5958.531234622  405.7806
5960.00228762627  451.788
5961.47334063053  480.6277
5962.9443936348  477.2293
5964.41544663906  466.8763
5965.88649964333  505.99
5967.35755264759  477.6005
5968.82860565186  497.7916
5970.29965865612  488.7451
5971.77071166039  440.5638
5973.24176466465  419.1271
5974.71281766892  475.2876
5976.18387067318  474.9028
5977.65492367745  472.7553
5979.12597668171  462.2633
5980.59702968598  501.6644
5982.06808269024  486.2464
5983.53913569451  480.6581
5985.01018869877  524.1552
5986.48124170304  495.5688
5987.9522947073  468.8728
5989.42334771156  553.6584
5990.89440071583  463.7602
5992.36545372009  505.6039
5993.83650672436  550.45
5995.30755972862  506.3599
5996.77861273289  513.1421
5998.24966573715  501.8945
5999.72071874142  552.096
6001.19177174568  479.6511
6002.66282474995  472.4708
6004.13387775421  504.1966
6005.60493075848  504.0608
6007.07598376274  546.9737
6008.54703676701  539.6189
6010.01808977127  467.7253
6011.48914277554  499.9699
6012.9601957798  594.5547
6014.43124878407  476.2769
6015.90230178833  448.7614
6017.37335479259  611.8978
6018.84440779686  552.2585
6020.31546080112  524.1085
6021.78651380539  575.9189
6023.25756680965  529.868
6024.72861981392  580.8527
6026.19967281818  572.0173
6027.67072582245  612.2188
6029.14177882671  611.1969
6030.61283183098  556.8088
6032.08388483524  645.6605
6033.55493783951  572.3156
6035.02599084377  552.0512
6036.49704384804  573.4067
6037.9680968523  554.5739
6039.43914985657  544.3459
6040.91020286083  609.0499
6042.3812558651  550.3383
6043.85230886936  576.6862
6045.32336187363  662.5199
6046.79441487789  639.0604
6048.26546788216  628.2082
6049.73652088642  561.1825
6051.20757389069  656.0352
6052.67862689495  652.9321
6054.14967989922  614.4229
6055.62073290348  604.8068
6057.09178590775  656.5494
6058.56283891201  588.9885
6060.03389191628  632.1111
6061.50494492054  656.3767
6062.97599792481  567.0745
6064.44705092907  566.0167
6065.91810393334  582.2376
6067.3891569376  580.6918
6068.86020994187  583.9071
6070.33126294613  618.483
6071.80231595039  667.9055
6073.27336895466  654.3479
6074.74442195892  600.5287
6076.21547496319  607.2302
6077.68652796745  635.399
6079.15758097172  631.3622
6080.62863397598  567.588
6082.09968698025  571.0068
6083.57073998451  553.0532
6085.04179298878  622.2361
6086.51284599304  675.2962
6087.98389899731  658.9352
6089.45495200157  623.2925
6090.92600500584  680.2404
6092.3970580101  645.2913
6093.86811101437  681.363
6095.33916401863  687.4754
6096.8102170229  634.2388
6098.28127002716  683.3459
6099.75232303143  617.4305
6101.22337603569  550.0449
6102.69442903996  590.8484
6104.16548204422  593.9155
6105.63653504849  647.2194
6107.10758805275  643.3785
6108.57864105701  670.574
6110.04969406128  637.7133
6111.52074706555  618.6145
6112.99180006981  577.2494
6114.46285307407  606.3898
6115.93390607834  697.7481
6117.4049590826  695.0202
6118.87601208687  629.3341
6120.34706509113  571.3801
6121.8181180954  555.6668
6123.28917109966  551.8391
6124.76022410393  588.3605
6126.23127710819  635.6138
6127.70233011246  652.7613
6129.17338311672  615.707
6130.64443612099  729.0226
6132.11548912525  701.968
6133.58654212952  618.4346
6135.05759513378  640.7236
6136.52864813805  602.713
6137.99970114231  597.6392
6139.47075414658  668.2183
6140.94180715084  702.2273
6142.41286015511  684.1262
6143.88391315937  694.5544
6145.35496616364  700.704
6146.8260191679  669.1313
6148.29707217217  635.6
6149.76812517643  657.5782
6151.23917818069  635.9772
6152.71023118496  594.7385
6154.18128418922  639.5149
6155.65233719349  616.8389
6157.12339019775  574.9561
6158.59444320202  556.101
6160.06549620628  468.9908
6161.53654921055  482.7108
6163.00760221481  483.8789
6164.47865521908  502.1472
6165.94970822334  479.3047
6167.42076122761  484.1341
6168.89181423187  535.1678
6170.36286723614  536.2171
6171.8339202404  525.5121
6173.30497324467  571.543
6174.77602624893  555.1041
6176.2470792532  574.0048
6177.71813225746  554.6152
6179.18918526173  596.937
6180.66023826599  571.6484
6182.13129127026  571.8173
6183.60234427452  551.5007
6185.07339727879  521.6518
6186.54445028305  495.9515
6188.01550328732  568.0498
6189.48655629158  510.1567
6190.95760929585  435.3306
6192.42866230011  453.9127
6193.89971530438  553.9154
6195.37076830864  538.1447
6196.8418213129  514.8094
6198.31287431717  528.8978
6199.78392732144  495.2028
6201.2549803257  512.5693
6202.72603332996  422.9595
6204.19708633423  537.6031
6205.66813933849  522.9122
6207.13919234276  505.1688
6208.61024534702  492.5061
6210.08129835129  548.0449
6211.55235135555  538.1938
6213.02340435982  471.9019
6214.49445736408  455.0473
6215.96551036835  496.5252
6217.43656337261  409.3939
6218.90761637688  557.7924
6220.37866938114  526.7782
6221.84972238541  492.7604
6223.32077538967  459.2176
6224.79182839394  451.7336
6226.2628813982  528.4778
6227.73393440247  504.2972
6229.20498740673  416.8174
6230.676040411  555.6025
6232.14709341526  484.1237
6233.61814641953  446.1052
6235.08919942379  470.4821
6236.56025242806  560.5583
6238.03130543232  486.9423
6239.50235843658  469.5166
6240.97341144085  508.7784
6242.44446444511  530.9646
6243.91551744938  473.9872
6245.38657045364  497.5233
6246.85762345791  501.8883
6248.32867646217  527.7125
6249.79972946644  424.1465
6251.2707824707  533.1151
6252.74183547497  498.9819
6254.21288847923  490.0178
6255.6839414835  556.5237
6257.15499448776  527.5498
6258.62604749203  572.7223
6260.09710049629  479.3087
6261.56815350056  567.5645
6263.03920650482  505.8069
6264.51025950909  566.6005
6265.98131251335  611.4095
6267.45236551762  553.0345
6268.92341852188  505.4339
6270.39447152615  533.9431
6271.86552453041  550.3646
6273.33657753468  535.3361
6274.80763053894  521.9244
6276.27868354321  503.0183
6277.74973654747  494.5239
6279.22078955174  520.1398
6280.691842556  507.3715
6282.16289556027  513.296
6283.63394856453  575.4897
6285.10500156879  618.7258
6286.57605457306  582.555
6288.04710757733  524.9504
6289.51816058159  561.497
6290.98921358585  645.4582
6292.46026659012  605.4651
6293.93131959438  595.511
6295.40237259865  625.9077
6296.87342560291  572.8149
6298.34447860718  567.8101
6299.81553161144  656.3177
6301.28658461571  632.988
6302.75763761997  623.3444
6304.22869062424  667.4363
6305.6997436285  622.4683
6307.17079663277  627.4418
6308.64184963703  713.3278
6310.1129026413  659.0375
6311.58395564556  606.6088
6313.05500864983  721.4687
6314.52606165409  658.1838
6315.99711465836  678.7939
6317.46816766262  681.8595
6318.93922066689  708.6656
6320.41027367115  684.936
6321.88132667542  672.6237
6323.35237967968  669.5313
6324.82343268395  701.5474
6326.29448568821  724.8572
6327.76553869247  646.7896
6329.23659169674  656.8168
6330.707644701  627.3383
6332.17869770527  703.5916
6333.64975070953  739.4387
6335.1208037138  648.4238
6336.59185671806  752.7271
6338.06290972233  714.2386
6339.53396272659  766.6804
6341.00501573086  741.5394
6342.47606873512  732.3828
6343.94712173939  705.5132
6345.41817474365  767.6054
6346.88922774792  776.5791
6348.36028075218  726.3273
6349.83133375645  774.0438
6351.30238676071  740.4611
6352.77343976498  693.9308
6354.24449276924  733.5414
6355.71554577351  716.8566
6357.18659877777  614.6196
6358.65765178204  671.5703
6360.1287047863  666.4872
6361.59975779057  716.2609
6363.07081079483  736.2745
6364.5418637991  651.1785
6366.01291680336  675.2324
6367.48396980762  682.7364
6368.95502281189  696.0077
6370.42607581616  713.3878
6371.89712882042  703.5598
6373.36818182468  752.9478
6374.83923482895  785.8743
6376.31028783322  752.3269
6377.78134083748  743.2831
6379.25239384174  700.7696
6380.72344684601  656.4221
6382.19449985027  640.5707
6383.66555285454  633.9188
6385.1366058588  712.2579
6386.60765886307  701.2439
6388.07871186733  730.3453
6389.5497648716  703.8216
6391.02081787586  708.2346
6392.49187088013  713.2476
6393.96292388439  645.5764
6395.43397688866  761.2418
6396.90502989292  718.0818
6398.37608289719  749.7873
6399.84713590145  757.3831
6401.31818890572  757.569
6402.78924190998  739.5779
6404.26029491425  763.7027
6405.73134791851  797.1752
6407.20240092278  750.4973
6408.67345392704  785.6169
6410.14450693131  737.034
6411.61555993557  716.4462
6413.08661293984  755.5823
6414.5576659441  747.2882
6416.02871894836  820.6212
6417.49977195263  782.788
6418.97082495689  748.0372
6420.44187796116  764.8232
6421.91293096542  777.9775
6423.38398396969  803.9228
6424.85503697395  849.6038
6426.32608997822  868.4301
6427.79714298248  879.9088
6429.26819598675  801.4398
6430.73924899101  805.2542
6432.21030199528  825.3757
6433.68135499954  714.5668
6435.15240800381  854.5513
6436.62346100807  834.9326
6438.09451401234  771.7802
6439.5655670166  813.9982
6441.03662002087  814.2648
6442.50767302513  826.96
6443.9787260294  825.8032
6445.44977903366  837.0565
6446.92083203793  828.6076
6448.39188504219  882.4143
6449.86293804646  871.8795
6451.33399105072  818.2632
6452.80504405499  807.2701
6454.27609705925  807.7898
6455.74715006351  824.7642
6457.21820306778  832.0547
6458.68925607205  847.7246
6460.16030907631  857.9345
6461.63136208057  882.429
6463.10241508484  786.961
6464.57346808911  837.2921
6466.04452109337  856.2719
6467.51557409763  904.6032
6468.9866271019  849.8074
6470.45768010616  866.0218
6471.92873311043  867.2872
6473.39978611469  878.583
6474.87083911896  792.5677
6476.34189212322  863.7625
6477.81294512749  918.7203
6479.28399813175  941.6644
6480.75505113602  807.5323
6482.22610414028  834.3611
6483.69715714455  889.4395
6485.16821014881  846.895
6486.63926315308  829.1256
6488.11031615734  826.7844
6489.58136916161  883.0679
6491.05242216587  868.4414
6492.52347517014  845.821
6493.9945281744  790.3575
6495.46558117867  797.1218
6496.93663418293  817.0351
6498.40768718719  839.483
6499.87874019146  867.873
6501.34979319572  857.3119
6502.82084619999  885.082
6504.29189920425  911.7682
6505.76295220852  885.8028
6507.23400521278  921.4951
6508.70505821705  913.7453
6510.17611122131  909.3492
6511.64716422558  948.6846
6513.11821722984  889.3774
6514.58927023411  852.9171
6516.06032323837  936.784
6517.53137624264  901.8749
6519.0024292469  912.1351
6520.47348225117  891.9756
6521.94453525543  966.7069
6523.4155882597  899.9877
6524.88664126396  914.8718
6526.35769426823  914.9852
6527.82874727249  983.5448
6529.29980027676  975.4209
6530.77085328102  919.8752
6532.24190628529  972.1428
6533.71295928955  1014.949
6535.18401229382  979.5055
6536.65506529808  1048.221
6538.12611830235  1005.625
6539.59717130661  1001.985
6541.06822431088  1083.354
6542.53927731514  1035.822
6544.0103303194  1025.506
6545.48138332367  1052.961
6546.95243632794  1130.26
6548.4234893322  1152.733
6549.89454233646  1122.856
6551.36559534073  1125.102
6552.836648345  1335.279
6554.30770134926  1575.318
6555.77875435352  1972.112
6557.24980735779  3421.035
6558.72086036205  6724.143
6560.19191336632  12003.98
6561.66296637058  16044.72
6563.13401937485  16979.67
6564.60507237911  14474.65
6566.07612538338  10054.63
6567.54717838764  6146.411
6569.01823139191  3541.748
6570.48928439617  2180.404
6571.96033740044  1650.489
6573.4313904047  1360.488
6574.90244340897  1189.124
6576.37349641323  1073.39
6577.8445494175  1101.532
6579.31560242176  1034.866
6580.78665542602  947.7326
6582.25770843029  952.5988
6583.72876143456  956.9466
6585.19981443882  991.4013
6586.67086744308  988.6544
6588.14192044735  978.1406
6589.61297345162  931.1055
6591.08402645588  1012.232
6592.55507946014  992.8785
6594.02613246441  907.0273
6595.49718546867  882.2866
6596.96823847294  863.3111
6598.4392914772  952.0421
6599.91034448147  944.5889
6601.38139748573  909.495
6602.85245049  922.0617
6604.32350349426  932.4399
6605.79455649853  945.467
6607.26560950279  905.2466
6608.73666250706  947.5439
6610.20771551132  921.3448
6611.67876851559  962.7178
6613.14982151985  968.5479
6614.62087452412  941.4047
6616.09192752838  951.8061
6617.56298053265  900.6948
6619.03403353691  896.1995
6620.50508654118  846.9061
6621.97613954544  856.9738
6623.44719254971  827.9683
6624.91824555397  799.2963
6626.38929855824  821.4564
6627.8603515625  870.5574
6629.33140456677  854.8318
6630.80245757103  825.6132
6632.27351057529  850.035
6633.74456357956  824.8473
6635.21561658382  870.1809
6636.68666958809  869.4252
6638.15772259235  895.3902
6639.62877559662  879.1625
6641.09982860088  847.4014
6642.57088160515  851.8103
6644.04193460941  841.2484
6645.51298761368  891.1916
6646.98404061794  825.7519
6648.45509362221  872.9853
6649.92614662647  803.1569
6651.39719963074  779.8809
6652.868252635  798.0544
6654.33930563927  795.8389
6655.81035864353  791.6281
6657.2814116478  859.2925
6658.75246465206  790.1293
6660.22351765633  785.7852
6661.69457066059  791.0396
6663.16562366486  790.9525
6664.63667666912  779.2816
6666.10772967339  804.597
6667.57878267765  818.0104
6669.04983568192  862.732
6670.52088868618  852.2244
6671.99194169045  790.8639
6673.46299469471  855.0683
6674.93404769897  894.7762
6676.40510070324  904.3823
6677.8761537075  1019.927
6679.34720671177  958.6984
6680.81825971603  945.9411
6682.2893127203  842.1197
6683.76036572456  798.5296
6685.23141872883  741.9994
6686.70247173309  747.7579
6688.17352473736  795.0858
6689.64457774162  757.4518
6691.11563074589  774.0657
6692.58668375015  730.7335
6694.05773675442  704.9778
6695.52878975868  771.2087
6696.99984276295  712.2371
6698.47089576721  780.7247
6699.94194877148  802.5709
6701.41300177574  795.191
6702.88405478001  813.9446
6704.35510778427  781.7455
6705.82616078854  833.5208
6707.2972137928  758.8139
6708.76826679707  800.8249
6710.23931980133  695.9436
6711.7103728056  735.4158
6713.18142580986  733.6472
6714.65247881413  758.505
6716.12353181839  725.8807
6717.59458482266  703.2083
6719.06563782692  650.9818
6720.53669083119  696.3192
6722.00774383545  704.4094
6723.47879683972  743.5327
6724.94984984398  711.1451
6726.42090284825  827.8258
6727.89195585251  720.9271
6729.36300885678  692.6223
6730.83406186104  702.8848
6732.3051148653  810.4231
6733.77616786957  712.5665
6735.24722087383  744.2351
6736.7182738781  718.9417
6738.18932688236  797.6865
6739.66037988663  767.6536
6741.13143289089  813.0886
6742.60248589516  844.9587
6744.07353889942  765.9097
6745.54459190369  753.2043
6747.01564490795  732.3199
6748.48669791222  743.2953
6749.95775091648  771.7775
6751.42880392075  634.5143
6752.89985692501  691.3934
6754.37090992928  732.2761
6755.84196293354  693.5336
6757.31301593781  694.3184
6758.78406894207  789.7832
6760.25512194634  699.3805
6761.7261749506  775.1928
6763.19722795486  786.8371
6764.66828095913  734.3919
6766.13933396339  696.8857
6767.61038696766  724.7907
6769.08143997192  729.0849
6770.55249297619  761.199
6772.02354598045  757.254
6773.49459898472  801.3395
6774.96565198898  735.8944
6776.43670499325  815.262
6777.90775799751  795.8043
6779.37881100178  736.6816
6780.84986400604  784.3432
6782.32091701031  751.2513
6783.79197001457  716.0989
6785.26302301884  726.5225
6786.7340760231  657.7335
6788.20512902737  717.1501
6789.67618203163  674.3097
6791.1472350359  694.8377
6792.61828804016  761.5261
6794.08934104443  717.5596
6795.56039404869  709.2452
6797.03144705296  746.6354
6798.50250005722  711.3974
6799.97355306149  705.163
6801.44460606575  772.2414
6802.91565907002  728.0486
6804.38671207428  671.3787
6805.85776507855  683.4072
6807.32881808281  756.9424
6808.79987108707  792.0292
6810.27092409134  817.8301
6811.74197709561  761.8383
6813.21303009987  764.0916
6814.68408310413  771.0474
6816.1551361084  702.7573
6817.62618911267  724.8203
6819.09724211693  759.2371
6820.56829512119  808.5379
6822.03934812546  759.5654
6823.51040112972  713.8597
6824.98145413399  762.1225
6826.45250713825  774.471
6827.92356014252  770.2203
6829.39461314678  788.6312
6830.86566615105  779.7587
6832.33671915531  730.036
6833.80777215958  690.832
6835.27882516384  731.7261
6836.74987816811  780.1038
6838.22093117237  713.7315
6839.69198417664  726.2101
6841.1630371809  815.201
6842.63409018517  796.4843
6844.10514318943  809.9904
6845.57619619369  720.35
6847.04724919796  690.3261
6848.51830220223  773.9462
6849.98935520649  715.1215
6851.46040821075  685.8087
6852.93146121502  737.6582
6854.40251421929  747.1082
6855.87356722355  733.4275
6857.34462022781  763.1943
6858.81567323208  710.8318
6860.28672623634  665.4135
6861.75777924061  722.1646
6863.22883224487  748.7097
6864.69988524914  671.5396
6866.1709382534  676.8849
6867.64199125767  586.2134
6869.11304426193  549.6334
6870.5840972662  550.8035
6872.05515027046  528.924
6873.52620327473  568.0716
6874.99725627899  630.6443
6876.46830928326  639.1612
6877.93936228752  643.8381
6879.41041529179  629.5048
6880.88146829605  695.7156
6882.35252130032  665.7055
6883.82357430458  650.9024
6885.29462730885  692.0032
6886.76568031311  654.9305
6888.23673331738  721.7245
6889.70778632164  656.6206
6891.17883932591  623.7089
6892.64989233017  678.2379
6894.12094533444  709.1559
6895.5919983387  709.3769
6897.06305134297  707.7777
6898.53410434723  725.874
6900.00515735149  693.1519
6901.47621035576  668.9725
6902.94726336002  641.204
6904.41831636429  674.1757
6905.88936936855  724.7988
6907.36042237282  753.3071
6908.83147537708  838.4604
6910.30252838135  782.8743
6911.77358138561  765.2084
6913.24463438988  804.116
6914.71568739414  782.0896
6916.18674039841  774.3223
6917.65779340267  678.446
6919.12884640694  750.7037
6920.5998994112  758.189
6922.07095241547  784.2471
6923.54200541973  836.0927
6925.013058424  807.2772
6926.48411142826  759.1264
6927.95516443253  862.2377
6929.42621743679  806.4301
6930.89727044106  828.3527
6932.36832344532  826.8192
6933.83937644959  878.0726
6935.31042945385  818.4327
6936.78148245811  870.9908
6938.25253546238  849.4622
6939.72358846664  837.0849
6941.19464147091  803.2673
6942.66569447517  888.9528
6944.13674747944  878.5909
6945.6078004837  902.093
6947.07885348797  906.5991
6948.54990649223  889.8324
6950.0209594965  931.1608
6951.49201250076  917.3287
6952.96306550503  792.0499
6954.43411850929  916.5508
6955.90517151356  832.8179
6957.37622451782  928.0208
6958.84727752209  908.4313
6960.31833052635  881.6495
6961.78938353062  838.3792
6963.26043653488  863.0491
6964.73148953915  1010.452
6966.20254254341  911.7658
6967.67359554768  944.2969
6969.14464855194  938.8994
6970.61570155621  886.8773
6972.08675456047  935.5747
6973.55780756474  863.8251
6975.028860569  960.6255
6976.49991357327  895.8036
6977.97096657753  907.563
6979.44201958179  946.9642
6980.91307258606  926.2514
6982.38412559032  1024.825
6983.85517859459  1001.841
6985.32623159885  967.416
6986.79728460312  1011.152
6988.26833760738  974.2049
6989.73939061165  880.0155
6991.21044361591  932.6697
6992.68149662018  838.8456
6994.15254962444  1010.19
6995.62360262871  973.3339
6997.09465563297  888.5172
6998.56570863724  1014.349
7000.0367616415  944.7811
7001.50781464577  958.8228
7002.97886765003  973.0578
7004.4499206543  1012.281
7005.92097365856  913.0486
7007.39202666283  983.4418
7008.86307966709  928.959
7010.33413267136  914.9716
7011.80518567562  1041.928
7013.27623867989  965.492
7014.74729168415  1002.829
7016.21834468842  953.6289
7017.68939769268  947.9891
7019.16045069695  1050.933
7020.63150370121  954.627
7022.10255670547  1039.804
7023.57360970974  1040.168
7025.04466271401  1040.481
7026.51571571827  964.3669
7027.98676872253  1061.839
7029.4578217268  1023.9
7030.92887473107  1071.127
7032.39992773533  1114.905
7033.87098073959  1022.083
7035.34203374386  1046.859
7036.81308674812  1058.442
7038.28413975239  1104.646
7039.75519275665  1064.393
7041.22624576092  1110.786
7042.69729876518  1091.467
7044.16835176945  1150.416
7045.63940477371  1129.867
7047.11045777798  1195.585
7048.58151078224  1100.599
7050.05256378651  1114.514
7051.52361679077  1094.711
7052.99466979504  1025.526
7054.4657227993  943.3651
7055.93677580357  859.6132
7057.40782880783  914.7598
7058.87888181209  910.1758
7060.34993481636  893.2183
7061.82098782063  852.7086
7063.29204082489  933.4622
7064.76309382915  942.6862
7066.23414683342  1030.482
7067.70519983769  956.6591
7069.17625284195  925.6323
7070.64730584621  923.5642
7072.11835885048  886.4074
7073.58941185474  985.0727
7075.06046485901  941.8856
7076.53151786327  957.1903
7078.00257086754  979.9567
7079.4736238718  1000.59
7080.94467687607  1021.527
7082.41572988033  992.467
7083.8867828846  966.1266
7085.35783588886  932.1474
7086.82888889313  915.3585
7088.29994189739  757.7667
7089.77099490166  776.5472
7091.24204790592  773.92
7092.71310091019  814.4058
7094.18415391445  735.9451
7095.65520691872  740.9296
7097.12625992298  754.5919
7098.59731292725  766.983
7100.06836593151  776.9763
7101.53941893578  812.283
7103.01047194004  811.5292
7104.48152494431  837.5094
7105.95257794857  856.6655
7107.42363095284  820.2858
7108.8946839571  845.1922
7110.36573696136  849.5361
7111.83678996563  823.6495
7113.30784296989  828.3352
7114.77889597416  867.9795
7116.24994897842  859.7684
7117.72100198269  859.6279
7119.19205498695  915.8254
7120.66310799122  912.8539
7122.13416099548  885.6306
7123.60521399975  923.1443
7125.07626700401  856.8639
7126.54732000828  752.4125
7128.01837301254  752.712
7129.48942601681  740.3323
7130.96047902107  706.7813
7132.43153202534  722.5549
7133.9025850296  755.9763
7135.37363803387  681.5479
7136.84469103813  737.1893
7138.3157440424  762.6211
7139.78679704666  721.333
7141.25785005093  739.4916
7142.72890305519  734.9291
7144.19995605946  747.002
7145.67100906372  782.0782
7147.14206206799  766.3297
7148.61311507225  711.0598
7150.08416807652  730.0687
7151.55522108078  750.5902
7153.02627408505  793.8008
7154.49732708931  874.9313
7155.96838009357  825.3698
7157.43943309784  785.1786
7158.9104861021  791.6542
7160.38153910637  760.4135
7161.85259211063  824.9585
7163.3236451149  848.6185
7164.79469811916  706.9102
7166.26575112343  732.704
7167.73680412769  783.97
7169.20785713196  774.5389
7170.67891013622  792.7891
7172.14996314049  786.1126
7173.62101614475  734.1864
7175.09206914902  689.8867
7176.56312215328  741.1816
7178.03417515755  764.441
7179.50522816181  771.0234
7180.97628116608  800.986
7182.44733417034  804.3691
7183.91838717461  768.663
7185.38944017887  833.3856
7186.86049318314  781.1093
7188.3315461874  783.9459
7189.80259919167  843.6637
7191.27365219593  770.3041
7192.7447052002  824.2438
7194.21575820446  894.735
7195.68681120873  864.9129
7197.15786421299  805.6786
7198.62891721725  781.3267
7200.09997022152  746.8853
7201.57102322579  717.9238
7203.04207623005  751.7842
7204.51312923431  750.6019
7205.98418223858  814.691
7207.45523524285  786.9818
7208.92628824711  795.6012
7210.39734125137  889.9673
7211.86839425564  848.8316
7213.3394472599  796.844
7214.81050026417  806.6602
7216.28155326843  814.5429
7217.7526062727  878.376
7219.22365927696  909.1381
7220.69471228123  926.0179
7222.16576528549  884.5011
7223.63681828976  869.6911
7225.10787129402  882.6012
7226.57892429829  881.7583
7228.04997730255  928.3974
7229.52103030682  923.2523
7230.99208331108  838.718
7232.46313631535  852.5789
7233.93418931961  852.8409
7235.40524232388  830.0098
7236.87629532814  818.0592
7238.34734833241  874.7078
7239.81840133667  843.548
7241.28945434094  794.905
7242.7605073452  855.1913
7244.23156034947  892.8848
7245.70261335373  910.5736
7247.17366635799  912.4676
7248.64471936226  978.5772
7250.11577236652  888.4571
7251.58682537079  832.232
7253.05787837505  933.6708
7254.52893137932  963.0837
7255.99998438358  974.7378
7257.47103738785  985.123
7258.94209039211  919.1353
7260.41314339638  928.9507
7261.88419640064  865.191
7263.35524940491  966.1252
7264.82630240917  949.472
7266.29735541344  956.5824
7267.7684084177  1015.06
7269.23946142197  1057.611
7270.71051442623  1054.168
7272.1815674305  943.3806
7273.65262043476  934.5083
7275.12367343903  917.6459
7276.59472644329  981.2393
7278.06577944756  999.0542
7279.53683245182  988.8154
7281.00788545609  1053.309
7282.47893846035  1015.187
7283.94999146462  1028.522
7285.42104446888  975.2365
7286.89209747314  965.7524
7288.36315047741  968.7786
7289.83420348168  949.4135
7291.30525648594  944.2901
7292.7763094902  986.8239
7294.24736249447  1034.412
7295.71841549874  1097.177
7297.189468503  1050.036
7298.66052150726  1069.761
7300.13157451153  1021.49
7301.60262751579  998.1558
7303.07368052006  1038.396
7304.54473352432  1111.202
7306.01578652859  1042.713
7307.48683953285  1083.611
7308.95789253712  1061.256
7310.42894554138  1077.348
7311.89999854565  1058.392
7313.37105154991  991.2855
7314.84210455418  1104.528
7316.31315755844  1068.858
7317.78421056271  1039.035
7319.25526356697  1088.05
7320.72631657124  1157.05
7322.1973695755  1103.725
7323.66842257976  1062.749
7325.13947558403  1111.146
7326.6105285883  1158.027
7328.08158159256  1110.712
7329.55263459682  1084.472
7331.02368760109  1135.676
7332.49474060536  1101.49
7333.96579360962  1146.392
7335.43684661388  1103.134
7336.90789961815  1166.673
7338.37895262241  1179.689
7339.85000562668  1186.211
7341.32105863094  1223.961
7342.79211163521  1110.597
7344.26316463947  1114.074
7345.73421764374  1057.158
7347.205270648  1125.37
7348.67632365227  1088.35
7350.14737665653  1077.943
7351.6184296608  1145.058
7353.08948266506  1115.359
7354.56053566933  1149.855
7356.03158867359  1087.785
7357.50264167786  1131.45
7358.97369468212  1138.285
7360.44474768639  1184.099
7361.91580069065  1147.484
7363.38685369492  1103.485
7364.85790669918  1132.114
7366.32895970345  1157.083
7367.80001270771  1134.462
7369.27106571198  1207.297
7370.74211871624  1188.615
7372.21317172051  1197.094
7373.68422472477  1182.735
7375.15527772903  1097.169
7376.6263307333  1218.098
7378.09738373757  1147.152
7379.56843674183  1174.254
7381.03948974609  1236.199
7382.51054275036  1200.699
7383.98159575462  1241.067
7385.45264875889  1211.575
7386.92370176315  1249.455
7388.39475476742  1115.26
7389.86580777168  1204.197
7391.33686077595  1181.606
7392.80791378021  1203.464
7394.27896678448  1121.365
7395.75001978874  1171.547
7397.22107279301  1139.771
7398.69212579727  1144.973
7400.16317880154  1210.57
7401.6342318058  1180.021
7403.10528481007  1152.116
7404.57633781433  1250.279
7406.0473908186  1182.419
7407.51844382286  1186.911
7408.98949682713  1194.195
7410.46054983139  1205.672
7411.93160283566  1150.608
7413.40265583992  1087.851
7414.87370884419  1148.36
7416.34476184845  1229.869
7417.81581485271  1193.64
7419.28686785698  1203.084
7420.75792086124  1113.273
7422.22897386551  1133.354
7423.70002686977  1097.591
7425.17107987404  1129.943
7426.6421328783  1165.243
7428.11318588257  1136.735
7429.58423888683  1140.8
7431.0552918911  1123.801
7432.52634489536  1088.422
7433.99739789963  1190.396
7435.46845090389  1069.732
7436.93950390816  1156.7
7438.41055691242  1162.659
7439.88160991669  1218.377
7441.35266292095  1174.716
7442.82371592522  1149.439
7444.29476892948  1113.105
7445.76582193375  1155.949
7447.23687493801  1135.161
7448.70792794228  1079.911
7450.17898094654  1126.307
7451.65003395081  1081.277
7453.12108695507  1126.463
7454.59213995934  1194.03
7456.0631929636  1168.833
7457.53424596787  1067.885
7459.00529897213  1112.005
7460.4763519764  1104.24
7461.94740498066  1056.48
7463.41845798492  1055.408
7464.88951098919  1048.633
7466.36056399346  1081.611
7467.83161699772  1122.821
7469.30267000198  1053.945
7470.77372300625  1055.547
7472.24477601052  1063.701
7473.71582901478  1051.527
7475.18688201904  1078.11
7476.65793502331  1090.824
7478.12898802757  1103.98
7479.60004103184  1023.508
7481.0710940361  1089.924
7482.54214704037  1136.359
7484.01320004463  1056.825
7485.4842530489  1065.659
7486.95530605316  1029.398
7488.42635905743  1020.24
7489.89741206169  1004.793
