#Seconds Flux
     0.000 -0.02156034
     5.000 -0.03972177
    10.000 -0.01607493
    15.000 -0.03262029
    20.000 -0.04126079
    25.000 -0.03146731
    30.000 -0.02644185
    35.000 -0.02387694
    40.000 -0.02128207
    45.000 -0.01446539
    50.000 -0.02380316
    55.000 -0.00842906
    60.000 -0.00401752
    65.000 0.00520254
    70.000 0.00519059
    75.000 0.02055198
    80.000 0.01966858
    85.000 0.02478922
    90.000 0.03297347
    95.000 0.02934924
   100.000 0.02502289
   105.000 0.04188059
   110.000 0.04164749
   115.000 0.04259935
   120.000 0.01407298
   125.000 0.03437667
   130.000 0.02289389
   135.000 0.02991245
   140.000 0.02869121
   145.000 0.00708543
   150.000 0.00192654
   155.000 0.01090641
   160.000 0.00586800
   165.000 -0.00580841
   170.000 -0.01043069
   175.000 -0.01200480
   180.000 -0.01071731
   185.000 -0.01237016
   190.000 -0.00779220
   195.000 -0.02389980
   200.000 -0.01670333
   205.000 -0.01467179
   210.000 -0.01972483
   215.000 -0.01886391
   220.000 -0.02795119
   225.000 -0.01853078
   230.000 -0.02149501
   235.000 -0.02573464
   240.000 -0.03518727
   245.000 -0.03045404
   250.000 -0.03536950
   255.000 -0.03387432
   260.000 -0.02844831
   265.000 -0.03323039
   270.000 -0.03720413
   275.000 -0.03853572
   280.000 -0.03313978
   285.000 -0.03920018
   290.000 -0.03326709
   295.000 -0.03631026
   300.000 -0.03116494
   305.000 -0.01978232
   310.000 -0.02122074
   315.000 -0.00190816
   320.000 -0.00427874
   325.000 -0.00868010
   330.000 -0.01350673
   335.000 0.00234487
   340.000 -0.00475222
   345.000 0.00750069
   350.000 0.00777867
   355.000 0.01692488
   360.000 0.02447506
   365.000 0.03002885
   370.000 0.03566469
   375.000 0.04576206
   380.000 0.04840689
   385.000 0.05017469
   390.000 0.04120461
   395.000 0.04344756
   400.000 0.02590646
   405.000 0.04694719
   410.000 0.04032072
   415.000 0.02391379
   420.000 0.03938587
   425.000 0.03597623
   430.000 0.03667608
   435.000 0.03154840
   440.000 0.03862319
   445.000 0.02536877
   450.000 0.00646292
   455.000 0.00745341
   460.000 0.00784545
   465.000 0.01055904
   470.000 0.00700760
   475.000 0.00083070
   480.000 -0.00850967
   485.000 -0.00775935
   490.000 -0.01252714
   495.000 -0.00867497
   500.000 -0.01066339
   505.000 -0.03516013
   510.000 -0.01603613
   515.000 -0.03847135
   520.000 -0.03137549
   525.000 -0.02246207
   530.000 -0.04543753
   535.000 -0.03155054
   540.000 -0.02963435
   545.000 -0.02531554
   550.000 -0.02226287
   555.000 -0.03365580
   560.000 -0.02404914
   565.000 -0.02463330
   570.000 -0.02890518
   575.000 -0.03623733
   580.000 -0.01939637
   585.000 -0.03401508
   590.000 -0.00892436
   595.000 -0.03911195
   600.000 -0.02417762
   605.000 -0.02548831
   610.000 -0.02665711
   615.000 -0.03144038
   620.000 -0.01892312
   625.000 -0.00649127
   630.000 -0.00532864
   635.000 0.01545956
   640.000 0.00116608
   645.000 0.00651347
   650.000 0.02731879
   655.000 0.02711393
   660.000 0.05106217
   665.000 0.04210230
   670.000 0.04834726
   675.000 0.05562840
   680.000 0.06035897
   685.000 0.06608867
   690.000 0.07590325
   695.000 0.06778226
   700.000 0.06939283
   705.000 0.06225641
   710.000 0.04341856
   715.000 0.04573205
   720.000 0.03427334
   725.000 0.02665279
   730.000 0.03469821
   735.000 0.02199612
   740.000 0.02323289
   745.000 -0.00408688
   750.000 -0.00181507
   755.000 0.00205851
   760.000 -0.00965866
   765.000 -0.02058692
   770.000 -0.02316766
   775.000 -0.01685289
   780.000 -0.01958435
   785.000 -0.01620428
   790.000 -0.02355033
   795.000 -0.01968981
   800.000 -0.02449913
   805.000 -0.02838432
   810.000 -0.03244849
   815.000 -0.01901718
   820.000 -0.03122323
   825.000 -0.01492940
   830.000 -0.03606622
   835.000 -0.02932915
   840.000 -0.03726839
   845.000 -0.02976814
   850.000 -0.03143269
   855.000 -0.03910025
   860.000 -0.03171286
   865.000 -0.04534483
   870.000 -0.03101724
   875.000 -0.03782798
   880.000 -0.04858490
   885.000 -0.04589228
   890.000 -0.02283236
   895.000 -0.01785723
   900.000 0.00209687
   905.000 0.00240345
   910.000 -0.00071958
   915.000 -0.00280373
   920.000 0.01041535
   925.000 0.01976426
   930.000 0.03343189
   935.000 0.02214946
   940.000 0.04358068
   945.000 0.03867642
   950.000 0.04120904
   955.000 0.04562275
   960.000 0.04567349
   965.000 0.03928123
   970.000 0.03096100
   975.000 0.03887186
   980.000 0.03739016
   985.000 0.04030207
   990.000 0.02735767
   995.000 0.00932339
  1000.000 0.01838319
  1005.000 0.00975285
  1010.000 0.02300948
  1015.000 0.02132202
  1020.000 0.01995318
  1025.000 -0.00180692
  1030.000 0.01587108
  1035.000 0.00856813
  1040.000 0.00873061
  1045.000 0.01159864
  1050.000 0.00180709
  1055.000 0.01450342
  1060.000 -0.01281863
  1065.000 -0.00515813
  1070.000 -0.01302714
  1075.000 -0.01311292
  1080.000 -0.00341554
  1085.000 -0.01171654
  1090.000 -0.00929607
  1095.000 -0.01398715
  1100.000 -0.01645075
  1105.000 -0.03060058
  1110.000 -0.03323894
  1115.000 -0.01594208
  1120.000 -0.02377337
  1125.000 -0.02852453
  1130.000 -0.03002810
  1135.000 -0.01999408
  1140.000 -0.01850860
  1145.000 -0.01360236
  1150.000 -0.01033679
  1155.000 -0.01505382
  1160.000 0.00754490
  1165.000 -0.00582104
  1170.000 -0.02407749
  1175.000 0.00447990
  1180.000 -0.00602909
  1185.000 -0.01121657
  1190.000 -0.00611713
  1195.000 -0.00530817
  1200.000 -0.01086374
  1205.000 0.00192241
  1210.000 -0.00803639
  1215.000 0.00304430
  1220.000 0.00221410
  1225.000 -0.00920860
  1230.000 -0.00036379
  1235.000 -0.01396982
  1240.000 0.00457597
  1245.000 0.00645390
  1250.000 -0.00025374
  1255.000 0.01575358
  1260.000 0.00770166
  1265.000 0.01544701
  1270.000 -0.00151037
  1275.000 0.01307167
  1280.000 0.02585506
  1285.000 0.02265114
  1290.000 0.02053776
  1295.000 0.00844461
  1300.000 0.01308254
  1305.000 0.00990591
  1310.000 0.01277042
  1315.000 0.00983811
  1320.000 0.01689299
  1325.000 0.01344785
  1330.000 0.03297634
  1335.000 0.01698649
  1340.000 0.00801284
  1345.000 0.00985872
  1350.000 0.00027365
  1355.000 0.00527430
  1360.000 -0.00206140
  1365.000 -0.00922443
  1370.000 -0.00011460
  1375.000 0.00228406
  1380.000 0.01429835
  1385.000 0.01166622
  1390.000 -0.00560040
  1395.000 -0.00052980
  1400.000 -0.00151670
  1405.000 -0.00292578
  1410.000 0.00292396
  1415.000 -0.00155766
  1420.000 -0.00162013
  1425.000 -0.01565540
  1430.000 -0.00045264
  1435.000 -0.00940482
  1440.000 -0.01481863
  1445.000 -0.00761175
  1450.000 -0.01271198
  1455.000 -0.01213165
  1460.000 -0.01554361
  1465.000 -0.01134560
  1470.000 -0.02412814
  1475.000 -0.00617229
  1480.000 -0.01692851
  1485.000 -0.01512738
  1490.000 -0.00165460
  1495.000 -0.00468712
  1500.000 -0.01292310
  1505.000 -0.01626524
  1510.000 -0.00923034
  1515.000 0.00004905
  1520.000 0.00158580
  1525.000 -0.00816196
  1530.000 -0.01137393
  1535.000 -0.01594758
  1540.000 0.00103644
  1545.000 -0.00495518
  1550.000 -0.00667637
  1555.000 -0.00580448
  1560.000 0.00879262
  1565.000 -0.00448376
  1570.000 0.00307514
  1575.000 -0.00203469
  1580.000 -0.01477376
  1585.000 0.00414930
  1590.000 -0.00163458
  1595.000 0.02415337
  1600.000 0.01649585
  1605.000 0.01134527
  1610.000 0.00206770
  1615.000 0.00047100
  1620.000 0.03334836
  1625.000 0.02050153
  1630.000 0.01234131
  1635.000 0.01246520
  1640.000 0.03194484
  1645.000 0.01748310
  1650.000 0.02715260
  1655.000 0.02270794
  1660.000 0.02301956
  1665.000 0.02045415
  1670.000 0.02956628
  1675.000 0.02636828
  1680.000 0.01925236
  1685.000 0.01782143
  1690.000 0.01608905
  1695.000 0.02073947
  1700.000 0.01838977
  1705.000 0.02183689
  1710.000 0.02620446
  1715.000 0.00072809
  1720.000 0.01231130
  1725.000 0.00303202
  1730.000 -0.01047624
  1735.000 0.00916592
  1740.000 0.00069384
  1745.000 0.00206311
  1750.000 -0.00842479
  1755.000 -0.01179623
  1760.000 -0.00658735
  1765.000 -0.01807115
  1770.000 -0.01053531
  1775.000 -0.01304135
  1780.000 -0.02233825
  1785.000 -0.01406433
  1790.000 -0.02737320
  1795.000 -0.02224976
  1800.000 -0.03366495
  1805.000 -0.04242147
  1810.000 -0.01254291
  1815.000 -0.01207987
  1820.000 -0.02462075
  1825.000 -0.01683787
  1830.000 -0.02811074
  1835.000 -0.03071378
  1840.000 -0.03388256
  1845.000 -0.01471811
  1850.000 -0.02273390
  1855.000 -0.01705448
  1860.000 -0.01429364
  1865.000 -0.02590081
  1870.000 -0.01124971
  1875.000 0.00074013
  1880.000 0.00402164
  1885.000 0.00378030
  1890.000 0.01617654
  1895.000 0.01879961
  1900.000 0.04251227
  1905.000 0.02444735
  1910.000 0.05131473
  1915.000 0.04102885
  1920.000 0.05566877
  1925.000 0.05937398
  1930.000 0.06115092
  1935.000 0.06189919
  1940.000 0.05775202
  1945.000 0.05059981
  1950.000 0.05299229
  1955.000 0.05788598
  1960.000 0.03755250
  1965.000 0.05184539
  1970.000 0.04662404
  1975.000 0.02831238
  1980.000 0.03528217
  1985.000 0.03310579
  1990.000 0.01273638
  1995.000 0.01154906
  2000.000 0.01054111
  2005.000 -0.00261132
  2010.000 -0.00095065
  2015.000 -0.01350434
  2020.000 -0.00145900
  2025.000 -0.00799603
  2030.000 -0.00675348
  2035.000 0.00202836
  2040.000 -0.01901047
  2045.000 -0.02433817
  2050.000 -0.02558367
  2055.000 -0.01972570
  2060.000 -0.04184272
  2065.000 -0.02235139
  2070.000 -0.04401532
  2075.000 -0.03473572
  2080.000 -0.03328155
  2085.000 -0.02182516
  2090.000 -0.02535297
  2095.000 -0.03345793
  2100.000 -0.02569947
  2105.000 -0.03298381
  2110.000 -0.03498934
  2115.000 -0.03008625
  2120.000 -0.02854292
  2125.000 -0.01417715
  2130.000 -0.03693421
  2135.000 -0.02617391
  2140.000 -0.01311984
  2145.000 -0.02140913
  2150.000 -0.00457064
  2155.000 0.00600235
  2160.000 0.00142370
  2165.000 0.01142106
  2170.000 0.00790577
  2175.000 0.01379470
  2180.000 0.01620969
  2185.000 0.01583652
  2190.000 0.03307573
  2195.000 0.04146448
  2200.000 0.04311115
  2205.000 0.05619849
  2210.000 0.05774720
  2215.000 0.05066307
  2220.000 0.05844761
  2225.000 0.06459822
  2230.000 0.05857090
  2235.000 0.05628607
  2240.000 0.03909344
  2245.000 0.04829142
  2250.000 0.04091535
  2255.000 0.02936700
  2260.000 0.02893536
  2265.000 0.01565639
  2270.000 0.02442079
  2275.000 -0.00328815
  2280.000 0.02325909
  2285.000 0.00303616
  2290.000 0.00369108
  2295.000 -0.01632650
  2300.000 -0.00609246
  2305.000 -0.01305915
  2310.000 -0.02253779
  2315.000 -0.01445758
  2320.000 -0.00946809
  2325.000 -0.01381671
  2330.000 -0.01006590
  2335.000 -0.02446346
  2340.000 -0.02048968
  2345.000 -0.02654646
  2350.000 -0.02373095
  2355.000 -0.01715627
  2360.000 -0.02456665
  2365.000 -0.03499661
  2370.000 -0.02700216
  2375.000 -0.03116160
  2380.000 -0.02109904
  2385.000 -0.02912199
  2390.000 -0.03005710
  2395.000 -0.02835820
  2400.000 -0.02880115
  2405.000 -0.03408108
  2410.000 -0.01788526
  2415.000 -0.02399378
  2420.000 -0.02546097
  2425.000 -0.01681902
  2430.000 -0.01913503
  2435.000 -0.01598454
  2440.000 -0.02541898
  2445.000 -0.01476575
  2450.000 -0.01421877
  2455.000 -0.00872521
  2460.000 -0.00372130
  2465.000 0.00205051
  2470.000 0.00111918
  2475.000 0.00166660
  2480.000 0.04207519
  2485.000 0.03206016
  2490.000 0.03685197
  2495.000 0.03288406
  2500.000 0.02233265
  2505.000 0.04113264
  2510.000 0.04297612
  2515.000 0.04208726
  2520.000 0.03070089
  2525.000 0.03531774
  2530.000 0.03142962
  2535.000 0.04684246
  2540.000 0.05076536
  2545.000 0.02023163
  2550.000 0.01603487
  2555.000 0.00922289
  2560.000 0.01553405
  2565.000 -0.00145891
  2570.000 0.02027927
  2575.000 -0.01081021
  2580.000 -0.00989256
  2585.000 -0.00674731
  2590.000 -0.01622883
  2595.000 0.00253053
  2600.000 0.01167279
  2605.000 -0.02787794
  2610.000 -0.01829254
  2615.000 -0.01530844
  2620.000 -0.01955262
  2625.000 -0.02086315
  2630.000 -0.03335737
  2635.000 -0.02060696
  2640.000 -0.03200770
  2645.000 -0.03312216
  2650.000 -0.03628425
  2655.000 -0.04071838
  2660.000 -0.04682296
  2665.000 -0.03842078
  2670.000 -0.03370136
  2675.000 -0.03528924
  2680.000 -0.02908748
  2685.000 -0.03456521
  2690.000 -0.02954429
  2695.000 -0.03224631
  2700.000 -0.03376757
  2705.000 -0.03040435
  2710.000 -0.00702209
  2715.000 -0.00895201
  2720.000 -0.01088846
  2725.000 -0.00716680
  2730.000 -0.00892628
  2735.000 -0.01111461
  2740.000 0.00067977
  2745.000 -0.00035161
  2750.000 0.01306474
  2755.000 0.01311000
  2760.000 0.00553086
  2765.000 0.00599939
  2770.000 -0.00365635
  2775.000 0.01418108
  2780.000 0.00815789
  2785.000 0.01085605
  2790.000 0.02056864
  2795.000 0.01088820
  2800.000 0.01282465
  2805.000 0.01739914
  2810.000 0.00507729
  2815.000 0.02681062
  2820.000 0.00012858
  2825.000 0.00688899
  2830.000 0.01403423
  2835.000 0.01550286
  2840.000 -0.00246203
  2845.000 0.00583620
  2850.000 -0.00130344
  2855.000 0.00430648
  2860.000 0.00388054
  2865.000 0.00863774
  2870.000 0.01109543
  2875.000 -0.00575847
  2880.000 0.01665985
  2885.000 0.00878533
  2890.000 0.00649886
  2895.000 -0.00002874
  2900.000 0.01040275
  2905.000 0.00414351
  2910.000 -0.00154223
  2915.000 -0.00833594
  2920.000 -0.00455940
  2925.000 0.00233114
  2930.000 -0.00542219
  2935.000 -0.00845640
  2940.000 0.00270634
  2945.000 -0.00536526
  2950.000 0.00600162
  2955.000 0.00517760
  2960.000 -0.00584115
  2965.000 -0.01662336
  2970.000 0.00489356
  2975.000 0.00161218
  2980.000 0.01361093
  2985.000 -0.00439228
  2990.000 -0.00650875
  2995.000 -0.01251822
  3000.000 -0.01581057
  3005.000 0.00478121
  3010.000 -0.01873588
  3015.000 -0.01641618
  3020.000 -0.02612495
  3025.000 -0.01617326
  3030.000 -0.01811715
  3035.000 -0.01993610
  3040.000 -0.01454238
  3045.000 -0.01699622
  3050.000 -0.01555921
  3055.000 -0.01760441
  3060.000 -0.01803444
  3065.000 -0.01055790
  3070.000 -0.02225266
  3075.000 -0.02473708
  3080.000 -0.02063836
  3085.000 -0.01845267
  3090.000 -0.01735944
  3095.000 -0.01540531
  3100.000 -0.01389622
  3105.000 -0.01412365
  3110.000 -0.00704197
  3115.000 -0.00673906
  3120.000 0.00047503
  3125.000 0.01316327
  3130.000 0.00188438
  3135.000 0.00587768
  3140.000 0.01572379
  3145.000 0.02093576
  3150.000 0.02892258
  3155.000 0.02065038
  3160.000 0.02011373
  3165.000 0.03183033
  3170.000 0.01958796
  3175.000 0.03795947
  3180.000 0.04110927
  3185.000 0.02544591
  3190.000 0.01951738
  3195.000 0.02857470
  3200.000 0.02727323
  3205.000 0.01664430
  3210.000 0.00986972
  3215.000 0.01377166
  3220.000 0.02472899
  3225.000 -0.00170144
  3230.000 0.00841447
  3235.000 0.02243242
  3240.000 -0.00327958
  3245.000 0.00664656
  3250.000 -0.00293540
  3255.000 -0.00911950
  3260.000 -0.01491873
  3265.000 -0.01227021
  3270.000 -0.02151445
  3275.000 -0.01109313
  3280.000 -0.01146087
  3285.000 -0.01068417
  3290.000 -0.02334214
  3295.000 -0.02239235
  3300.000 -0.01929231
  3305.000 -0.03027748
  3310.000 -0.04019323
  3315.000 -0.02810000
  3320.000 -0.02947911
  3325.000 -0.03131411
  3330.000 -0.03233276
  3335.000 -0.03201830
  3340.000 -0.01711982
  3345.000 -0.02437749
  3350.000 -0.02274750
  3355.000 -0.04680185
  3360.000 -0.01157217
  3365.000 -0.02400403
  3370.000 -0.02512560
  3375.000 -0.03293019
  3380.000 -0.02848321
  3385.000 -0.01990460
  3390.000 -0.02070698
  3395.000 -0.02126429
  3400.000 -0.00549600
  3405.000 -0.00525985
  3410.000 -0.00440700
  3415.000 0.00698267
  3420.000 0.01031581
  3425.000 0.02088932
  3430.000 0.00420629
  3435.000 0.01120821
  3440.000 0.01571114
  3445.000 0.00255210
  3450.000 0.02551320
  3455.000 0.02912681
  3460.000 0.02919216
  3465.000 0.03901339
  3470.000 0.03731002
  3475.000 0.03442993
  3480.000 0.03259305
  3485.000 0.04225957
  3490.000 0.03458462
  3495.000 0.02937951
  3500.000 0.02710170
  3505.000 0.04745836
  3510.000 0.02750166
  3515.000 0.02664711
  3520.000 0.02402019
  3525.000 0.01631407
  3530.000 0.01579267
  3535.000 0.01829910
  3540.000 0.00441125
  3545.000 0.00946651
  3550.000 0.00107100
  3555.000 0.01509158
  3560.000 -0.02116941
  3565.000 -0.00639909
  3570.000 -0.01874192
  3575.000 -0.01310871
  3580.000 -0.01870543
  3585.000 -0.02864544
  3590.000 -0.02418855
  3595.000 -0.02332916
  3600.000 -0.03025857
  3605.000 -0.02999650
  3610.000 -0.03042962
  3615.000 -0.02590464
  3620.000 -0.05175338
  3625.000 -0.03271349
  3630.000 -0.03507398
  3635.000 -0.03043341
  3640.000 -0.03126572
  3645.000 -0.04096844
  3650.000 -0.02437747
  3655.000 -0.03822565
  3660.000 -0.04141655
  3665.000 -0.03794366
  3670.000 -0.02883439
  3675.000 -0.03441351
  3680.000 -0.01325777
  3685.000 -0.02425754
  3690.000 -0.02070152
  3695.000 -0.00902182
  3700.000 -0.02778844
  3705.000 -0.00439162
  3710.000 0.00370862
  3715.000 0.01882121
  3720.000 0.02180293
  3725.000 0.03867065
  3730.000 0.03020217
  3735.000 0.04358533
  3740.000 0.06547902
  3745.000 0.07713522
  3750.000 0.06843244
  3755.000 0.07661040
  3760.000 0.05504581
  3765.000 0.06166087
  3770.000 0.05761310
  3775.000 0.05140560
  3780.000 0.06606855
  3785.000 0.04812060
  3790.000 0.03372933
  3795.000 0.03260372
  3800.000 0.03424743
  3805.000 0.01568174
  3810.000 0.01956868
  3815.000 0.00964148
  3820.000 0.01120960
  3825.000 -0.00413990
  3830.000 -0.00136107
  3835.000 0.00039736
  3840.000 -0.01539032
  3845.000 -0.00447520
  3850.000 -0.02508621
  3855.000 -0.01019685
  3860.000 -0.03180189
  3865.000 -0.02900698
  3870.000 -0.02854941
  3875.000 -0.03134284
  3880.000 -0.04631061
  3885.000 -0.02961759
  3890.000 -0.03733014
  3895.000 -0.03725375
  3900.000 -0.03867609
  3905.000 -0.03358505
  3910.000 -0.03302448
  3915.000 -0.03726615
  3920.000 -0.02664835
  3925.000 -0.02958947
  3930.000 -0.04262163
  3935.000 -0.02743966
  3940.000 -0.03395128
  3945.000 -0.02169033
  3950.000 -0.03180582
  3955.000 -0.01578458
  3960.000 -0.02573377
  3965.000 -0.02687002
  3970.000 -0.02447531
  3975.000 -0.00756126
  3980.000 -0.00176657
  3985.000 0.00516103
  3990.000 -0.00185988
  3995.000 -0.00953791
  4000.000 0.01454728
  4005.000 0.01235096
  4010.000 0.03532654
  4015.000 0.03511633
  4020.000 0.04299943
  4025.000 0.05457844
  4030.000 0.04432122
  4035.000 0.03923328
  4040.000 0.03714138
  4045.000 0.05374406
  4050.000 0.03367779
  4055.000 0.03570217
  4060.000 0.02377686
  4065.000 0.02952924
  4070.000 0.02150407
  4075.000 0.02245687
  4080.000 0.01890478
  4085.000 0.01750580
  4090.000 0.02149263
  4095.000 0.01252514
  4100.000 -0.00040343
  4105.000 0.01486994
  4110.000 0.01134473
  4115.000 0.00504459
  4120.000 -0.00180259
  4125.000 -0.00627647
  4130.000 -0.00340843
  4135.000 -0.00728628
  4140.000 -0.00556807
  4145.000 -0.01183663
  4150.000 0.00616660
  4155.000 -0.00331312
  4160.000 -0.00367128
  4165.000 -0.00970598
  4170.000 -0.02187481
  4175.000 -0.00409895
  4180.000 -0.01343238
  4185.000 -0.02090042
  4190.000 -0.02725496
  4195.000 -0.02336563
  4200.000 -0.01809705
  4205.000 -0.01666320
  4210.000 -0.02108329
  4215.000 -0.02990998
  4220.000 -0.03310798
  4225.000 -0.01494787
  4230.000 -0.02029020
  4235.000 -0.02359152
  4240.000 -0.01888319
  4245.000 -0.02572074
  4250.000 -0.03189650
  4255.000 -0.01166946
  4260.000 -0.02449352
  4265.000 -0.01002932
  4270.000 -0.00834628
  4275.000 -0.00135989
  4280.000 -0.00824129
  4285.000 -0.00347553
  4290.000 -0.01009463
  4295.000 -0.00327758
  4300.000 -0.00091917
  4305.000 0.00329278
  4310.000 0.01290894
  4315.000 -0.00068934
  4320.000 0.00683105
  4325.000 0.01600406
  4330.000 0.01414860
  4335.000 0.00210553
  4340.000 0.00256120
  4345.000 0.02322683
  4350.000 0.01467813
  4355.000 0.00923247
  4360.000 0.02057486
  4365.000 0.01689893
  4370.000 0.00994151
  4375.000 0.02273662
  4380.000 0.01651463
  4385.000 0.01607152
  4390.000 0.03276732
  4395.000 0.01206421
  4400.000 0.01884212
  4405.000 0.01184086
  4410.000 0.01094546
  4415.000 0.01248759
  4420.000 0.00559098
  4425.000 -0.00279360
  4430.000 -0.01306297
  4435.000 0.00830055
  4440.000 -0.00546145
  4445.000 0.00515631
  4450.000 -0.01217638
  4455.000 -0.00957472
  4460.000 -0.00791832
  4465.000 -0.00188204
  4470.000 -0.02403705
  4475.000 -0.02066684
  4480.000 -0.01380055
  4485.000 -0.00547855
  4490.000 -0.00716333
  4495.000 -0.00207506
  4500.000 -0.00597313
  4505.000 -0.00539561
  4510.000 -0.00676638
  4515.000 -0.01149048
  4520.000 -0.00103260
  4525.000 -0.01758799
  4530.000 -0.01253483
  4535.000 -0.02076086
  4540.000 -0.00863536
  4545.000 -0.00284971
  4550.000 -0.01698859
  4555.000 -0.01153468
  4560.000 -0.01901942
  4565.000 -0.01165951
  4570.000 -0.00939262
  4575.000 0.00099673
  4580.000 -0.02343474
  4585.000 -0.00496844
  4590.000 -0.00341557
  4595.000 0.00306956
  4600.000 -0.00952093
  4605.000 -0.02655166
  4610.000 -0.01468187
  4615.000 0.00301384
  4620.000 -0.01454859
  4625.000 0.00356572
  4630.000 0.01186993
  4635.000 0.00533814
  4640.000 0.00823714
  4645.000 0.00163156
  4650.000 -0.00330355
  4655.000 0.00798164
  4660.000 0.01232271
  4665.000 0.01009255
  4670.000 0.01835770
  4675.000 0.00904224
  4680.000 0.01569660
  4685.000 0.02420942
  4690.000 0.03164612
  4695.000 0.03219129
  4700.000 0.02287975
  4705.000 0.02462489
  4710.000 0.02210155
  4715.000 0.02328359
  4720.000 0.01788865
  4725.000 0.03942912
  4730.000 0.04313762
  4735.000 0.02928646
  4740.000 0.02945745
  4745.000 0.03176621
  4750.000 0.03306202
  4755.000 0.03940559
  4760.000 0.02220611
  4765.000 0.04092541
  4770.000 0.01432401
  4775.000 0.02195236
  4780.000 0.00772731
  4785.000 0.02371293
  4790.000 0.00422173
  4795.000 0.00792265
  4800.000 0.00263740
  4805.000 0.00560720
  4810.000 -0.00485434
  4815.000 0.00101732
  4820.000 -0.02332889
  4825.000 -0.00819683
  4830.000 -0.00855190
  4835.000 -0.01385724
  4840.000 -0.01694513
  4845.000 -0.00600618
  4850.000 -0.02695905
  4855.000 -0.01964100
  4860.000 -0.03909393
  4865.000 -0.01489481
  4870.000 -0.03125241
  4875.000 -0.01362500
  4880.000 -0.02263614
  4885.000 -0.01728071
  4890.000 -0.03717815
  4895.000 -0.02074546
  4900.000 -0.02266275
  4905.000 -0.01924252
  4910.000 -0.03306228
  4915.000 -0.03128104
  4920.000 -0.03251865
  4925.000 -0.01825818
  4930.000 -0.00709551
  4935.000 -0.01024825
  4940.000 -0.00409561
  4945.000 0.00114235
  4950.000 0.00454943
  4955.000 0.00739196
  4960.000 0.00599466
  4965.000 0.01773889
  4970.000 0.03336993
  4975.000 0.04220672
  4980.000 0.05359513
  4985.000 0.05439385
  4990.000 0.05977660
  4995.000 0.07115718
  5000.000 0.06010018
  5005.000 0.06065614
  5010.000 0.05977526
  5015.000 0.05968273
  5020.000 0.05507238
  5025.000 0.04026748
  5030.000 0.04092111
  5035.000 0.03833682
  5040.000 0.02127533
  5045.000 0.03704557
  5050.000 0.02375714
  5055.000 0.01472243
  5060.000 0.01310994
  5065.000 0.00244817
  5070.000 0.00642755
  5075.000 -0.00206668
  5080.000 0.00077642
  5085.000 0.00034923
  5090.000 -0.01681487
  5095.000 -0.01815886
  5100.000 -0.01996122
  5105.000 -0.01283804
  5110.000 -0.02651516
  5115.000 -0.02027767
  5120.000 -0.01997480
  5125.000 -0.02436395
  5130.000 -0.02571774
  5135.000 -0.02513724
  5140.000 -0.02662766
  5145.000 -0.04010297
  5150.000 -0.02399614
  5155.000 -0.03758836
  5160.000 -0.04743284
  5165.000 -0.04498329
  5170.000 -0.02524530
  5175.000 -0.04496594
  5180.000 -0.03964861
  5185.000 -0.04208431
  5190.000 -0.03015329
  5195.000 -0.02144806
  5200.000 -0.03315609
  5205.000 -0.03485296
  5210.000 -0.01502996
  5215.000 -0.02897816
  5220.000 -0.02081706
  5225.000 -0.02055668
  5230.000 -0.01063711
  5235.000 -0.01813477
  5240.000 0.00755942
  5245.000 0.00441635
  5250.000 0.00261029
  5255.000 0.02395896
  5260.000 0.02867354
  5265.000 0.02823781
  5270.000 0.03817120
  5275.000 0.03105730
  5280.000 0.04588049
  5285.000 0.04666785
  5290.000 0.04138958
  5295.000 0.04225526
  5300.000 0.04644780
  5305.000 0.04537860
  5310.000 0.02979783
  5315.000 0.02148325
  5320.000 0.03530902
  5325.000 0.02482535
  5330.000 0.01669617
  5335.000 0.02424840
  5340.000 0.02043744
  5345.000 0.00096158
  5350.000 0.00118569
  5355.000 0.01288524
  5360.000 -0.00494769
  5365.000 -0.00681875
  5370.000 -0.00563623
  5375.000 -0.02028665
  5380.000 -0.01757303
  5385.000 -0.00982119
  5390.000 -0.01326845
  5395.000 -0.01589182
  5400.000 -0.01822039
  5405.000 -0.01446111
  5410.000 -0.01560176
  5415.000 -0.03831439
  5420.000 -0.01836215
  5425.000 -0.02354030
  5430.000 -0.02842385
  5435.000 -0.03490292
  5440.000 -0.03066746
  5445.000 -0.03517307
  5450.000 -0.03489177
  5455.000 -0.04032388
  5460.000 -0.04162269
  5465.000 -0.03406932
  5470.000 -0.02928892
  5475.000 -0.04440175
  5480.000 -0.03997342
  5485.000 -0.03415941
  5490.000 -0.03475524
  5495.000 -0.03074708
  5500.000 -0.02616228
  5505.000 -0.03573064
  5510.000 -0.03326594
  5515.000 -0.01792874
  5520.000 -0.02482691
  5525.000 -0.00815026
  5530.000 0.00221156
  5535.000 0.00332598
  5540.000 0.01809498
  5545.000 0.02957414
  5550.000 0.01209163
  5555.000 0.03897912
  5560.000 0.03740952
  5565.000 0.03941686
  5570.000 0.04636137
  5575.000 0.06411114
  5580.000 0.05611426
  5585.000 0.05221287
  5590.000 0.04745762
  5595.000 0.04237165
  5600.000 0.03753874
  5605.000 0.02627243
  5610.000 0.02792564
  5615.000 0.02083128
  5620.000 0.03186243
  5625.000 0.02323549
  5630.000 0.01372606
  5635.000 0.00487186
  5640.000 0.00427226
  5645.000 -0.00227618
  5650.000 -0.00111431
  5655.000 -0.01474185
  5660.000 -0.00217442
  5665.000 0.00092721
  5670.000 -0.01702485
  5675.000 -0.01681555
  5680.000 -0.01905676
  5685.000 -0.01885191
  5690.000 -0.02005512
  5695.000 -0.03363306
  5700.000 -0.00953751
  5705.000 -0.02499072
  5710.000 -0.03325790
  5715.000 -0.02473374
  5720.000 -0.02223463
  5725.000 -0.00428035
  5730.000 -0.03117949
  5735.000 -0.03763344
  5740.000 -0.02687175
  5745.000 -0.02553344
  5750.000 -0.02437350
  5755.000 -0.04455740
  5760.000 -0.03313278
  5765.000 -0.00848038
  5770.000 -0.02597933
  5775.000 -0.01668568
  5780.000 -0.01236190
  5785.000 0.00633074
  5790.000 -0.01763831
  5795.000 -0.02227686
  5800.000 -0.00044078
  5805.000 0.00479685
  5810.000 -0.00118301
  5815.000 0.01296526
  5820.000 0.01529554
  5825.000 0.00752574
  5830.000 0.00939361
  5835.000 0.00744556
  5840.000 0.01744458
  5845.000 0.00936048
  5850.000 0.00338556
  5855.000 0.01144218
  5860.000 -0.00043482
  5865.000 0.00301560
  5870.000 -0.00191829
  5875.000 0.00372467
  5880.000 0.00883936
  5885.000 -0.00937253
  5890.000 -0.00342215
  5895.000 0.00568875
  5900.000 0.00771293
  5905.000 -0.01061773
  5910.000 -0.00244693
  5915.000 -0.00022256
  5920.000 -0.00447456
  5925.000 -0.00240179
  5930.000 0.00480608
  5935.000 -0.00123861
  5940.000 -0.00185337
  5945.000 0.00455259
  5950.000 0.00467180
  5955.000 -0.00180378
  5960.000 -0.00348452
  5965.000 -0.00484067
  5970.000 0.00624283
  5975.000 0.00189442
  5980.000 0.00448163
  5985.000 -0.00058035
  5990.000 -0.00345142
  5995.000 -0.01281661
  6000.000 -0.00078160
  6005.000 -0.00621961
  6010.000 -0.00429179
  6015.000 -0.01071794
  6020.000 -0.00684524
  6025.000 -0.00412660
  6030.000 -0.00178050
  6035.000 -0.00104029
  6040.000 -0.01433830
  6045.000 -0.00189614
  6050.000 -0.01047973
  6055.000 0.00133229
  6060.000 -0.01338569
  6065.000 -0.01377444
  6070.000 -0.01338597
  6075.000 -0.01338634
  6080.000 -0.02375928
  6085.000 -0.02424514
  6090.000 -0.01294347
  6095.000 -0.01390804
  6100.000 -0.01879863
  6105.000 -0.00801224
  6110.000 -0.02074719
  6115.000 -0.01076045
  6120.000 -0.01678412
  6125.000 -0.02495245
  6130.000 -0.01214014
  6135.000 -0.02708012
  6140.000 -0.03001253
  6145.000 -0.01758850
  6150.000 -0.02221023
  6155.000 -0.00802385
  6160.000 -0.00000031
  6165.000 -0.01924579
  6170.000 -0.01179598
  6175.000 -0.00691703
  6180.000 -0.00776911
  6185.000 -0.01386318
  6190.000 0.00625510
  6195.000 -0.00351003
  6200.000 0.01653364
  6205.000 0.00789179
  6210.000 0.01572869
  6215.000 0.02065307
  6220.000 0.02460582
  6225.000 0.01461379
  6230.000 0.03345310
  6235.000 0.02108885
  6240.000 0.01613293
  6245.000 0.01488109
  6250.000 0.01753053
  6255.000 0.01230046
  6260.000 0.00643523
  6265.000 0.00962571
  6270.000 0.01417950
  6275.000 0.00868185
  6280.000 0.00948101
  6285.000 0.01092188
  6290.000 0.00823665
  6295.000 0.00682875
  6300.000 0.01347668
  6305.000 0.00041605
  6310.000 0.00454743
  6315.000 -0.00284350
  6320.000 -0.00593428
  6325.000 -0.00063969
  6330.000 0.00677839
  6335.000 -0.00685641
  6340.000 -0.00315223
  6345.000 -0.01167439
  6350.000 -0.00915036
  6355.000 -0.01983489
  6360.000 -0.00850440
  6365.000 -0.02254382
  6370.000 -0.02354491
  6375.000 -0.02805265
  6380.000 -0.02255696
  6385.000 -0.02588139
  6390.000 -0.02174700
  6395.000 -0.01913706
  6400.000 -0.02960039
  6405.000 -0.02861642
  6410.000 -0.03390256
  6415.000 -0.02501080
  6420.000 -0.03517724
  6425.000 -0.01428170
  6430.000 -0.02682855
  6435.000 -0.03411356
  6440.000 -0.01779410
  6445.000 -0.02234561
  6450.000 -0.01996522
  6455.000 -0.01429492
  6460.000 -0.02787582
  6465.000 -0.02750499
  6470.000 -0.03004125
  6475.000 -0.01359596
  6480.000 -0.01410424
  6485.000 -0.01064385
  6490.000 0.00095144
  6495.000 -0.00731564
  6500.000 0.00150758
  6505.000 -0.00136599
  6510.000 0.00829794
  6515.000 0.02600302
  6520.000 0.01876261
  6525.000 0.03004528
  6530.000 0.03325319
  6535.000 0.02956775
  6540.000 0.04394078
  6545.000 0.04495215
  6550.000 0.03946012
  6555.000 0.05694246
  6560.000 0.05472432
  6565.000 0.04796622
  6570.000 0.05870969
  6575.000 0.03827686
  6580.000 0.04988312
  6585.000 0.03765605
  6590.000 0.03185662
  6595.000 0.02135460
  6600.000 0.02433286
  6605.000 0.00242947
  6610.000 0.00465046
  6615.000 0.00377226
  6620.000 -0.00387504
  6625.000 -0.00718750
  6630.000 -0.00311428
  6635.000 -0.01425005
  6640.000 -0.01785120
  6645.000 -0.01237264
  6650.000 -0.01883153
  6655.000 -0.01501926
  6660.000 -0.02715715
  6665.000 -0.02607510
  6670.000 -0.02990317
  6675.000 -0.04550067
  6680.000 -0.04014332
  6685.000 -0.03314727
  6690.000 -0.03622172
  6695.000 -0.03248724
  6700.000 -0.03184446
  6705.000 -0.04133353
  6710.000 -0.04229169
  6715.000 -0.04682593
  6720.000 -0.04157752
  6725.000 -0.04171977
  6730.000 -0.04102526
  6735.000 -0.03016945
  6740.000 -0.04332236
  6745.000 -0.03631753
  6750.000 -0.03326089
  6755.000 -0.03486985
  6760.000 -0.03872490
  6765.000 -0.02452550
  6770.000 -0.00937355
  6775.000 -0.00166544
  6780.000 0.00013537
  6785.000 0.00386561
  6790.000 0.02505213
  6795.000 0.03197397
  6800.000 0.04533382
  6805.000 0.03725213
  6810.000 0.04888713
  6815.000 0.06299207
  6820.000 0.07626781
  6825.000 0.06261716
  6830.000 0.05863962
  6835.000 0.05855209
  6840.000 0.05302100
  6845.000 0.05159648
  6850.000 0.04629547
  6855.000 0.03430651
  6860.000 0.03468431
  6865.000 0.03738015
  6870.000 0.03383523
  6875.000 0.02458617
  6880.000 0.00697580
  6885.000 -0.00100329
  6890.000 0.00342484
  6895.000 0.00030024
  6900.000 -0.02005936
  6905.000 -0.00795058
  6910.000 -0.01727802
  6915.000 -0.01882853
  6920.000 0.00067716
  6925.000 -0.02636432
  6930.000 -0.01938764
  6935.000 -0.02766689
  6940.000 -0.01537779
  6945.000 -0.01643958
  6950.000 -0.02428617
  6955.000 -0.02475940
  6960.000 -0.03291361
  6965.000 -0.03266646
  6970.000 -0.02427855
  6975.000 -0.04021856
  6980.000 -0.03256036
  6985.000 -0.02550538
  6990.000 -0.04669533
  6995.000 -0.03254308
  7000.000 -0.03639523
  7005.000 -0.04013873
  7010.000 -0.03062233
  7015.000 -0.03220436
  7020.000 -0.02767259
  7025.000 -0.03021113
  7030.000 -0.02179529
  7035.000 -0.03279967
  7040.000 -0.02342882
  7045.000 -0.01527934
  7050.000 -0.01970635
  7055.000 -0.02118242
  7060.000 0.00691338
  7065.000 0.00095547
  7070.000 0.01369916
  7075.000 0.00805749
  7080.000 0.01621320
  7085.000 0.01255883
  7090.000 0.03197453
  7095.000 0.02367019
  7100.000 0.03212271
  7105.000 0.02663966
  7110.000 0.03135765
  7115.000 0.04043010
  7120.000 0.02588780
  7125.000 0.02691900
  7130.000 0.03060295
  7135.000 0.01866817
  7140.000 0.03315485
  7145.000 0.03848280
  7150.000 0.02192428
  7155.000 0.02637675
  7160.000 0.02167426
  7165.000 0.01606527
  7170.000 -0.00007481
  7175.000 0.01231050
  7180.000 0.01270200
  7185.000 0.00078349
  7190.000 -0.00521482
  7195.000 -0.00882784
  7200.000 -0.00426671
  7205.000 -0.00352851
  7210.000 0.00376942
  7215.000 -0.00871470
  7220.000 -0.01518750
  7225.000 -0.00682987
  7230.000 -0.01526224
  7235.000 -0.02256190
  7240.000 -0.02391336
  7245.000 -0.01578195
  7250.000 -0.01058694
  7255.000 -0.01932911
  7260.000 -0.02579939
  7265.000 -0.02408077
  7270.000 -0.03113771
  7275.000 -0.03177558
  7280.000 -0.03749225
  7285.000 -0.02762865
  7290.000 -0.02381384
  7295.000 -0.02583476
  7300.000 -0.02903952
  7305.000 -0.03385376
  7310.000 -0.02425174
  7315.000 -0.02136249
  7320.000 -0.02547391
  7325.000 -0.03185464
  7330.000 -0.01893964
  7335.000 -0.01237385
  7340.000 -0.01432757
  7345.000 -0.00817748
  7350.000 -0.00654109
  7355.000 -0.01182827
  7360.000 0.00781459
  7365.000 0.00313757
  7370.000 0.00475293
  7375.000 0.00537825
  7380.000 0.00556722
  7385.000 0.01757012
  7390.000 0.01931841
  7395.000 0.02309293
  7400.000 0.02521507
  7405.000 0.02103342
  7410.000 0.02401770
  7415.000 0.01531723
  7420.000 0.01122936
  7425.000 0.01890195
  7430.000 0.00984248
  7435.000 0.02657381
  7440.000 0.01490109
  7445.000 -0.00085580
  7450.000 0.01839366
  7455.000 0.01740707
  7460.000 0.00775942
  7465.000 0.01436625
  7470.000 0.01115034
  7475.000 0.00806423
  7480.000 -0.00220199
  7485.000 0.02226857
  7490.000 0.00531214
  7495.000 0.00669468
  7500.000 0.00345087
  7505.000 -0.00241979
  7510.000 0.01039226
  7515.000 -0.01387495
  7520.000 -0.00665755
  7525.000 -0.00693794
  7530.000 0.00306243
  7535.000 -0.00512840
  7540.000 -0.01789425
  7545.000 -0.01395192
  7550.000 -0.01640692
  7555.000 -0.02482239
  7560.000 -0.02315210
  7565.000 -0.00580624
  7570.000 -0.01981091
  7575.000 -0.00528969
  7580.000 -0.00806547
  7585.000 -0.01185547
  7590.000 -0.00268551
  7595.000 -0.00095967
  7600.000 -0.00705953
  7605.000 0.00747246
  7610.000 -0.01646126
  7615.000 0.00411457
  7620.000 0.01293670
  7625.000 -0.00521059
  7630.000 -0.00343528
  7635.000 0.01438162
  7640.000 0.00859767
  7645.000 -0.00609124
  7650.000 -0.01120255
  7655.000 -0.00628821
  7660.000 0.00682069
  7665.000 -0.00023704
  7670.000 -0.01490161
  7675.000 -0.01317054
  7680.000 -0.01287698
  7685.000 -0.01557511
  7690.000 -0.01255260
  7695.000 -0.01264672
  7700.000 -0.01787353
  7705.000 -0.00988854
  7710.000 -0.01488206
  7715.000 -0.02396414
  7720.000 -0.00147085
  7725.000 -0.01011516
  7730.000 0.00788972
  7735.000 -0.00147213
  7740.000 0.01393169
  7745.000 0.00381077
  7750.000 0.01033086
  7755.000 0.00815565
  7760.000 0.02006183
  7765.000 0.01904477
  7770.000 0.01865003
  7775.000 0.01368706
  7780.000 0.02207387
  7785.000 0.02467280
  7790.000 0.02011385
  7795.000 0.01555898
  7800.000 0.02352974
  7805.000 0.02355907
  7810.000 0.02098377
  7815.000 0.01710171
  7820.000 0.01614324
  7825.000 0.02604226
  7830.000 0.01425716
  7835.000 0.01339773
  7840.000 0.00205749
  7845.000 0.02042180
  7850.000 0.00820232
  7855.000 0.00736019
  7860.000 -0.00442689
  7865.000 0.01189696
  7870.000 0.00219868
  7875.000 -0.01358122
  7880.000 -0.00039456
  7885.000 -0.00711533
  7890.000 -0.00683309
  7895.000 -0.01322108
  7900.000 -0.02716561
  7905.000 -0.01704545
  7910.000 -0.03275866
  7915.000 -0.03611428
  7920.000 -0.03624165
  7925.000 -0.02712802
  7930.000 -0.02755004
  7935.000 -0.03198584
  7940.000 -0.03248680
  7945.000 -0.04335802
  7950.000 -0.02117788
  7955.000 -0.02987438
  7960.000 -0.04130734
  7965.000 -0.02824505
  7970.000 -0.03814578
  7975.000 -0.03624330
  7980.000 -0.02790895
  7985.000 -0.04005504
  7990.000 -0.02526029
  7995.000 -0.04152700
  8000.000 -0.02083797
  8005.000 -0.00552736
  8010.000 -0.02470803
  8015.000 -0.01282718
  8020.000 -0.01634749
  8025.000 0.00555107
  8030.000 -0.00207740
  8035.000 0.00405141
  8040.000 0.00347828
  8045.000 0.02252264
  8050.000 0.00762489
  8055.000 0.01548487
  8060.000 0.03388961
  8065.000 0.03013224
  8070.000 0.04152023
  8075.000 0.03621308
  8080.000 0.04191486
  8085.000 0.04397987
  8090.000 0.04638994
  8095.000 0.04873666
  8100.000 0.03643934
  8105.000 0.02494263
  8110.000 0.03075047
  8115.000 0.03769334
  8120.000 0.02360338
  8125.000 0.02170760
  8130.000 0.02045817
  8135.000 0.02368054
  8140.000 0.00995369
  8145.000 0.00402148
  8150.000 -0.00587580
  8155.000 0.00320226
  8160.000 -0.01467391
  8165.000 -0.02142488
  8170.000 -0.01348585
  8175.000 -0.01907230
  8180.000 -0.02209132
  8185.000 -0.02149282
  8190.000 -0.02534838
  8195.000 -0.02863854
  8200.000 -0.02679276
  8205.000 -0.02628349
  8210.000 -0.02847971
  8215.000 -0.01711881
  8220.000 -0.02911381
  8225.000 -0.03345994
  8230.000 -0.03673515
  8235.000 -0.04297060
  8240.000 -0.04059338
  8245.000 -0.02381174
  8250.000 -0.03634571
  8255.000 -0.02819094
  8260.000 -0.03704914
  8265.000 -0.03847162
  8270.000 -0.02828434
  8275.000 -0.02458526
  8280.000 -0.02232903
  8285.000 -0.02913695
  8290.000 -0.01298240
  8295.000 -0.02301139
  8300.000 -0.02785376
  8305.000 -0.01717305
  8310.000 -0.01571636
  8315.000 -0.01563072
  8320.000 -0.00340550
  8325.000 0.00353732
  8330.000 0.01470119
  8335.000 0.02588927
  8340.000 0.02455731
  8345.000 0.04070251
  8350.000 0.04236019
  8355.000 0.06036807
  8360.000 0.06900637
  8365.000 0.07501046
  8370.000 0.07248084
  8375.000 0.06051999
  8380.000 0.06484475
  8385.000 0.05118353
  8390.000 0.05060268
  8395.000 0.04191602
  8400.000 0.04432975
  8405.000 0.05299593
  8410.000 0.02198683
  8415.000 0.03111689
  8420.000 0.02621744
  8425.000 0.01238302
  8430.000 0.01194962
  8435.000 0.02159752
  8440.000 0.01277555
  8445.000 -0.00763835
  8450.000 -0.00560447
  8455.000 0.00394928
  8460.000 -0.00880132
  8465.000 -0.00183797
  8470.000 -0.00900678
  8475.000 -0.00953850
  8480.000 -0.01152935
  8485.000 -0.01535985
  8490.000 -0.02331809
  8495.000 -0.01838346
  8500.000 -0.02480563
  8505.000 -0.03439290
  8510.000 -0.02441847
  8515.000 -0.03390650
  8520.000 -0.01807670
  8525.000 -0.03121021
  8530.000 -0.04162512
  8535.000 -0.04339659
  8540.000 -0.04014827
  8545.000 -0.01890833
  8550.000 -0.02759552
  8555.000 -0.03127076
  8560.000 -0.03190926
  8565.000 -0.02005669
  8570.000 -0.03782091
  8575.000 -0.01745869
  8580.000 -0.02219958
  8585.000 -0.01881163
  8590.000 -0.00067678
  8595.000 -0.00068957
  8600.000 0.01588363
  8605.000 0.01472023
  8610.000 0.02491474
  8615.000 0.02709720
  8620.000 0.02672650
  8625.000 0.04149537
  8630.000 0.04818031
  8635.000 0.05349818
  8640.000 0.06480216
  8645.000 0.06626443
  8650.000 0.06474582
  8655.000 0.06318672
  8660.000 0.05766607
  8665.000 0.05528152
  8670.000 0.06059898
  8675.000 0.06647494
  8680.000 0.05333795
  8685.000 0.04673377
  8690.000 0.04251196
  8695.000 0.02355715
  8700.000 0.02742583
  8705.000 0.02554576
  8710.000 0.02250548
  8715.000 0.01056368
  8720.000 0.00398870
  8725.000 0.00471485
  8730.000 0.00364019
  8735.000 0.00211958
  8740.000 -0.00920050
  8745.000 -0.00643746
  8750.000 -0.00536858
  8755.000 0.00382808
  8760.000 0.00335258
  8765.000 -0.01280983
  8770.000 -0.00915516
  8775.000 -0.01382885
  8780.000 -0.01219780
  8785.000 -0.03045628
  8790.000 -0.01218706
  8795.000 -0.00907715
  8800.000 -0.00242773
  8805.000 -0.01731734
  8810.000 -0.02074743
  8815.000 -0.01077020
  8820.000 -0.01494856
  8825.000 -0.00908743
  8830.000 -0.00508270
  8835.000 -0.01315582
  8840.000 -0.01131973
  8845.000 -0.02051516
  8850.000 -0.01278150
  8855.000 -0.00756451
  8860.000 -0.01519395
  8865.000 0.00033897
  8870.000 0.00989973
  8875.000 -0.00046958
  8880.000 -0.00112724
  8885.000 0.01442848
  8890.000 0.01335827
  8895.000 0.00318495
  8900.000 0.02781663
  8905.000 0.03609147
  8910.000 0.03114110
  8915.000 0.03409511
  8920.000 0.01950865
  8925.000 0.01759349
  8930.000 0.02494998
  8935.000 0.03098163
  8940.000 0.03301713
  8945.000 0.02976279
  8950.000 0.02716569
  8955.000 0.01277298
  8960.000 0.03413384
  8965.000 0.03562336
  8970.000 0.02535165
  8975.000 0.02251239
  8980.000 0.01851996
  8985.000 0.03680133
  8990.000 0.01620364
  8995.000 0.01015604
  9000.000 0.02330127
  9005.000 0.01285271
  9010.000 0.03159477
  9015.000 0.01806353
  9020.000 0.02399461
  9025.000 0.01347972
  9030.000 0.03283294
  9035.000 0.02200852
  9040.000 0.02150026
  9045.000 0.00350229
  9050.000 0.00656109
  9055.000 0.01100150
  9060.000 -0.00317081
  9065.000 0.00990729
  9070.000 0.00340624
  9075.000 -0.00210426
  9080.000 -0.00403794
  9085.000 -0.00239215
  9090.000 -0.00781672
  9095.000 -0.00055557
  9100.000 -0.00906486
  9105.000 -0.01799278
  9110.000 -0.00820893
  9115.000 -0.00794986
  9120.000 -0.01409693
  9125.000 -0.00483372
  9130.000 -0.00612895
  9135.000 -0.01158632
  9140.000 -0.00401457
  9145.000 0.00155108
  9150.000 0.00257557
  9155.000 0.00056534
  9160.000 0.00123557
  9165.000 -0.00077341
  9170.000 -0.01894776
  9175.000 0.01036817
  9180.000 -0.01376349
  9185.000 -0.00129771
  9190.000 0.00945085
  9195.000 -0.00641778
  9200.000 0.00431391
  9205.000 -0.00214505
  9210.000 0.00419666
  9215.000 -0.00933132
  9220.000 -0.00139120
  9225.000 -0.01276334
  9230.000 0.00907660
  9235.000 0.00470405
  9240.000 0.00642643
  9245.000 0.00737298
  9250.000 0.01302521
  9255.000 0.02418579
  9260.000 0.02378064
  9265.000 0.03087021
  9270.000 0.01788478
  9275.000 0.03555081
  9280.000 0.02633111
  9285.000 0.01833782
  9290.000 0.03421692
  9295.000 0.02100684
  9300.000 0.01727618
  9305.000 0.02579011
  9310.000 0.03139280
  9315.000 0.02722612
  9320.000 0.02147928
  9325.000 0.02550402
  9330.000 0.01469127
  9335.000 0.02921833
  9340.000 0.01270653
  9345.000 0.02333420
  9350.000 0.03246936
  9355.000 0.00930939
  9360.000 0.01933297
  9365.000 0.01515350
  9370.000 0.02808738
  9375.000 0.00890044
  9380.000 0.00747084
  9385.000 0.00512336
  9390.000 0.02104083
  9395.000 0.01598808
  9400.000 0.00398138
  9405.000 0.01252960
  9410.000 -0.00053367
  9415.000 0.00393214
  9420.000 0.00660283
  9425.000 -0.00379054
  9430.000 0.00564949
  9435.000 -0.00711725
  9440.000 0.00241504
  9445.000 -0.00571465
  9450.000 -0.00521652
  9455.000 -0.00429702
  9460.000 -0.01072068
  9465.000 0.00145994
  9470.000 -0.01067137
  9475.000 -0.00753337
  9480.000 -0.01013166
  9485.000 -0.01853118
  9490.000 -0.01923147
  9495.000 -0.01515160
  9500.000 -0.00779147
  9505.000 -0.01623017
  9510.000 -0.02763871
  9515.000 -0.02515536
  9520.000 -0.02592850
  9525.000 -0.01017088
  9530.000 -0.02047948
  9535.000 -0.01396249
  9540.000 -0.01334948
  9545.000 -0.00980967
  9550.000 -0.01107199
  9555.000 -0.00515074
  9560.000 0.00546058
  9565.000 0.00262676
  9570.000 0.01079081
  9575.000 0.01570919
  9580.000 0.01678406
  9585.000 0.01023691
  9590.000 0.03448850
  9595.000 0.02849542
  9600.000 0.03998378
  9605.000 0.04761441
  9610.000 0.06720514
  9615.000 0.07075890
  9620.000 0.06756823
  9625.000 0.06450489
  9630.000 0.06838738
  9635.000 0.07071463
  9640.000 0.04790399
  9645.000 0.04860941
  9650.000 0.04958424
  9655.000 0.04526774
  9660.000 0.04740144
  9665.000 0.04636599
  9670.000 0.03269459
  9675.000 0.02591041
  9680.000 0.02104830
  9685.000 0.01661793
  9690.000 -0.00094243
  9695.000 0.00216329
  9700.000 -0.00012164
  9705.000 0.01235194
  9710.000 -0.00046750
  9715.000 -0.00272490
  9720.000 -0.01492675
  9725.000 -0.01803063
  9730.000 -0.01329525
  9735.000 -0.01290639
  9740.000 -0.01891683
  9745.000 -0.01708608
  9750.000 -0.02855946
  9755.000 -0.01765886
  9760.000 -0.02333561
  9765.000 -0.03369313
  9770.000 -0.02824266
  9775.000 -0.03053921
  9780.000 -0.01400547
  9785.000 -0.03431127
  9790.000 -0.02303525
  9795.000 -0.02905123
  9800.000 -0.03217299
  9805.000 -0.03136726
  9810.000 -0.02917216
  9815.000 -0.02127915
  9820.000 -0.01198992
  9825.000 -0.00635644
  9830.000 -0.01143683
  9835.000 -0.01011583
  9840.000 0.00772135
  9845.000 -0.00291364
  9850.000 0.00844107
  9855.000 0.01382882
  9860.000 0.02432651
  9865.000 0.03171790
  9870.000 0.03311858
  9875.000 0.04980481
  9880.000 0.04985522
  9885.000 0.05736339
  9890.000 0.07897681
  9895.000 0.07136927
  9900.000 0.06941714
  9905.000 0.06304785
  9910.000 0.06960294
  9915.000 0.06599049
  9920.000 0.07430753
  9925.000 0.06220281
  9930.000 0.05192228
  9935.000 0.03828799
  9940.000 0.04224743
  9945.000 0.02816187
  9950.000 0.02291042
  9955.000 0.02536446
  9960.000 0.02298827
  9965.000 0.01499330
  9970.000 0.00118630
  9975.000 0.00133444
  9980.000 -0.00327410
  9985.000 -0.00298427
  9990.000 0.00683626
  9995.000 -0.00543788
 10000.000 -0.01446559
 10005.000 -0.02072103
 10010.000 -0.00517082
 10015.000 -0.00570936
 10020.000 -0.01131757
 10025.000 -0.00832585
 10030.000 -0.02369385
 10035.000 -0.02271478
 10040.000 -0.01263631
 10045.000 -0.00896290
 10050.000 -0.02584519
 10055.000 -0.02157281
 10060.000 -0.01456934
 10065.000 -0.02461881
 10070.000 -0.02763591
 10075.000 -0.01804745
 10080.000 -0.02507493
 10085.000 -0.02938992
 10090.000 -0.03050076
 10095.000 -0.01709426
 10100.000 -0.02211331
 10105.000 -0.02966268
 10110.000 -0.01720501
 10115.000 -0.01764792
 10120.000 -0.00613172
 10125.000 -0.01065540
 10130.000 -0.01129942
 10135.000 -0.01225547
 10140.000 -0.00216652
 10145.000 0.00490157
 10150.000 0.02113702
 10155.000 0.02887030
 10160.000 0.03329576
 10165.000 0.03580046
 10170.000 0.03586792
 10175.000 0.03938968
 10180.000 0.05004249
 10185.000 0.06088162
 10190.000 0.03451292
 10195.000 0.05916986
 10200.000 0.06103180
 10205.000 0.05948810
 10210.000 0.05298314
 10215.000 0.05456259
 10220.000 0.04418796
 10225.000 0.04008978
 10230.000 0.03478647
 10235.000 0.03202993
 10240.000 0.02535136
 10245.000 0.03804202
 10250.000 0.02820354
 10255.000 0.01768410
 10260.000 0.01394993
 10265.000 0.01669776
 10270.000 0.00188462
 10275.000 0.00073391
 10280.000 0.00413328
 10285.000 0.00017569
 10290.000 -0.01057288
 10295.000 -0.02332463
 10300.000 -0.01049899
 10305.000 -0.00869580
 10310.000 -0.01486397
 10315.000 -0.01211898
 10320.000 -0.02393357
 10325.000 -0.02031061
 10330.000 -0.01951544
 10335.000 -0.03036003
 10340.000 -0.02906645
 10345.000 -0.02183406
 10350.000 -0.02092138
 10355.000 -0.02448295
 10360.000 -0.02106892
 10365.000 -0.03609446
 10370.000 -0.02462532
 10375.000 -0.01328122
 10380.000 -0.02499260
 10385.000 -0.02962270
 10390.000 -0.02055666
 10395.000 -0.03009533
 10400.000 -0.01898820
 10405.000 -0.00463341
 10410.000 0.00450787
 10415.000 -0.00703325
 10420.000 -0.00728868
 10425.000 -0.01153063
 10430.000 0.00426366
 10435.000 0.01159161
 10440.000 0.00872494
 10445.000 0.00993964
 10450.000 0.00909386
 10455.000 0.02190851
 10460.000 0.01859149
 10465.000 0.02155755
 10470.000 0.03172670
 10475.000 0.03197915
 10480.000 0.02340274
 10485.000 0.03558717
 10490.000 0.03570078
 10495.000 0.03369199
 10500.000 0.02847525
 10505.000 0.02144960
 10510.000 0.03177259
 10515.000 0.01973110
 10520.000 0.02467885
 10525.000 0.01149793
 10530.000 0.01119077
 10535.000 -0.00085772
 10540.000 0.00844564
 10545.000 -0.00120598
 10550.000 0.00537013
 10555.000 -0.00184447
 10560.000 0.00100927
 10565.000 -0.00841297
 10570.000 -0.00412641
 10575.000 -0.00769444
 10580.000 -0.01434252
 10585.000 -0.01177973
 10590.000 -0.01345958
 10595.000 -0.01137490
 10600.000 -0.00717944
 10605.000 -0.02114820
 10610.000 0.00142992
 10615.000 0.00134961
 10620.000 -0.00157972
 10625.000 -0.00771853
 10630.000 -0.00786146
 10635.000 -0.00226086
 10640.000 -0.01359133
 10645.000 -0.00955000
 10650.000 -0.00060899
 10655.000 -0.00501578
 10660.000 0.00176213
 10665.000 -0.01068856
 10670.000 -0.01750536
 10675.000 -0.01828571
 10680.000 -0.02354606
 10685.000 -0.01649174
 10690.000 -0.01346025
 10695.000 -0.01554195
 10700.000 -0.01068245
 10705.000 -0.00289563
 10710.000 -0.00618593
 10715.000 -0.00616026
 10720.000 -0.00785154
 10725.000 -0.01257695
 10730.000 -0.02655514
 10735.000 -0.02160642
 10740.000 -0.00424856
 10745.000 0.00075200
 10750.000 -0.01030019
 10755.000 -0.01976982
 10760.000 -0.00597651
 10765.000 -0.00875767
 10770.000 -0.00908875
 10775.000 -0.01306651
 10780.000 -0.01608424
 10785.000 -0.00117240
 10790.000 -0.00384520
 10795.000 -0.01189467
 10800.000 -0.01124253
 10805.000 0.00338509
 10810.000 0.00370287
 10815.000 0.00600656
 10820.000 -0.00696384
 10825.000 0.00453968
 10830.000 -0.00220786
 10835.000 0.01734810
 10840.000 0.00662451
 10845.000 0.02491942
 10850.000 0.01919935
 10855.000 0.02473731
 10860.000 0.02390870
 10865.000 0.03404673
 10870.000 0.02516769
 10875.000 0.03089685
 10880.000 0.01671555
 10885.000 0.02682409
 10890.000 0.02242290
 10895.000 0.00728514
 10900.000 0.00744138
 10905.000 0.02568238
 10910.000 0.01667820
 10915.000 0.00466735
 10920.000 0.01165424
 10925.000 0.00367101
 10930.000 -0.00978486
 10935.000 -0.00674848
 10940.000 -0.01404303
 10945.000 -0.01491190
 10950.000 -0.00337883
 10955.000 -0.02066614
 10960.000 -0.02006086
 10965.000 -0.02214848
 10970.000 -0.01950559
 10975.000 -0.01800787
 10980.000 -0.02324590
 10985.000 -0.01921642
 10990.000 -0.02500458
 10995.000 -0.02479355
 11000.000 -0.03270636
 11005.000 -0.03273555
 11010.000 -0.02692579
 11015.000 -0.02280325
 11020.000 -0.02877091
 11025.000 -0.03965594
 11030.000 -0.02899525
 11035.000 -0.03034889
 11040.000 -0.02521763
 11045.000 -0.03546361
 11050.000 -0.03178702
 11055.000 -0.03226052
 11060.000 -0.02111071
 11065.000 -0.01967011
 11070.000 -0.01754285
 11075.000 -0.02378363
 11080.000 -0.02122155
 11085.000 -0.01177633
 11090.000 -0.00750966
 11095.000 -0.01229216
 11100.000 -0.01316067
 11105.000 0.00523231
 11110.000 0.00162745
 11115.000 0.00268240
 11120.000 0.01710718
 11125.000 0.02075288
 11130.000 0.01671126
 11135.000 0.01408819
 11140.000 0.01967563
 11145.000 0.01175451
 11150.000 0.01570645
 11155.000 0.01487019
 11160.000 0.01930329
 11165.000 0.01853919
 11170.000 0.01928275
 11175.000 0.02480164
 11180.000 0.02178020
 11185.000 0.01334435
 11190.000 0.01138567
 11195.000 0.02059962
 11200.000 0.01217093
 11205.000 0.02525165
 11210.000 0.01108751
 11215.000 0.01209422
 11220.000 -0.00269938
 11225.000 0.00578914
 11230.000 -0.01531357
 11235.000 -0.01768513
 11240.000 -0.02119774
 11245.000 -0.02365103
 11250.000 -0.02481884
 11255.000 -0.00875907
 11260.000 -0.03773394
 11265.000 -0.02914750
 11270.000 -0.03259690
 11275.000 -0.03842545
 11280.000 -0.04604196
 11285.000 -0.03735886
 11290.000 -0.03515787
 11295.000 -0.04046913
 11300.000 -0.04052328
 11305.000 -0.04041750
 11310.000 -0.04126571
 11315.000 -0.04784953
 11320.000 -0.05522240
 11325.000 -0.06159875
 11330.000 -0.04605722
 11335.000 -0.04142345
 11340.000 -0.03755440
 11345.000 -0.03710508
 11350.000 -0.04886544
 11355.000 -0.03490958
 11360.000 -0.03861760
 11365.000 -0.03616630
 11370.000 -0.04954608
 11375.000 -0.02333789
 11380.000 -0.02555781
 11385.000 -0.02431892
 11390.000 -0.02185593
 11395.000 -0.01829548
 11400.000 -0.01698548
 11405.000 -0.00868742
 11410.000 -0.00215139
 11415.000 0.00742353
 11420.000 0.02492931
 11425.000 0.02665652
 11430.000 0.04508400
 11435.000 0.04298707
 11440.000 0.03742543
 11445.000 0.03730126
 11450.000 0.03742542
 11455.000 0.02792385
 11460.000 0.04557996
 11465.000 0.04388230
 11470.000 0.04277318
 11475.000 0.03576891
 11480.000 0.02359711
 11485.000 0.01945241
 11490.000 0.00969895
 11495.000 0.00512467
 11500.000 0.01217461
 11505.000 -0.01131917
 11510.000 -0.01281279
 11515.000 -0.01777454
 11520.000 -0.01401032
 11525.000 -0.01423439
 11530.000 -0.02754693
 11535.000 -0.03495202
 11540.000 -0.04857067
 11545.000 -0.03481402
 11550.000 -0.03345255
 11555.000 -0.04270089
 11560.000 -0.04646357
 11565.000 -0.04407686
 11570.000 -0.05297047
 11575.000 -0.03874204
 11580.000 -0.04690626
 11585.000 -0.04493717
 11590.000 -0.04759650
 11595.000 -0.04845878
 11600.000 -0.04443506
 11605.000 -0.03949897
 11610.000 -0.04268697
 11615.000 -0.04740968
 11620.000 -0.05323569
 11625.000 -0.04510055
 11630.000 -0.04357692
 11635.000 -0.05045218
 11640.000 -0.03851623
 11645.000 -0.04082199
 11650.000 -0.03932637
 11655.000 -0.03724290
 11660.000 -0.04492118
 11665.000 -0.03135337
 11670.000 -0.02871627
 11675.000 -0.01811192
 11680.000 -0.00501133
 11685.000 0.00080355
 11690.000 -0.00166960
 11695.000 0.02696623
 11700.000 0.03086405
 11705.000 0.03402799
 11710.000 0.04673422
 11715.000 0.05269417
 11720.000 0.04783731
 11725.000 0.06538572
 11730.000 0.04004728
 11735.000 0.01942418
 11740.000 0.04024345
 11745.000 0.02953873
 11750.000 0.02929224
 11755.000 0.01165068
 11760.000 0.01891834
 11765.000 0.00906901
 11770.000 0.00448045
 11775.000 0.00173206
 11780.000 0.00816873
 11785.000 -0.00657304
 11790.000 0.00395868
 11795.000 -0.00468907
 11800.000 -0.01305863
 11805.000 -0.01862974
 11810.000 -0.00095770
 11815.000 -0.02308481
 11820.000 -0.01401456
 11825.000 -0.01348854
 11830.000 -0.02024399
 11835.000 -0.01823854
 11840.000 -0.02643373
 11845.000 -0.03776458
 11850.000 -0.02596944
 11855.000 -0.04050746
 11860.000 -0.02900218
 11865.000 -0.03493103
 11870.000 -0.03178383
 11875.000 -0.03434949
 11880.000 -0.04133215
 11885.000 -0.03550509
 11890.000 -0.03986653
 11895.000 -0.02926306
 11900.000 -0.02880953
 11905.000 -0.03998082
 11910.000 -0.02834613
 11915.000 -0.03030288
 11920.000 -0.03789808
 11925.000 -0.02886448
 11930.000 -0.01402369
 11935.000 -0.03355751
 11940.000 -0.01874439
 11945.000 -0.01488278
 11950.000 -0.01842713
 11955.000 -0.01466091
 11960.000 -0.01611073
 11965.000 0.00504335
 11970.000 -0.00997080
 11975.000 -0.00223757
 11980.000 0.00034457
 11985.000 -0.00575281
 11990.000 -0.00835868
 11995.000 -0.00420809
 12000.000 0.01176746
 12005.000 0.01188142
 12010.000 0.01665878
 12015.000 0.00606680
 12020.000 0.00202978
 12025.000 0.01039226
 12030.000 0.00975893
 12035.000 0.02072976
 12040.000 0.01471924
 12045.000 -0.00118609
 12050.000 0.01190404
 12055.000 0.02374482
 12060.000 0.01087538
 12065.000 0.00183228
 12070.000 0.01383998
 12075.000 0.01674788
 12080.000 0.01523645
 12085.000 0.00455219
 12090.000 -0.00488840
 12095.000 -0.00836446
 12100.000 -0.00398237
 12105.000 -0.00873335
 12110.000 -0.01487863
 12115.000 -0.01016314
 12120.000 -0.00686202
 12125.000 -0.00131437
 12130.000 -0.02008261
 12135.000 -0.02327320
 12140.000 -0.02402431
 12145.000 -0.02682632
 12150.000 -0.02574476
 12155.000 -0.02274947
 12160.000 -0.04237658
 12165.000 -0.03463211
 12170.000 -0.02168146
 12175.000 -0.03339608
 12180.000 -0.02075250
 12185.000 -0.03916137
 12190.000 -0.02977586
 12195.000 -0.03162663
 12200.000 -0.03357097
 12205.000 -0.02208773
 12210.000 -0.01747654
 12215.000 -0.03815354
 12220.000 -0.03263310
 12225.000 -0.03391273
 12230.000 -0.02794115
 12235.000 -0.02382180
 12240.000 -0.02499353
 12245.000 -0.03262812
 12250.000 -0.02138730
 12255.000 -0.01887707
 12260.000 -0.03165587
 12265.000 -0.01750844
 12270.000 -0.02081444
 12275.000 -0.02080322
 12280.000 -0.02079413
 12285.000 -0.00965235
 12290.000 -0.01612252
 12295.000 -0.01181241
 12300.000 -0.01337483
 12305.000 -0.01187721
 12310.000 -0.02086711
 12315.000 -0.00934059
 12320.000 -0.00224553
 12325.000 -0.01123085
 12330.000 -0.01321780
 12335.000 -0.00006494
 12340.000 -0.00572586
 12345.000 0.00055146
 12350.000 0.00629753
 12355.000 0.00424161
 12360.000 -0.00725796
 12365.000 0.00070042
 12370.000 0.00047910
 12375.000 -0.00260925
 12380.000 0.00475895
 12385.000 0.00165419
 12390.000 -0.00305015
 12395.000 0.00554995
 12400.000 0.00744709
 12405.000 0.00552491
 12410.000 0.00691928
 12415.000 0.00686706
 12420.000 0.00624889
 12425.000 0.00682429
 12430.000 0.01542220
 12435.000 0.00647656
 12440.000 0.01770016
 12445.000 0.00979033
 12450.000 0.02004472
 12455.000 0.00756474
 12460.000 0.00320089
 12465.000 -0.00376579
 12470.000 -0.00407400
 12475.000 -0.00774558
 12480.000 0.00252608
 12485.000 -0.00872980
 12490.000 -0.00977221
 12495.000 0.00680721
 12500.000 -0.01596328
 12505.000 -0.00604386
 12510.000 -0.00090336
 12515.000 -0.01805711
 12520.000 -0.00213013
 12525.000 -0.01318022
 12530.000 -0.01490364
 12535.000 -0.01656213
 12540.000 -0.01538572
 12545.000 -0.03747275
 12550.000 -0.02311668
 12555.000 -0.03276644
 12560.000 -0.01563011
 12565.000 -0.01975788
 12570.000 -0.02519188
 12575.000 -0.02632050
 12580.000 -0.03627906
 12585.000 -0.02892691
 12590.000 -0.01872866
 12595.000 -0.02807209
 12600.000 -0.02096509
 12605.000 -0.02219383
 12610.000 -0.03481590
 12615.000 -0.02116562
 12620.000 -0.03830625
 12625.000 -0.01003696
 12630.000 -0.01290533
 12635.000 -0.00629993
 12640.000 -0.01369101
 12645.000 0.01101277
 12650.000 0.01223337
 12655.000 0.01916068
 12660.000 0.03191578
 12665.000 0.02583690
 12670.000 0.04294983
 12675.000 0.03909434
 12680.000 0.04641264
 12685.000 0.06699588
 12690.000 0.04717426
 12695.000 0.05203981
 12700.000 0.05392090
 12705.000 0.04908190
 12710.000 0.04181434
 12715.000 0.04622972
 12720.000 0.04199785
 12725.000 0.04070586
 12730.000 0.02661934
 12735.000 0.03201321
 12740.000 0.02482542
 12745.000 0.00638490
 12750.000 0.03105503
 12755.000 0.01827901
 12760.000 0.01056089
 12765.000 0.01054406
 12770.000 0.00021691
 12775.000 0.00625700
 12780.000 -0.01477651
 12785.000 -0.01341134
 12790.000 -0.00825716
 12795.000 -0.01279720
 12800.000 -0.02298959
 12805.000 -0.02686053
 12810.000 -0.02919098
 12815.000 -0.03090115
 12820.000 -0.02678266
 12825.000 -0.03577551
 12830.000 -0.04118815
 12835.000 -0.03689476
 12840.000 -0.03641637
 12845.000 -0.03054317
 12850.000 -0.03241693
 12855.000 -0.02857901
 12860.000 -0.03206846
 12865.000 -0.04416023
 12870.000 -0.02600452
 12875.000 -0.02828468
 12880.000 -0.03872210
 12885.000 -0.03328439
 12890.000 -0.03064477
 12895.000 -0.02321060
 12900.000 -0.01781995
 12905.000 -0.00318655
 12910.000 -0.01040344
 12915.000 -0.00832435
 12920.000 0.00894882
 12925.000 -0.00061037
 12930.000 0.01853284
 12935.000 0.01101767
 12940.000 0.01585138
 12945.000 0.03925969
 12950.000 0.03773153
 12955.000 0.05053063
 12960.000 0.05142512
 12965.000 0.05650596
 12970.000 0.06305742
 12975.000 0.05759472
 12980.000 0.06319784
 12985.000 0.06574406
 12990.000 0.06912182
 12995.000 0.03569059
 13000.000 0.05274818
 13005.000 0.05301097
 13010.000 0.03005539
 13015.000 0.02111647
 13020.000 0.03348490
 13025.000 0.02190585
 13030.000 0.02181878
 13035.000 0.01887201
 13040.000 0.00530634
 13045.000 0.00669630
 13050.000 0.01416784
 13055.000 0.00361341
 13060.000 0.00137043
 13065.000 -0.00517274
 13070.000 -0.00282155
 13075.000 -0.01138405
 13080.000 -0.01539009
 13085.000 -0.01844995
 13090.000 -0.02613189
 13095.000 -0.02545133
 13100.000 -0.02237826
 13105.000 -0.02450898
 13110.000 -0.01646924
 13115.000 -0.01424331
 13120.000 -0.01948457
 13125.000 -0.02029540
 13130.000 -0.02188715
 13135.000 -0.03457486
 13140.000 -0.02086638
 13145.000 -0.03463366
 13150.000 -0.02541972
 13155.000 -0.02369824
 13160.000 -0.02925578
 13165.000 -0.02032120
 13170.000 -0.03091045
 13175.000 -0.02391290
 13180.000 -0.01834953
 13185.000 -0.02833714
 13190.000 -0.02228648
 13195.000 -0.01734354
 13200.000 -0.01391792
 13205.000 -0.00131230
 13210.000 -0.00332469
 13215.000 0.00740150
 13220.000 -0.00354664
 13225.000 0.01771487
 13230.000 0.02625694
 13235.000 0.03529123
 13240.000 0.03816068
 13245.000 0.02988671
 13250.000 0.04111805
 13255.000 0.04824624
 13260.000 0.05751756
 13265.000 0.06425192
 13270.000 0.04729885
 13275.000 0.04947080
 13280.000 0.06790863
 13285.000 0.05313295
 13290.000 0.03500523
 13295.000 0.04540316
 13300.000 0.04076390
 13305.000 0.03171824
 13310.000 0.02806625
 13315.000 0.02086817
 13320.000 0.02467781
 13325.000 0.01837242
 13330.000 0.01366625
 13335.000 -0.00371612
 13340.000 0.00578116
 13345.000 0.00291076
 13350.000 -0.00295750
 13355.000 -0.01058617
 13360.000 0.00882096
 13365.000 -0.01803851
 13370.000 -0.02220789
 13375.000 -0.00881666
 13380.000 -0.01710844
 13385.000 -0.01760696
 13390.000 -0.02447823
 13395.000 -0.02724986
 13400.000 -0.02420367
 13405.000 -0.03070677
 13410.000 -0.01903968
 13415.000 -0.02600718
 13420.000 -0.03532840
 13425.000 -0.02428948
 13430.000 -0.03743388
 13435.000 -0.03406379
 13440.000 -0.02794003
 13445.000 -0.03280385
 13450.000 -0.03295329
 13455.000 -0.01753562
 13460.000 -0.02130500
 13465.000 -0.02158357
 13470.000 -0.02944293
 13475.000 -0.01816392
 13480.000 -0.02409467
 13485.000 -0.00749927
 13490.000 -0.00835854
 13495.000 0.00998117
 13500.000 -0.01007484
 13505.000 0.01459136
 13510.000 0.00765911
 13515.000 0.02072059
 13520.000 0.01529987
 13525.000 0.02540561
 13530.000 0.01973696
 13535.000 0.03845219
 13540.000 0.03233474
 13545.000 0.04900807
 13550.000 0.03960839
 13555.000 0.03128110
 13560.000 0.02210048
 13565.000 0.02756780
 13570.000 0.03146511
 13575.000 0.02137818
 13580.000 0.01640630
 13585.000 0.03293672
 13590.000 0.01906630
 13595.000 0.01530036
 13600.000 0.02042530
 13605.000 0.01120955
 13610.000 0.01258799
 13615.000 0.01323781
 13620.000 -0.00195488
 13625.000 -0.00368097
 13630.000 0.00358499
 13635.000 0.00176766
 13640.000 0.00727366
 13645.000 0.00560983
 13650.000 -0.00747555
 13655.000 0.01133860
 13660.000 0.00009971
 13665.000 -0.00283767
 13670.000 -0.00085555
 13675.000 -0.00684939
 13680.000 -0.00378239
 13685.000 -0.00628910
 13690.000 -0.00253765
 13695.000 -0.00210626
 13700.000 0.00354542
 13705.000 -0.01146970
 13710.000 -0.01213408
 13715.000 0.00510077
 13720.000 -0.01760308
 13725.000 -0.00761738
 13730.000 -0.00949379
 13735.000 -0.00003619
 13740.000 -0.00416804
 13745.000 -0.01445603
 13750.000 -0.00468417
 13755.000 -0.00366192
 13760.000 0.00050105
 13765.000 -0.01363745
 13770.000 -0.00405757
 13775.000 -0.01216631
 13780.000 -0.00378356
 13785.000 -0.00062696
 13790.000 -0.00304482
 13795.000 0.00174645
 13800.000 -0.01532966
 13805.000 0.00554597
 13810.000 -0.00891149
 13815.000 -0.00291686
 13820.000 -0.01000488
 13825.000 -0.00453300
 13830.000 -0.01099485
 13835.000 -0.00835911
 13840.000 -0.01804789
 13845.000 -0.00476060
 13850.000 -0.00252177
 13855.000 -0.00593958
 13860.000 -0.01011883
 13865.000 -0.01467512
 13870.000 0.00531565
 13875.000 -0.00039768
 13880.000 0.01218224
 13885.000 0.01285603
 13890.000 0.01391998
 13895.000 0.03081170
 13900.000 0.03009163
 13905.000 0.02468751
 13910.000 0.02335836
 13915.000 0.01971505
 13920.000 0.01731639
 13925.000 0.01222962
 13930.000 0.00858566
 13935.000 0.01477122
 13940.000 0.02113015
 13945.000 0.01339116
 13950.000 0.01784890
 13955.000 0.00982462
 13960.000 0.01196799
 13965.000 0.02186898
 13970.000 0.01942913
 13975.000 0.01609682
 13980.000 0.01032365
 13985.000 -0.00214420
 13990.000 -0.00084966
 13995.000 0.00122544
 14000.000 -0.00078316
 14005.000 0.00222729
 14010.000 -0.00600616
 14015.000 0.00256363
 14020.000 -0.00888962
 14025.000 -0.01002410
 14030.000 -0.01673759
 14035.000 -0.00187926
 14040.000 -0.01991086
 14045.000 -0.01561076
 14050.000 -0.00305404
 14055.000 -0.01786570
 14060.000 -0.01867712
 14065.000 -0.01673606
 14070.000 -0.02932360
 14075.000 -0.03268474
 14080.000 -0.02264645
 14085.000 -0.00989261
 14090.000 -0.02302371
 14095.000 -0.02687914
 14100.000 -0.03136976
 14105.000 -0.01998368
 14110.000 -0.02457912
 14115.000 -0.01524448
 14120.000 -0.02863060
 14125.000 -0.01957396
 14130.000 -0.02087612
 14135.000 -0.02806050
 14140.000 -0.01921721
 14145.000 -0.02137344
 14150.000 -0.02920466
 14155.000 0.00170964
 14160.000 -0.00139653
 14165.000 -0.00569736
 14170.000 0.00167058
 14175.000 0.00579369
 14180.000 0.01335051
 14185.000 0.00386040
 14190.000 0.01428214
 14195.000 0.01274082
 14200.000 0.01450178
 14205.000 0.01626832
 14210.000 0.01264235
 14215.000 0.02916341
 14220.000 0.02749191
 14225.000 0.02864589
 14230.000 0.04072327
 14235.000 0.03360302
 14240.000 0.05171939
 14245.000 0.03808980
 14250.000 0.04022705
 14255.000 0.03291759
 14260.000 0.03090857
 14265.000 0.03128192
 14270.000 0.02978207
 14275.000 0.02481252
 14280.000 0.02875249
 14285.000 0.01966348
 14290.000 0.01194922
 14295.000 0.01904654
 14300.000 0.01955484
 14305.000 0.00887687
 14310.000 0.00128847
 14315.000 -0.00245296
 14320.000 -0.00535854
 14325.000 -0.01090994
 14330.000 -0.00396952
 14335.000 -0.01293308
 14340.000 -0.02030023
 14345.000 -0.02253995
 14350.000 -0.01532093
 14355.000 -0.02699187
 14360.000 -0.03132679
 14365.000 -0.03762613
 14370.000 -0.02929640
 14375.000 -0.03705563
 14380.000 -0.02700663
 14385.000 -0.02867365
 14390.000 -0.03635734
 14395.000 -0.02899612
 14400.000 -0.03548375
 14405.000 -0.03204511
 14410.000 -0.02723533
 14415.000 -0.02776869
 14420.000 -0.02587139
 14425.000 -0.02928185
 14430.000 -0.03248598
 14435.000 -0.01776332
 14440.000 -0.02412619
 14445.000 -0.01322830
 14450.000 -0.02458125
 14455.000 -0.01354978
 14460.000 -0.01178701
 14465.000 -0.00305902
 14470.000 0.00457895
 14475.000 0.00414650
 14480.000 0.01095815
 14485.000 0.01931547
 14490.000 0.03461094
 14495.000 0.04225579
 14500.000 0.04468769
 14505.000 0.06227613
 14510.000 0.06199586
 14515.000 0.07026175
 14520.000 0.08193189
 14525.000 0.07633269
 14530.000 0.06447828
 14535.000 0.06969562
 14540.000 0.05480056
 14545.000 0.04270315
 14550.000 0.04945463
 14555.000 0.04459318
 14560.000 0.02970764
 14565.000 0.02947553
 14570.000 0.02978317
 14575.000 0.00959655
 14580.000 0.00943539
 14585.000 -0.00160142
 14590.000 0.00031948
 14595.000 0.00019028
 14600.000 -0.02322753
 14605.000 -0.01015799
 14610.000 -0.01930793
 14615.000 -0.01458169
 14620.000 -0.02230053
 14625.000 -0.03570151
 14630.000 -0.02666288
 14635.000 -0.03873029
 14640.000 -0.03072022
 14645.000 -0.03069170
 14650.000 -0.02700737
 14655.000 -0.02923817
 14660.000 -0.02561789
 14665.000 -0.04507431
 14670.000 -0.03802167
 14675.000 -0.03440909
 14680.000 -0.03661535
 14685.000 -0.02853950
 14690.000 -0.04061673
 14695.000 -0.03328188
 14700.000 -0.02356647
 14705.000 -0.02587680
 14710.000 -0.03283670
 14715.000 -0.03470359
 14720.000 -0.02571972
 14725.000 -0.03570490
 14730.000 -0.02066898
 14735.000 0.00314945
 14740.000 -0.01366440
 14745.000 -0.00322927
 14750.000 0.00500293
 14755.000 0.00927065
 14760.000 0.02466093
 14765.000 0.02652265
 14770.000 0.04348950
 14775.000 0.04552728
 14780.000 0.04662907
 14785.000 0.05970254
 14790.000 0.05114103
 14795.000 0.05539475
 14800.000 0.04462943
 14805.000 0.04704428
 14810.000 0.04901553
 14815.000 0.04370373
 14820.000 0.04547333
 14825.000 0.03931216
 14830.000 0.03883501
 14835.000 0.04336135
 14840.000 0.02243596
 14845.000 0.01811945
 14850.000 0.02003712
 14855.000 0.02894227
 14860.000 0.01998953
 14865.000 -0.00133798
 14870.000 0.00753143
 14875.000 0.01184323
 14880.000 0.00282781
 14885.000 0.01016026
 14890.000 -0.00786078
 14895.000 -0.02290378
 14900.000 -0.01809217
 14905.000 -0.01694140
 14910.000 -0.00904117
 14915.000 -0.02029870
 14920.000 -0.01775268
 14925.000 -0.01802190
 14930.000 -0.02509459
 14935.000 -0.02445068
 14940.000 -0.01982187
 14945.000 -0.00651766
 14950.000 -0.01935690
 14955.000 -0.01964995
 14960.000 -0.03160871
 14965.000 -0.02711827
 14970.000 -0.01887956
 14975.000 -0.02806864
 14980.000 -0.02565098
 14985.000 -0.02802422
 14990.000 -0.03258585
 14995.000 -0.02834652
 15000.000 -0.02158783
 15005.000 -0.01116122
 15010.000 -0.01638746
 15015.000 -0.02593501
 15020.000 -0.01319338
 15025.000 -0.01569166
 15030.000 -0.00408693
 15035.000 0.01020014
 15040.000 -0.00118764
 15045.000 -0.00009274
 15050.000 0.01831673
 15055.000 0.01663655
 15060.000 0.02492863
 15065.000 0.02570399
 15070.000 0.03314409
 15075.000 0.03378167
 15080.000 0.03929023
 15085.000 0.03238967
 15090.000 0.02190456
 15095.000 0.04873956
 15100.000 0.03119935
 15105.000 0.04307107
 15110.000 0.03420362
 15115.000 0.03272770
 15120.000 0.03470091
 15125.000 0.02198939
 15130.000 0.02185400
 15135.000 0.02223229
 15140.000 0.02369483
 15145.000 0.01948139
 15150.000 0.01678040
 15155.000 0.01267668
 15160.000 0.01465399
 15165.000 0.01197512
 15170.000 0.00611023
 15175.000 -0.00675936
 15180.000 0.00470726
 15185.000 0.00445737
 15190.000 -0.00957958
 15195.000 0.00290170
 15200.000 -0.01417467
 15205.000 -0.00713446
 15210.000 -0.01119153
 15215.000 -0.01488054
 15220.000 -0.02867885
 15225.000 -0.01401844
 15230.000 -0.01701613
 15235.000 -0.02289199
 15240.000 -0.02424275
 15245.000 -0.02771501
 15250.000 -0.02232667
 15255.000 -0.02105409
 15260.000 -0.01527361
 15265.000 -0.01832334
 15270.000 -0.01502584
 15275.000 -0.01807060
 15280.000 -0.02140820
 15285.000 -0.02030133
 15290.000 -0.00917765
 15295.000 -0.01580296
 15300.000 -0.00913816
 15305.000 -0.00432206
 15310.000 -0.00271192
 15315.000 -0.00290316
 15320.000 0.00750948
 15325.000 0.00343397
 15330.000 -0.00458503
 15335.000 -0.00363125
 15340.000 0.00591120
 15345.000 0.00665951
 15350.000 -0.00374548
 15355.000 0.00590803
 15360.000 0.01495293
 15365.000 0.00495018
 15370.000 -0.00113693
 15375.000 0.00567010
 15380.000 -0.00112155
 15385.000 0.00974400
 15390.000 0.00154869
 15395.000 0.00389328
 15400.000 0.01560931
 15405.000 0.01231030
 15410.000 0.01056118
 15415.000 -0.00418674
 15420.000 0.01046009
 15425.000 0.00696390
 15430.000 0.01478023
 15435.000 0.00468686
 15440.000 0.01071063
 15445.000 0.01054776
 15450.000 0.01083853
 15455.000 0.01320016
 15460.000 0.01048939
 15465.000 0.02017817
 15470.000 0.01755335
 15475.000 0.01341961
 15480.000 0.00602630
 15485.000 0.01995170
 15490.000 0.02159319
 15495.000 0.01451569
 15500.000 0.00988460
 15505.000 0.00922809
 15510.000 0.00367419
 15515.000 0.00887957
 15520.000 0.01946248
 15525.000 0.00271480
 15530.000 0.01222802
 15535.000 0.01787200
 15540.000 0.01073984
 15545.000 0.00829582
 15550.000 0.00774402
 15555.000 -0.00028477
 15560.000 0.00218936
 15565.000 0.00270522
 15570.000 0.00503929
 15575.000 -0.01430552
 15580.000 0.00266038
 15585.000 0.00535963
 15590.000 -0.00314090
 15595.000 -0.02020183
 15600.000 -0.02702063
 15605.000 -0.01537983
 15610.000 -0.01876291
 15615.000 -0.01546703
 15620.000 -0.01786659
 15625.000 -0.00558532
 15630.000 -0.01882455
 15635.000 -0.01748248
 15640.000 -0.02454815
 15645.000 -0.02101295
 15650.000 -0.02221943
 15655.000 -0.01781201
 15660.000 -0.01294644
 15665.000 -0.03139145
 15670.000 -0.02732188
 15675.000 -0.01424682
 15680.000 -0.01973221
 15685.000 -0.02078173
 15690.000 -0.01336963
 15695.000 -0.01520875
 15700.000 -0.00262359
 15705.000 -0.00813829
 15710.000 0.00696160
 15715.000 0.00704251
 15720.000 0.02166895
 15725.000 0.03002623
 15730.000 0.03098104
 15735.000 0.02798035
 15740.000 0.03079899
 15745.000 0.03474430
 15750.000 0.03449358
 15755.000 0.04366410
 15760.000 0.04150032
 15765.000 0.04648772
 15770.000 0.03558257
 15775.000 0.04655214
 15780.000 0.04381468
 15785.000 0.03344595
 15790.000 0.03352647
 15795.000 0.02305749
 15800.000 0.02984642
 15805.000 0.03273182
 15810.000 0.01848775
 15815.000 0.01878999
 15820.000 0.02264860
 15825.000 0.01344941
 15830.000 0.00192046
 15835.000 0.00273583
 15840.000 0.00508311
 15845.000 -0.00101920
 15850.000 -0.00206456
 15855.000 -0.00063517
 15860.000 -0.00911500
 15865.000 -0.00991901
 15870.000 -0.00897138
 15875.000 -0.01625491
 15880.000 -0.01832325
 15885.000 -0.01162722
 15890.000 -0.02111677
 15895.000 -0.01662840
 15900.000 -0.01825200
 15905.000 -0.02421083
 15910.000 -0.01632680
 15915.000 -0.02550074
 15920.000 -0.03146508
 15925.000 -0.04252357
 15930.000 -0.02830098
 15935.000 -0.02557740
 15940.000 -0.03172682
 15945.000 -0.02583360
 15950.000 -0.01711812
 15955.000 -0.01885077
 15960.000 -0.03598114
 15965.000 -0.02372017
 15970.000 -0.02667706
 15975.000 -0.01796085
 15980.000 -0.01084806
 15985.000 -0.01661217
 15990.000 -0.01052462
 15995.000 -0.00195096
 16000.000 -0.01015747
 16005.000 -0.01037864
 16010.000 0.00957990
 16015.000 0.00735837
 16020.000 0.01485975
 16025.000 0.02999143
 16030.000 0.03343807
 16035.000 0.03122798
 16040.000 0.03952951
 16045.000 0.04243633
 16050.000 0.04624500
 16055.000 0.04304503
 16060.000 0.06510234
 16065.000 0.05653809
 16070.000 0.05633802
 16075.000 0.04849307
 16080.000 0.05143784
 16085.000 0.03390379
 16090.000 0.04131739
 16095.000 0.02953040
 16100.000 0.02543689
 16105.000 0.02390591
 16110.000 0.01724968
 16115.000 0.02267174
 16120.000 0.00811294
 16125.000 0.00324967
 16130.000 -0.00657054
 16135.000 0.00507289
 16140.000 -0.00168126
 16145.000 -0.01156325
 16150.000 -0.00869813
 16155.000 -0.00836480
 16160.000 -0.02649484
 16165.000 -0.01601079
 16170.000 -0.01088644
 16175.000 -0.02780526
 16180.000 -0.03206000
 16185.000 -0.02705489
 16190.000 -0.01980735
 16195.000 -0.03496288
 16200.000 -0.03626389
 16205.000 -0.03036267
 16210.000 -0.03773183
 16215.000 -0.03316130
 16220.000 -0.03710088
 16225.000 -0.04317105
 16230.000 -0.03194862
 16235.000 -0.03310687
 16240.000 -0.03024053
 16245.000 -0.02230326
 16250.000 -0.02696985
 16255.000 -0.02300892
 16260.000 -0.02445391
 16265.000 -0.02817807
 16270.000 -0.02752838
 16275.000 -0.02784568
 16280.000 -0.00916115
 16285.000 -0.01401418
 16290.000 -0.00220397
 16295.000 0.00319120
 16300.000 0.01110444
 16305.000 0.01334559
 16310.000 0.03057035
 16315.000 0.03720856
 16320.000 0.03189451
 16325.000 0.06563296
 16330.000 0.06305100
 16335.000 0.06972148
 16340.000 0.06489410
 16345.000 0.06859624
 16350.000 0.06995585
 16355.000 0.05898101
 16360.000 0.06831757
 16365.000 0.05353364
 16370.000 0.04832607
 16375.000 0.05026440
 16380.000 0.02522315
 16385.000 0.02863644
 16390.000 0.02772059
 16395.000 0.01780989
 16400.000 0.00904763
 16405.000 0.00443490
 16410.000 0.00535967
 16415.000 0.01415216
 16420.000 -0.00177095
 16425.000 -0.00766069
 16430.000 0.00042158
 16435.000 -0.02767134
 16440.000 -0.02211011
 16445.000 -0.02347655
 16450.000 -0.03074725
 16455.000 -0.02731143
 16460.000 -0.02683082
 16465.000 -0.01755081
 16470.000 -0.02386515
 16475.000 -0.03217798
 16480.000 -0.03132285
 16485.000 -0.02523247
 16490.000 -0.02192047
 16495.000 -0.03057225
 16500.000 -0.03041100
 16505.000 -0.02436231
 16510.000 -0.02651247
 16515.000 -0.02920048
 16520.000 -0.02485815
 16525.000 -0.02550761
 16530.000 -0.02053500
 16535.000 -0.02681593
 16540.000 -0.02642818
 16545.000 -0.01691894
 16550.000 -0.01374728
 16555.000 -0.00698346
 16560.000 -0.00626263
 16565.000 -0.01412444
 16570.000 0.00423234
 16575.000 0.00097862
 16580.000 0.01897573
 16585.000 0.02262310
 16590.000 0.02014259
 16595.000 0.02197045
 16600.000 0.04023075
 16605.000 0.02836180
 16610.000 0.04924031
 16615.000 0.03250508
 16620.000 0.03566512
 16625.000 0.03671588
 16630.000 0.03450328
 16635.000 0.03210667
 16640.000 0.02962831
 16645.000 0.02089824
 16650.000 0.03312799
 16655.000 0.03594026
 16660.000 0.01273314
 16665.000 0.01047415
 16670.000 -0.00791155
 16675.000 0.00744461
 16680.000 0.00867708
 16685.000 0.01304975
 16690.000 -0.00369703
 16695.000 -0.00132373
 16700.000 0.01220093
 16705.000 0.00873810
 16710.000 0.01078210
 16715.000 0.00644613
 16720.000 0.00283211
 16725.000 -0.01305151
 16730.000 -0.00318420
 16735.000 -0.00588914
 16740.000 -0.00865589
 16745.000 0.00006113
 16750.000 -0.00318568
 16755.000 -0.01421593
 16760.000 -0.00356358
 16765.000 -0.00249640
 16770.000 -0.00904041
 16775.000 -0.01038024
 16780.000 -0.01548516
 16785.000 -0.02667470
 16790.000 -0.02352501
 16795.000 -0.01524871
 16800.000 -0.01569369
 16805.000 -0.01328634
 16810.000 -0.02357597
 16815.000 -0.01658786
 16820.000 -0.01171138
 16825.000 -0.01999186
 16830.000 -0.01311348
 16835.000 -0.00787827
 16840.000 -0.00807769
 16845.000 -0.00042000
 16850.000 -0.00267872
 16855.000 0.00729479
 16860.000 -0.00663199
 16865.000 -0.00105635
 16870.000 0.00489177
 16875.000 0.00207326
 16880.000 -0.00077377
 16885.000 -0.00305208
 16890.000 -0.00159268
 16895.000 -0.00236091
 16900.000 0.00040889
 16905.000 0.00084394
 16910.000 0.00538585
 16915.000 -0.00218942
 16920.000 0.01568992
 16925.000 0.00869517
 16930.000 0.00373184
 16935.000 0.00925582
 16940.000 0.00298481
 16945.000 0.01009728
 16950.000 0.02301467
 16955.000 0.00477108
 16960.000 0.02373402
 16965.000 0.01553837
 16970.000 0.01786232
 16975.000 0.01560834
 16980.000 0.01316018
 16985.000 0.03051193
 16990.000 0.02729862
 16995.000 0.02459869
 17000.000 0.01278349
 17005.000 0.01395155
 17010.000 0.01286000
 17015.000 -0.00273195
 17020.000 0.00714946
 17025.000 -0.00234618
 17030.000 -0.00692350
 17035.000 -0.01843734
 17040.000 -0.00170977
 17045.000 -0.00459971
 17050.000 -0.01372042
 17055.000 0.00634967
 17060.000 -0.00157782
 17065.000 0.00049758
 17070.000 -0.00826132
 17075.000 -0.00393746
 17080.000 -0.01182175
 17085.000 -0.00116240
 17090.000 0.00926920
 17095.000 -0.00199941
 17100.000 0.00241348
 17105.000 -0.00775080
 17110.000 -0.00513410
 17115.000 -0.00671609
 17120.000 -0.01106540
 17125.000 -0.00362513
 17130.000 -0.01358624
 17135.000 -0.01432644
 17140.000 -0.00624478
 17145.000 -0.00495021
 17150.000 -0.00914596
 17155.000 -0.00951506
 17160.000 -0.01729107
 17165.000 -0.01181806
 17170.000 -0.01494293
 17175.000 -0.00670165
 17180.000 -0.01848655
 17185.000 -0.02461278
 17190.000 -0.01136041
 17195.000 -0.02411857
 17200.000 -0.01480257
 17205.000 -0.00606144
 17210.000 -0.01328774
 17215.000 -0.02042285
 17220.000 -0.01594062
 17225.000 -0.00342840
 17230.000 -0.00380055
 17235.000 -0.00170624
 17240.000 -0.00344315
 17245.000 0.00678055
 17250.000 0.00503271
 17255.000 0.01172423
 17260.000 0.00623952
 17265.000 0.01005204
 17270.000 0.00734311
 17275.000 0.01340323
 17280.000 0.02240814
 17285.000 0.03393539
 17290.000 0.02018980
 17295.000 0.03034897
 17300.000 0.03072148
 17305.000 0.03068322
 17310.000 0.03410913
 17315.000 0.04677252
 17320.000 0.03695962
 17325.000 0.03507215
 17330.000 0.02826400
 17335.000 0.04035698
 17340.000 0.04262394
 17345.000 0.03991353
 17350.000 0.03754566
 17355.000 0.02506801
 17360.000 0.01562374
 17365.000 0.00527840
 17370.000 0.01063710
 17375.000 0.00525827
 17380.000 -0.00720050
 17385.000 -0.00682568
 17390.000 -0.00337153
 17395.000 -0.01021042
 17400.000 -0.02481656
 17405.000 -0.01671220
 17410.000 -0.01005905
 17415.000 -0.01902808
 17420.000 -0.01915039
 17425.000 -0.01966938
 17430.000 -0.02611583
 17435.000 -0.02386829
 17440.000 -0.03155686
 17445.000 -0.03481163
 17450.000 -0.03453599
 17455.000 -0.03809189
 17460.000 -0.03598184
 17465.000 -0.03058548
 17470.000 -0.03606005
 17475.000 -0.05130691
 17480.000 -0.03321379
 17485.000 -0.03793702
 17490.000 -0.03831259
 17495.000 -0.03423138
 17500.000 -0.03884888
 17505.000 -0.03064072
 17510.000 -0.03254805
 17515.000 -0.02287613
 17520.000 -0.02272505
 17525.000 -0.00354481
 17530.000 -0.01370034
 17535.000 -0.01145105
 17540.000 -0.01196835
 17545.000 0.01426578
 17550.000 0.01102995
 17555.000 0.03347534
 17560.000 0.03861833
 17565.000 0.03570279
 17570.000 0.05604025
 17575.000 0.06539223
 17580.000 0.05439691
 17585.000 0.05691544
 17590.000 0.05491574
 17595.000 0.05120799
 17600.000 0.05033292
 17605.000 0.06652517
 17610.000 0.05120909
 17615.000 0.05281674
 17620.000 0.04055025
 17625.000 0.02171694
 17630.000 0.02132467
 17635.000 0.00984272
 17640.000 0.00949231
 17645.000 0.01300269
 17650.000 -0.00368944
 17655.000 0.00148307
 17660.000 -0.01377955
 17665.000 -0.01498394
 17670.000 -0.01375582
 17675.000 -0.00900232
 17680.000 -0.02878297
 17685.000 -0.02199755
 17690.000 -0.01236189
 17695.000 -0.00239314
 17700.000 -0.01105439
 17705.000 -0.04212238
 17710.000 -0.03898636
 17715.000 -0.04015353
 17720.000 -0.03118504
 17725.000 -0.02903966
 17730.000 -0.04677106
 17735.000 -0.04726230
 17740.000 -0.04304836
 17745.000 -0.03696976
 17750.000 -0.03156115
 17755.000 -0.03013548
 17760.000 -0.04615181
 17765.000 -0.03996397
 17770.000 -0.03892656
 17775.000 -0.03283380
 17780.000 -0.03791840
 17785.000 -0.01874195
 17790.000 -0.02845573
 17795.000 -0.03171897
 17800.000 -0.02475390
 17805.000 -0.01980177
 17810.000 -0.00860012
 17815.000 -0.01407835
 17820.000 -0.00866472
 17825.000 -0.01099240
 17830.000 -0.00237887
 17835.000 -0.00305997
 17840.000 -0.00753068
 17845.000 0.02055697
 17850.000 0.01728444
 17855.000 0.03080377
 17860.000 0.03324671
 17865.000 0.04894302
 17870.000 0.04110419
 17875.000 0.04023600
 17880.000 0.03706787
 17885.000 0.02539354
 17890.000 0.03991062
 17895.000 0.03691536
 17900.000 0.03409942
 17905.000 0.02910626
 17910.000 0.01856465
 17915.000 0.02430125
 17920.000 0.02925545
 17925.000 0.01987300
 17930.000 0.01794089
 17935.000 0.00955421
 17940.000 0.01548559
 17945.000 0.01204378
 17950.000 0.00591317
 17955.000 0.00782716
 17960.000 -0.00809473
 17965.000 -0.00514506
 17970.000 -0.02911061
 17975.000 -0.01834202
 17980.000 -0.02962960
 17985.000 -0.02404367
 17990.000 -0.02463879
 17995.000 -0.03549594
 18000.000 -0.02842158
 18005.000 -0.02762172
 18010.000 -0.02946364
 18015.000 -0.03728157
 18020.000 -0.03505152
 18025.000 -0.03388993
 18030.000 -0.03892299
 18035.000 -0.02320359
 18040.000 -0.04063841
 18045.000 -0.02580599
 18050.000 -0.02975846
 18055.000 -0.03615249
 18060.000 -0.03490509
 18065.000 -0.01882831
 18070.000 -0.02440181
 18075.000 -0.02165437
 18080.000 -0.03997387
 18085.000 -0.02768949
 18090.000 -0.03148535
 18095.000 -0.02365192
 18100.000 -0.02073208
 18105.000 -0.02281825
 18110.000 -0.01132025
 18115.000 -0.01832014
 18120.000 -0.01317963
 18125.000 -0.00344592
 18130.000 0.01076959
 18135.000 0.01111902
 18140.000 0.03538427
 18145.000 0.01092176
 18150.000 0.02713863
 18155.000 0.04721792
 18160.000 0.03700831
 18165.000 0.04255520
 18170.000 0.03131274
 18175.000 0.02890194
 18180.000 0.03540569
 18185.000 0.03587765
 18190.000 0.02384914
 18195.000 0.03369479
 18200.000 0.03366245
 18205.000 0.02149827
 18210.000 0.02148585
 18215.000 0.00201362
 18220.000 0.00535792
 18225.000 0.01220208
 18230.000 -0.00593376
 18235.000 0.01391696
 18240.000 -0.01126420
 18245.000 -0.01152385
 18250.000 -0.01612037
 18255.000 -0.00873264
 18260.000 -0.00700525
 18265.000 -0.01416341
 18270.000 -0.01131462
 18275.000 -0.01521677
 18280.000 -0.01048192
 18285.000 -0.00102231
 18290.000 -0.02511345
 18295.000 -0.02724187
 18300.000 -0.01288174
 18305.000 -0.01789910
 18310.000 -0.01471771
 18315.000 -0.01565512
 18320.000 -0.02122015
 18325.000 -0.02224092
 18330.000 -0.02355202
 18335.000 -0.02911006
 18340.000 -0.02570240
 18345.000 -0.02173251
 18350.000 -0.02803820
 18355.000 -0.02908100
 18360.000 -0.01779280
 18365.000 -0.02874617
 18370.000 -0.00198214
 18375.000 -0.00245356
 18380.000 -0.00686829
 18385.000 -0.00810816
 18390.000 -0.00402240
 18395.000 0.01237863
 18400.000 0.01023916
 18405.000 0.00872614
 18410.000 0.01228662
 18415.000 0.01329971
 18420.000 0.00551137
 18425.000 0.01487653
 18430.000 0.00557918
 18435.000 0.00381419
 18440.000 -0.00132932
 18445.000 0.00456344
 18450.000 0.00409270
 18455.000 -0.01120060
 18460.000 -0.01376330
 18465.000 -0.00231098
 18470.000 -0.00450803
 18475.000 0.00312248
 18480.000 0.00024339
 18485.000 0.00626817
 18490.000 0.00252630
 18495.000 0.01148298
 18500.000 0.00538260
 18505.000 0.00574952
 18510.000 0.00988536
 18515.000 0.00813373
 18520.000 0.01890236
 18525.000 0.01674599
 18530.000 0.01635731
 18535.000 0.01645540
 18540.000 0.02028999
 18545.000 0.01586110
 18550.000 0.02281480
 18555.000 0.00502389
 18560.000 0.01368967
 18565.000 -0.00493242
 18570.000 0.00918489
 18575.000 0.02144772
 18580.000 0.00907851
 18585.000 0.00382967
 18590.000 0.01005638
 18595.000 -0.00141031
 18600.000 0.00140364
 18605.000 0.00958203
 18610.000 0.00685832
 18615.000 -0.00988268
 18620.000 0.00119205
 18625.000 0.00475084
 18630.000 -0.01197383
 18635.000 -0.01280521
 18640.000 -0.00211237
 18645.000 -0.01089117
 18650.000 0.00344659
 18655.000 -0.00787233
 18660.000 -0.01523012
 18665.000 0.00180728
 18670.000 -0.00497346
 18675.000 -0.00731655
 18680.000 -0.01414888
 18685.000 -0.01502928
 18690.000 -0.02646543
 18695.000 -0.02573579
 18700.000 -0.01935166
 18705.000 -0.02024739
 18710.000 -0.02913985
 18715.000 -0.03534102
 18720.000 -0.02144280
 18725.000 -0.02588820
 18730.000 -0.01414355
 18735.000 -0.02237500
 18740.000 -0.03106491
 18745.000 -0.01996612
 18750.000 -0.02447819
 18755.000 -0.02117442
 18760.000 -0.01796185
 18765.000 -0.00493157
 18770.000 -0.00119860
 18775.000 0.00189009
 18780.000 0.01772987
 18785.000 0.01471379
 18790.000 0.00745890
 18795.000 0.02279238
 18800.000 0.01804638
 18805.000 0.01898067
 18810.000 0.01057585
 18815.000 0.03169261
 18820.000 0.03206056
 18825.000 0.01501202
 18830.000 0.02725402
 18835.000 0.02549643
 18840.000 0.02632668
 18845.000 0.02876609
 18850.000 0.02481051
 18855.000 0.03047042
 18860.000 0.03078094
 18865.000 0.02450443
 18870.000 0.01224378
 18875.000 0.02954910
 18880.000 0.00330833
 18885.000 0.00446602
 18890.000 0.01243714
 18895.000 0.01728787
 18900.000 0.00718895
 18905.000 -0.00054027
 18910.000 0.00405073
 18915.000 0.00187554
 18920.000 0.00226495
 18925.000 0.00465283
 18930.000 -0.00455298
 18935.000 -0.00352548
 18940.000 -0.01621291
 18945.000 -0.02291624
 18950.000 -0.02203696
 18955.000 -0.02591292
 18960.000 -0.01527371
 18965.000 -0.01790322
 18970.000 -0.03242939
 18975.000 -0.02503589
 18980.000 -0.02516796
 18985.000 -0.02298738
 18990.000 -0.02020384
 18995.000 -0.02642560
 19000.000 -0.00954097
 19005.000 -0.03212671
 19010.000 -0.04303569
 19015.000 -0.03850633
 19020.000 -0.02791836
 19025.000 -0.01858856
 19030.000 -0.01642936
 19035.000 -0.02902726
 19040.000 -0.02995230
 19045.000 -0.02010384
 19050.000 -0.02067145
 19055.000 -0.01702563
 19060.000 -0.01630333
 19065.000 -0.02467057
 19070.000 -0.01467466
 19075.000 -0.01771111
 19080.000 -0.00067920
 19085.000 -0.01397716
 19090.000 0.00477302
 19095.000 -0.00022512
 19100.000 0.03520130
 19105.000 0.02326602
 19110.000 0.04107324
 19115.000 0.04319068
 19120.000 0.04710084
 19125.000 0.04772042
 19130.000 0.04786206
 19135.000 0.05115781
 19140.000 0.05479648
 19145.000 0.05067920
 19150.000 0.04583914
 19155.000 0.04838914
 19160.000 0.03219584
 19165.000 0.03724352
 19170.000 0.04214510
 19175.000 0.02509031
 19180.000 0.01967452
 19185.000 0.02461739
 19190.000 0.01324984
 19195.000 0.00501427
 19200.000 -0.01256641
 19205.000 -0.01003323
 19210.000 -0.00389287
 19215.000 0.00145893
 19220.000 -0.01753191
 19225.000 -0.02242326
 19230.000 -0.02142448
 19235.000 -0.02779796
 19240.000 -0.01650880
 19245.000 -0.03515324
 19250.000 -0.02548513
 19255.000 -0.04452895
 19260.000 -0.03653393
 19265.000 -0.03988426
 19270.000 -0.03087981
 19275.000 -0.02232642
 19280.000 -0.04159441
 19285.000 -0.04270765
 19290.000 -0.04451250
 19295.000 -0.03209932
 19300.000 -0.04458113
 19305.000 -0.04334270
 19310.000 -0.03149990
 19315.000 -0.03001972
 19320.000 -0.03202979
 19325.000 -0.04365787
 19330.000 -0.03680740
 19335.000 -0.03082139
 19340.000 -0.02154521
 19345.000 -0.02382630
 19350.000 -0.02069505
 19355.000 -0.01053812
 19360.000 -0.00090565
 19365.000 -0.01132579
 19370.000 0.00129077
 19375.000 0.01690390
 19380.000 0.03203629
 19385.000 0.04985257
 19390.000 0.05210749
 19395.000 0.05103497
 19400.000 0.05187134
 19405.000 0.06918324
 19410.000 0.06613611
 19415.000 0.05945129
 19420.000 0.04043571
 19425.000 0.05188389
 19430.000 0.05291436
 19435.000 0.03643008
 19440.000 0.04168232
 19445.000 0.02008488
 19450.000 0.02728410
 19455.000 0.02765826
 19460.000 0.02079662
 19465.000 0.00800719
 19470.000 0.00742057
 19475.000 0.01216040
 19480.000 0.00336073
 19485.000 -0.00526734
 19490.000 -0.00975011
 19495.000 -0.00108505
 19500.000 -0.01306671
 19505.000 -0.01520411
 19510.000 -0.00755429
 19515.000 -0.03060163
 19520.000 -0.01708186
 19525.000 -0.02562908
 19530.000 -0.02534311
 19535.000 -0.01621534
 19540.000 -0.04007336
 19545.000 -0.02653506
 19550.000 -0.02796152
 19555.000 -0.01668449
 19560.000 -0.02490971
 19565.000 -0.01771299
 19570.000 -0.02371170
 19575.000 -0.03531210
 19580.000 -0.02126951
 19585.000 -0.02744835
 19590.000 -0.02288250
 19595.000 -0.02663546
 19600.000 -0.03576105
 19605.000 -0.02187948
 19610.000 -0.00524068
 19615.000 -0.01577364
 19620.000 -0.00755287
 19625.000 -0.00395032
 19630.000 0.00899337
 19635.000 0.00105241
 19640.000 0.00837285
 19645.000 0.00753174
 19650.000 0.00467220
 19655.000 0.00125895
 19660.000 0.00806634
 19665.000 0.01192445
 19670.000 0.02789592
 19675.000 0.02292371
 19680.000 0.01799306
 19685.000 0.02279149
 19690.000 0.03006539
 19695.000 0.03657302
 19700.000 0.02438502
 19705.000 0.03640723
 19710.000 0.02356996
 19715.000 0.01924636
 19720.000 0.03776680
 19725.000 0.02424374
 19730.000 0.02562571
 19735.000 0.01636125
 19740.000 0.02016885
 19745.000 0.01385024
 19750.000 0.01642840
 19755.000 0.01245991
 19760.000 0.01260863
 19765.000 0.01556821
 19770.000 0.01781891
 19775.000 0.00652536
 19780.000 0.00624578
 19785.000 0.00781831
 19790.000 -0.00199416
 19795.000 0.00376903
 19800.000 0.00553149
 19805.000 -0.00341520
 19810.000 -0.01322760
 19815.000 -0.00891042
 19820.000 -0.00495934
 19825.000 -0.00896024
 19830.000 -0.01733724
 19835.000 -0.00561600
 19840.000 -0.01824970
 19845.000 -0.01956491
 19850.000 -0.01785869
 19855.000 -0.02897624
 19860.000 -0.02449367
 19865.000 -0.01296545
 19870.000 -0.02703628
 19875.000 -0.01898420
 19880.000 -0.01865031
 19885.000 -0.01125160
 19890.000 -0.01929412
 19895.000 -0.01451184
 19900.000 -0.02563747
 19905.000 -0.02868952
 19910.000 -0.01924193
 19915.000 -0.01673658
 19920.000 -0.02053897
 19925.000 -0.03176892
 19930.000 -0.00174287
 19935.000 -0.01084967
 19940.000 -0.00270415
 19945.000 -0.00404191
 19950.000 0.00603558
 19955.000 0.00850089
 19960.000 -0.00284955
 19965.000 -0.01205298
 19970.000 0.01632429
 19975.000 -0.00333896
 19980.000 0.01014331
 19985.000 0.00800474
 19990.000 0.01532228
 19995.000 0.01848361
 20000.000 0.01713049
 20005.000 0.00706112
 20010.000 0.00857636
 20015.000 -0.00651330
 20020.000 0.02664505
 20025.000 0.01855934
 20030.000 0.02182679
 20035.000 0.02040774
 20040.000 0.02782378
 20045.000 0.02144091
 20050.000 0.01642004
 20055.000 0.01735310
 20060.000 0.00789165
 20065.000 0.00074006
 20070.000 0.01330253
 20075.000 0.00458688
 20080.000 0.00064100
 20085.000 0.01809272
 20090.000 0.00909679
 20095.000 0.01344402
 20100.000 0.00419286
 20105.000 -0.00208411
 20110.000 0.00453596
 20115.000 -0.00199892
 20120.000 0.01015117
 20125.000 -0.00078282
 20130.000 0.00613402
 20135.000 -0.00822759
 20140.000 0.00502693
 20145.000 0.00589766
 20150.000 -0.00409092
 20155.000 -0.01500718
 20160.000 0.00832256
 20165.000 0.00318782
 20170.000 -0.00097443
 20175.000 -0.00208684
 20180.000 -0.01323764
 20185.000 -0.01565542
 20190.000 -0.00939579
 20195.000 -0.01693200
 20200.000 -0.00871406
 20205.000 -0.00928664
 20210.000 -0.00455802
 20215.000 -0.00600534
 20220.000 -0.00906769
 20225.000 -0.01023650
 20230.000 -0.01077765
 20235.000 -0.01554921
 20240.000 -0.01822051
 20245.000 -0.01615403
 20250.000 -0.01633896
 20255.000 -0.01915634
 20260.000 -0.01190210
 20265.000 -0.02251610
 20270.000 -0.01053604
 20275.000 -0.00927569
 20280.000 -0.02869075
 20285.000 -0.01365322
 20290.000 -0.00235517
 20295.000 -0.00350372
 20300.000 -0.00567252
 20305.000 -0.01520960
 20310.000 -0.00592774
 20315.000 -0.01744232
 20320.000 -0.00951636
 20325.000 -0.00244300
 20330.000 0.00156598
 20335.000 -0.00625075
 20340.000 0.00847013
 20345.000 0.01045814
 20350.000 0.00805513
 20355.000 0.02200044
 20360.000 0.01914306
 20365.000 0.03424826
 20370.000 0.01851974
 20375.000 0.02153826
 20380.000 0.02772329
 20385.000 0.03554141
 20390.000 0.03395590
 20395.000 0.03471451
 20400.000 0.03949381
 20405.000 0.03509741
 20410.000 0.02040512
 20415.000 0.03427552
 20420.000 0.03658788
 20425.000 0.01648834
 20430.000 0.01284871
 20435.000 0.01743340
 20440.000 0.00094151
 20445.000 -0.00351067
 20450.000 0.00450363
 20455.000 -0.01782171
 20460.000 -0.02023499
 20465.000 -0.02350454
 20470.000 -0.01734680
 20475.000 -0.02169523
 20480.000 -0.03128561
