Seconds Flux
     0.000 -0.02079317
     5.000 -0.01782341
    10.000 -0.00357369
    20.000 -0.02956407
    25.000 -0.00683332
    30.000 -0.00391351
    35.000 -0.02636605
    40.000 -0.01725497
    45.000 -0.00149630
    50.000 -0.02847802
    55.000 -0.00970783
    60.000 0.00380423
    65.000 -0.01581154
    70.000 -0.02059435
    75.000 0.00040712
    80.000 -0.02719594
    85.000 0.00613724
    90.000 0.00299727
    95.000 -0.00708363
   100.000 0.00276412
   105.000 0.00601593
   110.000 -0.00349057
   115.000 0.01587831
   120.000 0.00843106
   125.000 0.01580305
   130.000 -0.00475939
   135.000 0.00650338
   140.000 0.02077823
   145.000 -0.00445345
   150.000 0.01447707
   155.000 0.02382559
   160.000 0.00329388
   165.000 0.00439026
   170.000 0.01347173
   175.000 0.01457059
   180.000 0.03240431
   185.000 0.02301654
   190.000 0.02350504
   195.000 -0.01829635
   200.000 -0.00523046
   205.000 -0.02251059
   210.000 -0.00220011
   215.000 -0.00290433
   220.000 -0.01409881
   225.000 0.00412347
   230.000 -0.01679520
   235.000 -0.02154556
   240.000 -0.03681372
   245.000 -0.03872230
   250.000 -0.03527038
   255.000 -0.03348288
   260.000 -0.01259739
   265.000 -0.01272410
   270.000 0.01249125
   275.000 -0.01580109
   280.000 -0.03562556
   285.000 -0.02287117
   290.000 -0.01512222
   295.000 -0.02081833
   300.000 0.00505423
   305.000 -0.01693327
   310.000 -0.03358323
   315.000 -0.00944156
   320.000 -0.02150403
   325.000 0.00330419
   330.000 -0.00280144
   335.000 0.01181112
   340.000 0.00705126
   345.000 0.00849314
   350.000 0.02679531
   355.000 0.00768373
   360.000 0.03456964
   365.000 0.03722130
   370.000 0.03284788
   375.000 0.04152865
   380.000 0.05275275
   385.000 0.04041708
   390.000 0.06079568
   395.000 0.03481303
   400.000 0.03738834
   405.000 0.05621674
   410.000 0.04475830
   415.000 0.02827571
   420.000 0.02834283
   425.000 0.02850596
   430.000 0.02808693
   435.000 0.03815148
   440.000 0.01732539
   445.000 0.00347266
   450.000 0.00653946
   455.000 0.01136367
   460.000 -0.00118435
   465.000 -0.01099572
   470.000 -0.00199030
   475.000 -0.01693426
   480.000 -0.00298865
   485.000 -0.00778185
   490.000 -0.01141481
   495.000 -0.00451370
   500.000 -0.02255101
   505.000 -0.02548436
   510.000 -0.01186919
   515.000 -0.01659181
   520.000 -0.03045660
   525.000 -0.01867233
   530.000 -0.02082927
   535.000 -0.00211652
   540.000 -0.00594268
   545.000 -0.02682625
   550.000 -0.02051900
   555.000 -0.00332973
   560.000 -0.00255114
   565.000 -0.00136196
   570.000 -0.00392711
   575.000 0.00922385
   580.000 -0.02002256
   585.000 0.00486900
   590.000 -0.04256215
   595.000 0.01438819
   600.000 -0.01689966
   605.000 0.01164667
   610.000 0.01957784
   615.000 0.01973460
   620.000 0.02938040
   625.000 -0.00090830
   630.000 0.03348587
   635.000 0.04416448
   640.000 0.04804793
   645.000 0.03648100
   650.000 0.05054716
   655.000 0.05300034
   660.000 0.04424587
   665.000 0.04153363
   670.000 0.01310182
   675.000 0.03874338
   680.000 0.03987750
   685.000 0.02139425
   690.000 0.00455018
   695.000 0.01507188
   700.000 0.03501496
   705.000 0.04778829
   710.000 0.02074034
   715.000 0.01669007
   720.000 0.03108830
   725.000 0.00146550
   730.000 0.01200181
   735.000 -0.00202964
   740.000 -0.02627622
   745.000 0.01633026
   750.000 -0.00601578
   755.000 0.00449129
   760.000 -0.01190651
   765.000 -0.03039286
   770.000 -0.03988024
   775.000 0.00582674
   780.000 -0.00551942
   785.000 0.01576935
   790.000 -0.00701795
   795.000 -0.04190065
   800.000 -0.01341053
   805.000 -0.03115388
   810.000 0.01116264
   815.000 -0.01332623
   820.000 -0.03153778
   825.000 0.00138166
   830.000 -0.03803018
   835.000 -0.03712198
   840.000 -0.01011856
   845.000 -0.04351570
   850.000 -0.03505475
   855.000 -0.01895378
   860.000 -0.02211274
   865.000 -0.02085070
   870.000 -0.01225823
   875.000 -0.00149676
   880.000 -0.03155089
   885.000 -0.01516983
   890.000 -0.02287041
   895.000 -0.01558905
   900.000 0.00129915
   905.000 -0.01071645
   910.000 -0.01613216
   915.000 -0.01730366
   920.000 -0.02349488
   925.000 0.00952196
   930.000 0.02967043
   935.000 0.01568657
   940.000 0.03926799
   945.000 0.05397078
   950.000 -0.02024587
   965.000 0.03740676
   970.000 -0.00263790
   975.000 0.00007514
   980.000 0.00861400
   985.000 0.02552801
   990.000 0.03990184
   995.000 0.02218759
  1000.000 0.00276207
  1005.000 -0.00311633
  1015.000 -0.02488562
  1020.000 0.02477157
  1025.000 0.02105441
  1030.000 -0.01946672
  1035.000 -0.02116840
  1040.000 -0.00294379
  1045.000 0.02721876
  1050.000 -0.03623241
  1055.000 -0.00066170
  1060.000 -0.00432700
  1065.000 -0.00665938
  1070.000 -0.01171904
  1075.000 0.00240981
  1080.000 -0.01442559
  1085.000 -0.02851208
  1090.000 -0.01526377
  1095.000 -0.02263497
  1100.000 -0.02895202
  1105.000 -0.02811344
  1110.000 -0.01417811
  1115.000 -0.03303413
  1120.000 -0.02746543
  1125.000 -0.00573956
  1130.000 -0.02806253
  1135.000 -0.00301992
  1140.000 -0.04144843
  1145.000 -0.03380005
  1150.000 -0.01914627
  1155.000 -0.00146693
  1160.000 -0.01114790
  1165.000 0.01933325
  1170.000 0.00615098
  1175.000 0.00480298
  1180.000 0.00201687
  1185.000 0.00347357
  1190.000 0.01395283
  1195.000 0.03463953
  1200.000 0.04688113
  1205.000 0.01389654
  1210.000 0.03175811
  1215.000 0.02570956
  1220.000 -0.00647484
  1225.000 0.04384631
  1230.000 0.03484008
  1235.000 -0.00233901
  1240.000 0.03272050
  1245.000 0.01339552
  1250.000 0.03066067
  1255.000 0.03816373
  1260.000 0.00539673
  1265.000 0.01088792
  1270.000 0.02389172
  1275.000 0.00634113
  1280.000 -0.00603242
  1285.000 0.00027784
  1290.000 -0.01755038
  1295.000 0.00027520
  1300.000 -0.01045640
  1305.000 -0.02305628
  1310.000 0.01848779
  1315.000 -0.02104497
  1320.000 0.01838773
  1325.000 -0.04641609
  1330.000 -0.01143926
  1335.000 -0.02110318
  1340.000 -0.01926918
  1345.000 -0.02199591
  1350.000 -0.00505231
  1355.000 -0.02619081
  1360.000 -0.01966652
  1365.000 -0.03370939
  1370.000 -0.04635002
  1380.000 -0.02753155
  1385.000 -0.01897715
  1390.000 -0.01804262
  1395.000 -0.01710121
  1400.000 -0.01376820
  1405.000 -0.03258253
  1415.000 -0.00582022
  1420.000 -0.02210137
  1425.000 -0.03204558
  1430.000 -0.02842187
  1435.000 -0.00245218
  1440.000 0.01112371
  1445.000 -0.01186118
  1450.000 -0.01693987
  1455.000 -0.01596580
  1460.000 -0.04259118
  1465.000 -0.01967177
  1470.000 -0.01508880
  1475.000 -0.00130789
  1480.000 -0.02383745
  1485.000 0.00348758
  1490.000 0.01973251
  1495.000 -0.01602489
  1500.000 -0.04536694
  1505.000 0.00216758
  1510.000 0.02764025
  1515.000 -0.02007719
  1520.000 -0.02154482
  1525.000 0.02200900
  1530.000 0.00253610
  1540.000 0.00502315
  1545.000 -0.02601037
  1550.000 -0.01896147
  1555.000 0.02444590
  1560.000 0.01527058
  1565.000 -0.03418820
  1570.000 0.01310492
  1575.000 0.00437657
  1580.000 0.02531351
  1585.000 -0.01325467
  1590.000 -0.00024269
  1595.000 0.00967759
  1605.000 0.00262870
  1610.000 -0.01423541
  1615.000 0.00998464
  1620.000 0.00162346
  1625.000 -0.01870593
  1630.000 0.01095980
  1635.000 -0.01565077
  1640.000 -0.02002581
  1645.000 -0.00851740
  1650.000 -0.02201848
  1660.000 -0.02508961
  1665.000 -0.00372604
  1670.000 -0.02495818
  1675.000 -0.02927515
  1680.000 -0.00826476
  1685.000 -0.03443805
  1690.000 -0.02738329
  1695.000 -0.02419495
  1700.000 -0.02032863
  1705.000 -0.00655768
  1710.000 -0.00970890
  1715.000 -0.00349411
  1720.000 -0.00322152
  1725.000 -0.01226246
  1730.000 -0.01717940
  1735.000 -0.00085347
  1740.000 -0.00465559
  1745.000 0.01779085
  1750.000 0.01403842
  1755.000 -0.00280923
  1760.000 0.00963078
  1765.000 0.02326347
  1770.000 0.03158610
  1775.000 0.02296506
  1780.000 0.02095146
  1785.000 0.02927055
  1790.000 0.01877683
  1795.000 0.02223546
  1800.000 0.03371034
  1805.000 0.03186712
  1810.000 0.03115228
  1815.000 0.03391545
  1820.000 0.02209773
  1825.000 0.01352236
  1830.000 0.02292188
  1835.000 0.01902547
  1840.000 0.02598636
  1845.000 -0.00344392
  1850.000 -0.01924136
  1855.000 0.00942423
  1860.000 -0.00813530
  1865.000 -0.00479246
  1870.000 0.00929268
  1875.000 -0.00713623
  1880.000 -0.02319798
  1885.000 -0.01990134
  1890.000 -0.00834835
  1895.000 -0.03296323
  1900.000 -0.01623812
  1905.000 -0.02227436
  1910.000 -0.01364579
  1915.000 0.00694109
  1920.000 -0.00554334
  1925.000 0.00059517
  1930.000 -0.00394714
  1935.000 -0.00658934
  1940.000 -0.01608544
  1945.000 0.01727324
  1950.000 -0.01429456
  1955.000 -0.00746617
  1960.000 0.00678092
  1965.000 -0.00849803
  1970.000 -0.02116321
  1975.000 0.00803960
  1980.000 -0.01751174
  1985.000 0.01174533
  1990.000 0.02613457
  1995.000 -0.00273879
  2000.000 -0.01682332
  2005.000 -0.01901193
  2010.000 0.00467773
  2015.000 0.01169357
  2020.000 0.00737973
  2025.000 0.01886715
  2030.000 0.00993149
  2035.000 -0.00081431
  2040.000 0.01504435
  2045.000 0.00527603
  2050.000 -0.01985276
  2055.000 0.00524338
  2060.000 0.00742335
  2065.000 -0.02226169
  2070.000 -0.02890197
  2075.000 0.00338892
  2080.000 -0.00426447
  2085.000 -0.00030432
  2090.000 -0.00603499
  2095.000 0.00366697
  2100.000 -0.00577032
  2105.000 -0.02265114
  2110.000 -0.01198734
  2115.000 -0.00825957
  2120.000 0.00516309
  2125.000 -0.00397572
  2130.000 -0.00332968
  2135.000 -0.01030189
  2140.000 -0.00994169
  2145.000 -0.00323661
  2150.000 0.00302179
  2155.000 0.01585912
  2160.000 0.01009434
  2165.000 0.00768415
  2170.000 0.01612265
  2175.000 0.01095976
  2180.000 0.00894915
  2185.000 0.00582722
  2190.000 0.00687952
  2195.000 0.00843554
  2200.000 0.01017590
  2205.000 0.01706161
  2210.000 -0.01903654
  2215.000 -0.00762438
  2220.000 0.00525267
  2225.000 -0.01534023
  2230.000 -0.00658499
  2235.000 -0.00200329
  2240.000 0.00322145
  2245.000 0.01271332
  2250.000 -0.02430003
  2255.000 -0.01463416
  2260.000 0.00271613
  2265.000 0.01505401
  2270.000 0.00264297
  2275.000 -0.00128534
  2280.000 0.00275167
  2285.000 0.00435285
  2290.000 0.00936300
  2295.000 0.02074809
  2300.000 -0.00099026
  2305.000 0.00511338
  2310.000 0.00632193
  2315.000 0.00189756
  2320.000 0.01020640
  2325.000 0.01092104
  2330.000 0.00919214
  2335.000 0.01148886
  2340.000 -0.00208467
  2345.000 0.00462091
  2350.000 0.00577359
  2355.000 -0.00235376
  2360.000 0.00414753
  2365.000 0.01849235
  2370.000 0.01381918
  2375.000 0.01649478
  2380.000 0.01116431
  2385.000 0.00505815
  2390.000 0.00851496
  2395.000 -0.00829237
  2400.000 -0.00800519
  2405.000 0.00807616
  2410.000 0.00212560
  2415.000 0.00334716
  2420.000 0.00077234
  2425.000 -0.00085942
  2430.000 0.00029104
  2435.000 -0.01367454
  2440.000 -0.01126898
  2445.000 -0.01013259
  2450.000 0.00678709
  2455.000 0.00271147
  2460.000 -0.00441142
  2465.000 -0.02438147
  2470.000 -0.01836974
  2475.000 -0.01316411
  2480.000 -0.03207324
  2485.000 -0.01955594
  2490.000 -0.00875711
  2495.000 -0.01803485
  2500.000 -0.02342551
  2505.000 -0.00177302
  2510.000 0.01873491
  2515.000 0.01145139
  2520.000 0.01092364
  2525.000 0.00890480
  2530.000 0.00573346
  2535.000 0.01994290
  2540.000 0.01984489
  2545.000 0.02124573
  2550.000 0.01555785
  2555.000 0.02368710
  2560.000 0.03545557
  2565.000 0.03712754
  2570.000 0.01648830
  2575.000 0.01608356
  2580.000 0.02141055
  2585.000 0.02011288
  2590.000 0.02146305
  2595.000 0.02596122
  2600.000 0.01514319
  2605.000 0.01589578
  2610.000 0.02341795
  2615.000 0.00790147
  2620.000 0.02177129
  2625.000 0.00701376
  2630.000 0.01212275
  2635.000 -0.00163413
  2640.000 -0.01112160
  2645.000 -0.00925677
  2650.000 -0.01984496
  2655.000 -0.01451400
  2660.000 -0.01308665
  2665.000 -0.01525429
  2670.000 -0.00154422
  2675.000 0.00264006
  2680.000 -0.00413739
  2685.000 -0.01505585
  2690.000 -0.00045348
  2695.000 -0.01092912
  2700.000 -0.01352078
  2705.000 -0.01544024
  2710.000 -0.00855928
  2715.000 0.00042796
  2720.000 0.00007650
  2725.000 0.00275175
  2730.000 -0.02042534
  2735.000 0.00596783
  2740.000 0.01098828
  2745.000 0.01922968
  2750.000 0.01800137
  2755.000 0.01024252
  2760.000 0.02987615
  2765.000 0.01829399
  2770.000 0.01524944
  2775.000 0.03453410
  2780.000 0.04070212
  2785.000 0.02844601
  2790.000 0.02834799
  2795.000 0.00906826
  2800.000 0.04543573
  2805.000 0.02594959
  2810.000 0.02370852
  2815.000 0.03631533
  2820.000 0.02655928
  2825.000 0.01980614
  2830.000 0.02838524
  2835.000 0.02410893
  2840.000 0.01724544
  2845.000 0.01997107
  2850.000 0.01979963
  2855.000 0.00936851
  2860.000 0.02831547
  2865.000 0.00654148
  2870.000 0.01237725
  2875.000 0.01886142
  2880.000 0.00185205
  2885.000 0.00819352
  2890.000 0.01165524
  2895.000 0.00707413
  2900.000 -0.00457335
  2905.000 0.00449954
  2910.000 0.00511202
  2915.000 -0.00720189
  2920.000 -0.01830345
  2925.000 -0.02384230
  2930.000 0.00944684
  2935.000 -0.00907106
  2940.000 0.00690414
  2945.000 -0.01181284
  2950.000 -0.01432148
  2955.000 0.00388925
  2960.000 0.00057289
  2965.000 -0.00463497
  2970.000 -0.00716918
  2975.000 -0.00429406
  2980.000 -0.00256888
  2985.000 -0.01169478
  2990.000 -0.01307930
  2995.000 -0.00536721
  3000.000 -0.02491222
  3005.000 -0.00531101
  3010.000 -0.00092917
  3015.000 -0.01597957
  3020.000 -0.00683394
  3025.000 -0.01875355
  3030.000 -0.01134129
  3035.000 -0.00282207
  3040.000 -0.00528091
  3045.000 -0.01179326
  3050.000 -0.00142375
  3055.000 0.00581337
  3060.000 0.01542205
  3065.000 -0.00059075
  3070.000 0.01178686
  3075.000 0.01183205
  3080.000 0.00840396
  3085.000 0.02901827
  3090.000 0.01277304
  3095.000 -0.00824743
  3100.000 0.01382857
  3105.000 0.02332720
  3110.000 0.02761135
  3115.000 0.03100506
  3120.000 0.01262905
  3125.000 0.01766365
  3130.000 0.01586694
  3135.000 0.03866489
  3140.000 0.01825657
  3145.000 0.03085824
  3150.000 0.01594568
  3155.000 0.01777286
  3160.000 0.00499039
  3165.000 0.00646239
  3170.000 -0.00118301
  3175.000 0.00597612
  3180.000 0.00945262
  3185.000 -0.00555385
  3190.000 -0.01666517
  3195.000 -0.00997118
  3200.000 -0.00493560
  3205.000 -0.00318649
  3210.000 -0.00510147
  3215.000 -0.01231481
  3220.000 -0.04304195
  3230.000 -0.02868981
  3235.000 -0.03653914
  3240.000 -0.02975228
  3245.000 -0.03281372
  3250.000 -0.02342207
  3255.000 -0.01626766
  3260.000 -0.00333284
  3265.000 -0.04517363
  3270.000 -0.03790674
  3275.000 -0.03854567
  3280.000 -0.03896812
  3285.000 0.00070380
  3290.000 -0.02507616
  3295.000 -0.03290878
  3300.000 -0.00858092
  3305.000 -0.02243351
  3310.000 -0.01143288
  3315.000 -0.00102954
  3320.000 -0.00267054
  3325.000 0.00172708
  3330.000 -0.00960863
  3335.000 -0.01683483
  3340.000 -0.01378546
  3345.000 0.00391868
  3350.000 -0.00569507
  3355.000 0.01703900
  3360.000 0.00699151
  3365.000 0.01159459
  3370.000 0.04600723
  3375.000 0.04381476
  3380.000 0.02408262
  3385.000 0.03892468
  3390.000 0.01381363
  3395.000 0.03619713
  3400.000 0.04162344
  3405.000 0.03190590
  3410.000 0.03093273
  3415.000 0.02660651
  3420.000 0.01743141
  3425.000 0.02155807
  3430.000 0.01966244
  3435.000 0.00129452
  3440.000 0.00103215
  3445.000 0.00581313
  3450.000 -0.00119308
  3455.000 0.00329068
  3460.000 -0.00643725
  3465.000 -0.00567895
  3470.000 0.00705825
  3475.000 -0.01542711
  3480.000 -0.00848483
  3485.000 0.00307988
  3490.000 -0.01035190
  3495.000 -0.01622537
  3500.000 -0.02866073
  3505.000 -0.02748167
  3510.000 -0.01818573
  3515.000 0.00372755
  3520.000 -0.00997640
  3525.000 -0.01423279
  3530.000 -0.02215624
  3535.000 -0.01594455
  3540.000 -0.01775454
  3545.000 -0.01613822
  3550.000 -0.02136312
  3555.000 -0.02938017
  3560.000 -0.01418832
  3565.000 0.00429858
  3570.000 -0.01012753
  3575.000 -0.00199776
  3580.000 -0.02331610
  3585.000 0.00631491
  3590.000 -0.02560968
  3595.000 -0.01767990
  3600.000 -0.00763900
  3605.000 -0.00476683
  3610.000 -0.01032831
  3615.000 -0.00689101
  3620.000 0.00511281
  3625.000 -0.00194774
  3630.000 0.00745375
  3635.000 0.00830227
  3640.000 0.00910285
  3645.000 0.01474742
  3650.000 0.01641364
  3655.000 0.02236095
  3660.000 0.01172771
  3665.000 0.02913762
  3670.000 0.03016497
  3675.000 0.03679020
  3680.000 0.02718917
  3685.000 0.03505730
  3690.000 0.02377303
  3695.000 0.03565350
  3700.000 0.04023533
  3705.000 0.02140222
  3710.000 0.03672324
  3715.000 0.01489467
  3720.000 0.02359489
  3725.000 0.03719175
  3730.000 0.02740631
  3735.000 0.03077813
  3740.000 0.02393797
  3745.000 0.00963835
  3750.000 0.00843019
  3755.000 0.00982961
  3760.000 0.02035860
  3765.000 0.02199924
  3770.000 -0.00364298
  3775.000 0.00631312
  3780.000 0.00553653
  3785.000 -0.00454094
  3790.000 -0.00653794
  3795.000 -0.01289308
  3800.000 -0.00770265
  3805.000 -0.02349949
  3810.000 -0.01534629
  3815.000 -0.02177794
  3820.000 -0.02353575
  3825.000 -0.01091961
  3830.000 -0.03528640
  3835.000 -0.03389835
  3840.000 -0.02489320
  3845.000 -0.01509900
  3850.000 -0.03927004
  3855.000 -0.03880481
  3860.000 -0.02813076
  3865.000 -0.02384935
  3870.000 -0.03585066
  3875.000 -0.01449515
  3880.000 -0.02947733
  3885.000 -0.04753828
  3890.000 -0.02000800
  3895.000 -0.02518667
  3900.000 -0.02048278
  3905.000 -0.00310698
  3910.000 -0.00839027
  3915.000 -0.00577150
  3920.000 -0.01107504
  3925.000 0.00313952
  3930.000 -0.00357594
  3935.000 0.02569094
  3940.000 0.02257607
  3945.000 0.00252172
  3950.000 0.02474539
  3955.000 0.00479180
  3960.000 0.01959698
  3965.000 0.01914810
  3970.000 -0.00039230
  3980.000 -0.02298586
  3985.000 -0.02334672
  3990.000 -0.02384991
  3995.000 -0.00240891
  4000.000 -0.00860330
  4005.000 0.01658917
  4010.000 0.01034993
  4015.000 0.00365573
  4020.000 -0.00813151
  4025.000 -0.04174214
  4030.000 -0.05602473
  4035.000 -0.02938012
  4040.000 -0.00187480
  4045.000 -0.05651898
  4050.000 -0.01741153
  4055.000 -0.04768550
  4060.000 -0.00954902
  4070.000 -0.03698849
  4075.000 -0.02093203
  4080.000 -0.02878312
  4085.000 -0.04396985
  4090.000 -0.01542033
  4095.000 -0.02252763
  4100.000 -0.03308269
  4105.000 -0.01051163
  4110.000 -0.02102181
  4115.000 -0.02722509
  4120.000 -0.02041136
  4125.000 -0.01804739
  4130.000 -0.03650614
  4135.000 -0.03441866
  4140.000 -0.00180583
  4145.000 -0.00639502
  4150.000 -0.02400787
  4155.000 -0.03016677
  4160.000 -0.03086543
  4165.000 -0.02320689
  4170.000 -0.00278561
  4175.000 -0.02758735
  4180.000 -0.00317039
  4185.000 -0.00595342
  4190.000 -0.03239951
  4195.000 -0.01130603
  4200.000 -0.00876029
  4205.000 -0.00010546
  4210.000 0.00338281
  4215.000 0.01842835
  4220.000 0.01756260
  4225.000 0.02798246
  4230.000 0.01026796
  4235.000 0.03210745
  4240.000 0.04572694
  4245.000 0.02531528
  4250.000 0.02237590
  4255.000 0.02092683
  4260.000 0.02567982
  4265.000 0.02882052
  4270.000 -0.00233604
  4275.000 0.00250255
  4280.000 0.00868314
  4285.000 0.01849326
  4290.000 0.00824275
  4295.000 0.00492110
  4300.000 0.00987776
  4305.000 0.01929893
  4310.000 -0.01197251
  4315.000 -0.00618297
  4320.000 0.00437289
  4325.000 0.01696328
  4330.000 0.00490962
  4335.000 0.01513291
  4340.000 -0.00549671
  4345.000 -0.01051656
  4350.000 -0.00550292
  4355.000 0.00632208
  4360.000 -0.00158752
  4365.000 -0.01502356
  4370.000 -0.00881523
  4375.000 -0.00598778
  4380.000 -0.02378851
  4385.000 -0.00509329
  4390.000 -0.05191930
  4395.000 -0.04981367
  4400.000 -0.04117867
  4405.000 -0.04151340
  4410.000 -0.00184423
  4415.000 -0.01374172
  4420.000 -0.02306499
  4425.000 -0.01452186
  4430.000 -0.00998649
  4435.000 -0.01539075
  4440.000 -0.02273730
  4445.000 -0.01287000
  4450.000 -0.00962452
  4455.000 -0.02446371
  4460.000 -0.00031707
  4465.000 -0.00110671
  4470.000 -0.00223231
  4475.000 0.01535252
  4480.000 -0.00518759
  4485.000 0.02256262
  4490.000 0.01699212
  4495.000 0.02151310
  4500.000 0.01787722
  4505.000 0.01903117
  4510.000 0.02920018
  4515.000 0.02418978
  4520.000 0.05163765
  4525.000 0.03424228
  4530.000 0.04060157
  4535.000 0.03053535
  4540.000 0.01521445
  4545.000 0.03589889
  4550.000 0.01265559
  4555.000 0.01909762
  4560.000 0.02379126
  4565.000 0.02470059
  4570.000 0.01681325
  4575.000 0.02083136
  4580.000 0.00525952
  4585.000 0.01969811
  4590.000 0.02167857
  4595.000 0.01485644
  4600.000 -0.01590293
  4605.000 -0.00130921
  4610.000 0.01256570
  4615.000 0.00007481
  4620.000 -0.00599218
  4625.000 -0.01426009
  4630.000 -0.01770174
  4635.000 -0.02035447
  4640.000 -0.02176628
  4645.000 -0.01978346
  4650.000 -0.01154394
  4655.000 0.00178426
  4660.000 -0.02107978
  4665.000 -0.02237512
  4670.000 -0.01143985
  4675.000 0.00127894
  4680.000 -0.01143344
  4685.000 -0.02628889
  4690.000 -0.00732060
  4695.000 -0.02235772
  4700.000 0.00304870
  4705.000 -0.00974537
  4710.000 0.00421437
  4715.000 0.01727497
  4720.000 0.01431258
  4725.000 0.00155712
  4730.000 0.03629189
  4735.000 0.00594334
  4740.000 0.01192953
  4745.000 0.00764590
  4750.000 0.01011678
  4755.000 0.01091494
  4760.000 0.02961769
  4765.000 0.01012003
  4770.000 0.01618955
  4775.000 0.02485206
  4780.000 0.01439660
  4785.000 0.00834119
  4790.000 0.00420279
  4795.000 0.04906316
  4800.000 -0.00206066
  4805.000 0.02340853
  4810.000 0.00834513
  4815.000 0.00889922
  4820.000 0.00211941
  4825.000 -0.00207052
  4830.000 -0.00268877
  4835.000 0.00346716
  4840.000 -0.01710014
  4845.000 -0.02038574
  4850.000 -0.02049768
  4855.000 -0.00063041
  4860.000 -0.01183557
  4865.000 -0.01458805
  4870.000 -0.01831000
  4875.000 -0.02761325
  4880.000 -0.01456553
  4885.000 -0.01607265
  4890.000 -0.02851379
  4895.000 -0.02107729
  4900.000 -0.02255875
  4905.000 -0.01501468
  4910.000 -0.00877054
  4915.000 -0.04034340
  4920.000 -0.03786919
  4925.000 -0.01741473
  4930.000 0.00041847
  4935.000 -0.03627681
  4940.000 -0.00257554
  4945.000 -0.00129872
  4950.000 0.00618032
  4955.000 -0.01592581
  4960.000 0.00219329
  4965.000 0.00910805
  4970.000 0.01787075
  4975.000 -0.00874731
  4980.000 0.01035608
  4985.000 -0.05103725
  4990.000 0.00077794
  4995.000 0.00065470
  5000.000 0.01556940
  5005.000 -0.00675289
  5010.000 0.00977098
  5015.000 0.00153381
  5020.000 -0.00157904
  5025.000 0.00736178
  5030.000 0.00714314
  5035.000 0.00644067
  5040.000 0.02249734
  5045.000 -0.00240639
  5050.000 0.00270297
  5055.000 -0.00966999
  5060.000 -0.00400429
  5065.000 -0.00869179
  5070.000 -0.01462480
  5075.000 -0.00924845
  5080.000 -0.01168535
  5085.000 -0.00755702
  5090.000 0.01049566
  5095.000 0.01157844
  5100.000 0.00796949
  5105.000 0.00306077
  5110.000 0.00503210
  5115.000 0.00390665
  5120.000 -0.00588607
  5125.000 -0.01325803
  5130.000 -0.00936981
  5135.000 -0.00876079
  5140.000 -0.01363359
  5145.000 0.01297223
  5150.000 -0.01021428
  5155.000 -0.00364973
  5160.000 -0.00953250
  5165.000 0.00734593
  5170.000 -0.01173083
  5175.000 0.00815576
  5180.000 -0.00482260
  5185.000 -0.00238072
  5190.000 -0.00431409
  5195.000 0.00093854
  5200.000 -0.00105047
  5205.000 0.00525268
  5210.000 -0.00394506
  5215.000 0.00055327
  5220.000 0.00089659
  5225.000 -0.00437062
  5230.000 -0.00451611
  5235.000 -0.00126175
  5240.000 -0.00492817
  5245.000 0.00044530
  5250.000 -0.01160471
  5255.000 0.01165966
  5260.000 0.00901513
  5265.000 0.01145158
  5270.000 0.00974556
  5275.000 0.00086376
  5280.000 -0.00168600
  5285.000 0.00715216
  5290.000 -0.00595682
  5295.000 -0.01077769
  5300.000 -0.00341385
  5305.000 0.03039532
  5310.000 -0.00103923
  5315.000 0.01315135
  5320.000 0.01883357
  5325.000 0.01989627
  5330.000 0.02540800
  5335.000 0.01941173
  5340.000 0.02472578
  5345.000 0.02439195
  5350.000 0.00452866
  5355.000 0.00983559
  5360.000 0.00702499
  5365.000 0.00853303
  5370.000 -0.00343182
  5375.000 0.00137751
  5380.000 -0.01764610
  5385.000 -0.00885293
  5390.000 -0.01290415
  5395.000 -0.02366186
  5400.000 -0.00740013
  5405.000 -0.00053610
  5410.000 -0.01836110
  5415.000 -0.02049796
  5420.000 -0.02297320
  5425.000 -0.01725801
  5430.000 -0.00977870
  5435.000 -0.02283399
  5440.000 -0.01107155
  5445.000 -0.01904010
  5450.000 -0.01489681
  5455.000 -0.02085000
  5460.000 -0.01141817
  5465.000 -0.00541985
  5470.000 -0.01234417
  5475.000 0.00140397
  5480.000 -0.00087271
  5485.000 0.00762554
  5490.000 0.01966740
  5495.000 0.01470050
  5500.000 0.02428442
  5505.000 0.03192353
  5510.000 0.01851677
  5515.000 0.04285131
  5520.000 0.04474073
  5525.000 0.03636936
  5530.000 0.03643915
  5535.000 0.05010039
  5540.000 0.03544620
  5545.000 0.04146316
  5550.000 0.03983990
  5555.000 0.04059158
  5560.000 0.04922575
  5565.000 0.03853262
  5570.000 0.04068851
  5575.000 0.04243842
  5580.000 0.03601830
  5585.000 0.02921270
  5590.000 0.02923878
  5595.000 0.01146670
  5600.000 0.01508953
  5605.000 0.01132469
  5610.000 -0.00333385
  5615.000 0.00601241
  5620.000 -0.01439068
  5625.000 -0.01576778
  5630.000 -0.01179451
  5635.000 -0.02729230
  5640.000 -0.03067657
  5645.000 -0.02015430
  5650.000 -0.01875487
  5655.000 -0.01154677
  5660.000 -0.02528568
  5665.000 -0.03245766
  5670.000 -0.01370787
  5675.000 -0.02541794
  5680.000 -0.01912239
  5685.000 -0.01005416
  5690.000 -0.01844804
  5695.000 -0.01659644
  5700.000 -0.01161990
  5705.000 -0.01970688
  5710.000 -0.00898369
  5715.000 -0.01746343
  5720.000 -0.01835851
  5725.000 -0.02156083
  5730.000 -0.02537592
  5735.000 -0.01615245
  5740.000 -0.00457455
  5745.000 -0.01381108
  5750.000 -0.00553160
  5755.000 -0.00373322
  5760.000 -0.00001917
  5765.000 -0.00493802
  5770.000 -0.01031477
  5775.000 0.00948387
  5780.000 0.00946146
  5785.000 0.01362091
  5790.000 0.00762059
  5795.000 0.01362681
  5800.000 0.01214513
  5805.000 0.02210763
  5810.000 0.02979133
  5815.000 0.02281183
  5820.000 0.02759686
  5825.000 0.00937626
  5830.000 0.00691004
  5835.000 0.02526046
  5840.000 0.03272717
  5845.000 0.01665591
  5850.000 0.01406663
  5855.000 0.02955527
  5860.000 0.00341319
  5865.000 0.00679576
  5870.000 0.00665087
  5875.000 0.00378202
  5880.000 -0.00439897
  5885.000 0.00282399
  5890.000 -0.00672874
  5895.000 -0.00653590
  5900.000 -0.00747444
  5905.000 0.00524750
  5910.000 0.00118532
  5915.000 -0.00084319
  5920.000 -0.00584702
  5925.000 0.00512752
  5930.000 0.00979584
  5935.000 0.00025070
  5940.000 0.00489468
  5945.000 -0.00150230
  5950.000 -0.00770436
  5955.000 -0.02404175
  5960.000 -0.00426896
  5965.000 -0.01394224
  5970.000 -0.01557787
  5975.000 -0.01755592
  5980.000 -0.00362573
  5985.000 -0.02337053
  5990.000 -0.01132193
  5995.000 -0.00977623
  6000.000 -0.01366871
  6005.000 -0.01191371
  6010.000 -0.01236580
  6015.000 -0.02324854
  6020.000 -0.01639480
  6025.000 -0.01232885
  6030.000 -0.01487360
  6035.000 -0.01566623
  6040.000 -0.00245153
  6045.000 -0.01002701
  6050.000 -0.00144669
  6055.000 -0.00821411
  6060.000 0.01431203
  6065.000 0.00140891
  6070.000 0.01264486
  6075.000 0.00862202
  6080.000 0.02954962
  6085.000 0.03556827
  6090.000 0.04962426
  6095.000 0.04021914
  6100.000 0.03204574
  6105.000 0.03334547
  6110.000 0.04468756
  6115.000 0.03704584
  6120.000 0.03352461
  6125.000 0.02643270
  6130.000 0.02191059
  6135.000 0.02978329
  6140.000 0.02482779
  6145.000 0.02123231
  6150.000 0.00348698
  6155.000 0.02630507
  6160.000 0.01582956
  6165.000 0.01041785
  6170.000 -0.00924375
  6175.000 0.00440055
  6180.000 -0.01429845
  6185.000 -0.00276795
  6190.000 0.00150955
  6195.000 -0.00194291
  6200.000 -0.01949083
  6205.000 -0.02727408
  6210.000 -0.01984840
  6215.000 -0.01149400
  6220.000 -0.01146682
  6225.000 -0.00955524
  6230.000 -0.03676236
  6235.000 -0.03945524
  6240.000 -0.03385212
  6245.000 -0.03160491
  6250.000 -0.03558376
  6255.000 -0.04662954
  6260.000 -0.03239441
  6265.000 -0.01356510
  6270.000 -0.03898485
  6275.000 -0.03527843
  6280.000 -0.02577546
  6285.000 -0.01714558
  6290.000 -0.03719694
  6295.000 -0.02702971
  6300.000 -0.02153724
  6305.000 -0.01480816
  6310.000 -0.01007835
  6315.000 -0.00297829
  6320.000 -0.00138114
  6325.000 0.01127180
  6330.000 0.01901115
  6335.000 0.01619367
  6340.000 0.01594136
  6345.000 0.00858436
  6350.000 0.02560501
  6355.000 0.01802348
  6360.000 0.02671405
  6365.000 0.01942926
  6370.000 0.02973449
  6375.000 0.02422004
  6380.000 0.02551734
  6385.000 0.02311508
  6390.000 0.01719280
  6395.000 0.02400379
  6400.000 0.02383391
  6405.000 0.02685523
  6410.000 0.02720530
  6415.000 0.02165643
  6420.000 0.01201569
  6425.000 -0.00009473
  6430.000 0.00022947
  6435.000 -0.00792001
  6440.000 0.00195812
  6445.000 -0.01077184
  6450.000 0.00038355
  6455.000 -0.00816390
  6460.000 0.00043079
  6465.000 0.01114754
  6470.000 -0.00586014
  6475.000 0.00122000
  6480.000 -0.01691258
  6485.000 -0.00040500
  6490.000 -0.00433819
  6495.000 -0.00272313
  6500.000 0.00036643
  6505.000 -0.00270482
  6510.000 -0.00644283
  6515.000 -0.01170514
  6520.000 -0.00611301
  6525.000 -0.01876116
  6530.000 -0.01126805
  6535.000 -0.02604394
  6540.000 -0.01457647
  6545.000 0.00298326
  6550.000 -0.01685510
  6555.000 -0.00956172
  6560.000 -0.00947191
  6565.000 -0.01783386
  6570.000 -0.01528520
  6575.000 -0.01970673
  6580.000 -0.00192651
  6585.000 -0.01102401
  6590.000 -0.01307217
  6595.000 -0.00683528
  6600.000 -0.00107477
  6605.000 -0.00566012
  6610.000 0.00408099
  6615.000 -0.00147439
  6620.000 0.00115269
  6625.000 0.00120025
  6630.000 0.00842959
  6635.000 0.01187499
  6640.000 0.00849304
  6645.000 -0.00365147
  6650.000 0.00791376
  6655.000 0.00796492
  6660.000 0.02662299
  6665.000 0.01928652
  6670.000 0.03561770
  6675.000 0.01576295
  6680.000 0.01495552
  6685.000 0.02750220
  6690.000 0.02087168
  6695.000 0.02530971
  6700.000 0.03748313
  6705.000 0.02775345
  6710.000 0.03775948
  6715.000 0.04326962
  6720.000 0.02548194
  6725.000 0.02006990
  6730.000 0.01476667
  6735.000 0.01797293
  6740.000 0.02060506
  6745.000 0.01865460
  6750.000 0.00197481
  6755.000 -0.00508768
  6760.000 0.00361219
  6765.000 -0.00617561
  6770.000 -0.00519497
  6775.000 -0.02581735
  6780.000 -0.01024849
  6785.000 -0.02756575
  6790.000 -0.02548995
  6795.000 -0.02248505
  6800.000 -0.02290065
  6805.000 -0.02074537
  6810.000 -0.02960788
  6815.000 -0.03557326
  6820.000 -0.03335995
  6825.000 -0.03826300
  6830.000 -0.02613712
  6835.000 -0.04767690
  6840.000 -0.03312103
  6845.000 -0.02908515
  6850.000 -0.02261837
  6855.000 -0.03221089
  6860.000 -0.03261504
  6865.000 -0.01474018
  6870.000 -0.02855415
  6875.000 -0.01622542
  6880.000 -0.01501547
  6885.000 -0.00478973
  6890.000 -0.00257814
  6895.000 0.00538765
  6900.000 0.00128051
  6905.000 -0.00920798
  6910.000 0.00359851
  6915.000 0.00936361
  6920.000 0.01028925
  6925.000 0.01759101
  6930.000 0.00747322
  6935.000 0.01228395
  6940.000 0.01087643
  6945.000 0.04217343
  6950.000 0.03581860
  6955.000 0.02852744
  6960.000 0.02660042
  6965.000 0.01852915
  6970.000 0.02332867
  6975.000 0.02020587
  6980.000 0.02785625
  6985.000 0.01728438
  6990.000 0.01552005
  6995.000 0.00850833
  7000.000 -0.00125427
  7005.000 -0.00297846
  7010.000 -0.00487489
  7015.000 0.00033893
  7020.000 -0.00222121
  7025.000 0.00661953
  7030.000 -0.00263085
  7035.000 0.00776191
  7040.000 -0.01501955
  7045.000 -0.00850856
  7050.000 -0.01014343
  7055.000 -0.00706427
  7060.000 -0.02375892
  7065.000 -0.00253469
  7070.000 -0.00921129
  7075.000 -0.00770743
  7080.000 -0.02066535
  7085.000 -0.02662243
  7090.000 -0.01167862
  7095.000 -0.00853117
  7100.000 -0.01053638
  7105.000 -0.00736603
  7110.000 0.00649979
  7115.000 0.00329566
  7120.000 -0.00213327
  7125.000 0.00631921
  7130.000 -0.01535924
  7135.000 -0.00148794
  7140.000 0.00410126
  7145.000 -0.00428000
  7150.000 -0.00318212
  7155.000 -0.00333520
  7160.000 -0.00571632
  7165.000 -0.01329446
  7170.000 -0.00207734
  7175.000 -0.00589981
  7180.000 0.00690218
  7185.000 0.00925600
  7190.000 -0.00501090
  7195.000 -0.00204563
  7200.000 0.00522019
  7205.000 -0.00382656
  7210.000 -0.00302629
  7215.000 0.00490815
  7220.000 -0.00777264
  7225.000 0.00377857
  7230.000 0.00394515
  7235.000 0.00180063
  7240.000 0.00412884
  7245.000 0.00588802
  7250.000 0.01093782
  7255.000 -0.01125560
  7260.000 0.01057320
  7265.000 -0.00039518
  7270.000 0.01637571
  7275.000 0.01839211
  7280.000 0.01823731
  7285.000 0.01915333
  7290.000 0.02113652
  7295.000 0.01823261
  7300.000 0.01107537
  7305.000 0.00426087
  7310.000 0.00872052
  7315.000 0.01431218
  7320.000 0.01305029
  7325.000 0.00998928
  7330.000 0.00823117
  7335.000 0.01051635
  7340.000 0.00417860
  7345.000 -0.00437812
  7350.000 0.00558399
  7355.000 -0.00466309
  7360.000 -0.01131849
  7365.000 -0.01670898
  7370.000 -0.01087273
  7375.000 -0.01535535
  7380.000 -0.01583391
  7385.000 -0.00799153
  7390.000 -0.01325364
  7395.000 0.00237843
  7400.000 -0.00732086
  7405.000 -0.01714802
  7410.000 -0.01661747
  7415.000 -0.02558553
  7420.000 -0.02104754
  7425.000 -0.01209560
  7430.000 -0.00453689
  7435.000 0.00068127
  7440.000 -0.01011635
  7445.000 0.00023615
  7450.000 -0.00959057
  7455.000 -0.00008212
  7460.000 -0.00245994
  7465.000 -0.00307169
  7470.000 -0.00693023
  7475.000 -0.01540896
  7480.000 -0.00558208
  7485.000 -0.01493566
  7490.000 0.00219971
  7495.000 0.01553640
  7500.000 -0.00503277
  7505.000 0.01069753
  7510.000 0.03254247
  7515.000 0.02505862
  7520.000 0.02544647
  7525.000 0.01043584
  7530.000 0.01669565
  7535.000 0.00921327
  7540.000 0.01783358
  7545.000 0.01289950
  7550.000 0.00913689
  7555.000 0.00325225
  7560.000 0.00389740
  7565.000 -0.00467406
  7570.000 0.00714601
  7575.000 -0.01359023
  7580.000 -0.00417943
  7585.000 -0.00260562
  7590.000 -0.00273790
  7595.000 -0.01270211
  7600.000 0.00414424
  7605.000 0.00399008
  7610.000 -0.01228677
  7615.000 -0.00859353
  7620.000 -0.00220121
  7625.000 -0.01872215
  7630.000 -0.01115707
  7635.000 -0.01127912
  7640.000 -0.00173863
  7645.000 0.00189241
  7650.000 -0.01997856
  7655.000 0.00311359
  7660.000 -0.00823367
  7665.000 -0.01032876
  7670.000 0.01645573
  7675.000 0.01616491
  7680.000 0.00665784
  7685.000 0.00837023
  7690.000 0.00372766
  7695.000 0.01252206
  7700.000 0.01557371
  7705.000 0.02207315
  7710.000 0.01444862
  7715.000 0.01921971
  7720.000 0.02036944
  7725.000 0.01400166
  7730.000 0.00914851
  7735.000 0.01248017
  7740.000 0.00929526
  7745.000 0.01376413
  7750.000 0.00950476
  7755.000 0.00289243
  7760.000 0.00570980
  7765.000 0.00481098
  7770.000 -0.00262740
  7775.000 -0.01358434
  7780.000 -0.01244127
  7785.000 0.00415877
  7790.000 -0.01075121
  7795.000 -0.01040704
  7800.000 -0.00565836
  7805.000 0.00320857
  7810.000 -0.01624559
  7815.000 -0.00180972
  7820.000 -0.00197955
  7825.000 -0.00770977
  7830.000 -0.01251594
  7835.000 -0.00845344
  7840.000 0.00365539
  7845.000 -0.01812612
  7850.000 -0.00376317
  7855.000 -0.00563672
  7860.000 -0.02514960
  7865.000 -0.01046449
  7870.000 -0.00434325
  7875.000 -0.00400538
  7880.000 -0.00589054
  7885.000 -0.00887967
  7890.000 -0.00755908
  7895.000 0.00268579
  7900.000 -0.00008751
  7905.000 0.00288806
  7910.000 0.01610662
  7915.000 0.00142094
  7920.000 0.00268064
  7925.000 0.01857124
  7930.000 0.00537279
  7935.000 0.01413320
  7940.000 0.00911128
  7945.000 0.01302494
  7950.000 0.02210491
  7955.000 0.01084257
  7960.000 -0.00361419
  7965.000 0.00272306
  7970.000 -0.00191830
  7975.000 -0.00231248
  7980.000 0.00407605
  7985.000 0.00402287
  7990.000 -0.00239037
  7995.000 0.00457461
  8000.000 -0.00686009
  8005.000 -0.00600462
  8010.000 -0.00471094
  8015.000 -0.00223985
  8020.000 0.01203968
  8025.000 0.00914349
  8030.000 0.00822437
  8035.000 0.00127083
  8040.000 0.00246395
  8045.000 0.00016707
  8050.000 -0.00533657
  8055.000 -0.00127335
  8060.000 -0.00231805
  8065.000 0.00339098
  8070.000 0.00591700
  8075.000 -0.00100009
  8080.000 0.00017967
  8085.000 0.00592745
  8090.000 -0.00010232
  8095.000 0.00311696
  8100.000 -0.00724512
  8105.000 0.00337818
  8110.000 0.00351925
  8115.000 -0.00102873
  8120.000 -0.00488971
  8125.000 -0.01294188
  8130.000 -0.00275928
  8135.000 -0.01418003
  8140.000 -0.00900103
  8145.000 -0.00113835
  8150.000 -0.00951484
  8155.000 -0.00603215
  8160.000 -0.01702654
  8165.000 0.00526256
  8170.000 -0.01776859
  8175.000 -0.01568173
  8180.000 -0.02295754
  8185.000 -0.01630046
  8190.000 -0.02304629
  8195.000 -0.01271263
  8200.000 -0.00493949
  8205.000 -0.00864688
  8210.000 -0.01179618
  8215.000 -0.00997890
  8220.000 -0.01604719
  8225.000 -0.00249558
  8230.000 0.00177143
  8235.000 -0.00382885
  8240.000 -0.00000678
  8245.000 0.00563272
  8250.000 0.01616259
  8255.000 0.01795104
  8260.000 0.02771456
  8265.000 0.03174581
  8270.000 0.03037983
  8275.000 0.02348236
  8280.000 0.03246310
  8285.000 0.03065357
  8290.000 0.02943568
  8295.000 0.02416764
  8300.000 0.02642933
  8305.000 0.03533001
  8310.000 0.01557172
  8315.000 0.02050377
  8320.000 0.02653014
  8325.000 0.01901369
  8330.000 0.01722934
  8335.000 0.01506609
  8340.000 0.00077323
  8345.000 -0.01631805
  8350.000 -0.00492168
  8355.000 -0.00189017
  8360.000 -0.00606545
  8365.000 -0.03785903
  8370.000 -0.00933916
  8375.000 -0.01553293
  8380.000 -0.01392937
  8385.000 -0.02332547
  8390.000 -0.01830090
  8395.000 -0.03516413
  8400.000 -0.03669081
  8405.000 -0.03275135
  8410.000 -0.03705814
  8415.000 -0.02517272
  8420.000 -0.03320828
  8425.000 -0.03652254
  8430.000 -0.03562070
  8435.000 -0.02525578
  8440.000 -0.03322366
  8445.000 -0.02008026
  8450.000 -0.01895025
  8455.000 -0.01435450
  8460.000 -0.01383211
  8465.000 -0.01869300
  8470.000 -0.01923164
  8475.000 -0.01043697
  8480.000 -0.01210599
  8485.000 -0.00072233
  8490.000 0.00863902
  8495.000 0.01139804
  8500.000 0.00899577
  8505.000 0.01893726
  8510.000 0.02629643
  8515.000 0.03186540
  8520.000 0.02353672
  8525.000 0.02946944
  8530.000 0.03100072
  8535.000 0.03279193
  8540.000 0.02305046
  8545.000 0.02997603
  8550.000 0.03145936
  8555.000 0.02038380
  8560.000 0.01984801
  8565.000 0.02924678
  8570.000 0.01711134
  8575.000 0.02426084
  8580.000 0.01935330
  8585.000 0.01599367
  8590.000 0.00346774
  8595.000 0.00941475
  8600.000 0.00232383
  8605.000 -0.01274171
  8610.000 -0.00028412
  8615.000 -0.00583893
  8620.000 -0.00392663
  8625.000 -0.00800672
  8630.000 -0.01248913
  8635.000 -0.00214497
  8640.000 -0.00776418
  8645.000 -0.01035748
  8650.000 -0.01035727
  8655.000 -0.01386170
  8660.000 -0.01970680
  8665.000 -0.01231635
  8670.000 -0.02020745
  8675.000 -0.02289878
  8680.000 -0.02428032
  8685.000 -0.02649874
  8690.000 -0.02496826
  8695.000 -0.02691693
  8700.000 -0.02218672
  8705.000 -0.02308986
  8710.000 -0.02017181
  8715.000 -0.02154814
  8720.000 -0.02398942
  8725.000 -0.01756131
  8730.000 -0.01861763
  8735.000 -0.01693017
  8740.000 -0.02591867
  8745.000 -0.02445554
  8750.000 -0.02774334
  8755.000 -0.01287731
  8760.000 -0.01009429
  8765.000 -0.01161662
  8770.000 -0.01534702
  8775.000 -0.00444171
  8780.000 -0.01431343
  8785.000 -0.00764274
  8790.000 -0.00311689
  8795.000 -0.00065341
  8800.000 0.00523606
  8805.000 0.00996508
  8810.000 0.01852455
  8815.000 0.02199151
  8820.000 0.03145655
  8825.000 0.02288633
  8830.000 0.03720071
  8835.000 0.03994291
  8840.000 0.02406198
  8845.000 0.02348253
  8850.000 0.03311721
  8855.000 0.02221460
  8860.000 0.02200008
  8865.000 0.05004485
  8870.000 0.03331830
  8875.000 0.03807002
  8880.000 0.03586911
  8885.000 0.01782296
  8890.000 0.02011673
  8895.000 0.01728305
  8900.000 0.01478959
  8905.000 0.00110695
  8910.000 0.01198091
  8915.000 0.00309171
  8920.000 0.00843154
  8925.000 -0.00937678
  8930.000 -0.00082026
  8935.000 -0.00532021
  8940.000 -0.01289815
  8945.000 -0.01562195
  8950.000 -0.02265570
  8955.000 -0.02287699
  8960.000 -0.02423723
  8965.000 -0.02213145
  8970.000 -0.04174759
  8975.000 -0.02800979
  8980.000 -0.03467932
  8985.000 -0.03945624
  8990.000 -0.02423745
  8995.000 -0.03421946
  9000.000 -0.04187256
  9005.000 -0.03961553
  9010.000 -0.02888166
  9015.000 -0.03962243
  9020.000 -0.02959534
  9025.000 -0.01690988
  9030.000 -0.02577872
  9035.000 -0.02288993
  9040.000 -0.01876078
  9045.000 -0.02280172
  9050.000 -0.02314258
  9055.000 -0.01000866
  9060.000 -0.00194087
  9065.000 0.00172550
  9070.000 0.00925273
  9075.000 0.02864213
  9080.000 0.03056604
  9085.000 0.04404250
  9090.000 0.03290939
  9095.000 0.03173382
  9100.000 0.04144893
  9105.000 0.03537357
  9110.000 0.04833457
  9115.000 0.03829464
  9120.000 0.03658869
  9125.000 0.04140007
  9130.000 0.03098238
  9135.000 0.02807524
  9140.000 0.02496985
  9145.000 0.01103576
  9150.000 0.01858008
  9155.000 0.00424273
  9160.000 0.01875643
  9165.000 0.01631947
  9170.000 0.00886109
  9175.000 0.00448224
  9180.000 -0.00350675
  9185.000 -0.00028140
  9190.000 -0.01259945
  9195.000 -0.01138023
  9200.000 -0.01775323
  9205.000 -0.01740160
  9210.000 -0.03766214
  9215.000 -0.03241925
  9220.000 -0.02325504
  9225.000 -0.02135280
  9230.000 -0.02069624
  9235.000 -0.02978361
  9240.000 -0.02103293
  9245.000 -0.03060422
  9250.000 -0.01854627
  9255.000 -0.01384223
  9260.000 -0.02794007
  9265.000 -0.03008495
  9270.000 -0.01502045
  9275.000 -0.01954679
  9280.000 -0.01603414
  9285.000 -0.00684479
  9290.000 -0.02210383
  9295.000 -0.00640650
  9300.000 -0.02512459
  9305.000 -0.00832309
  9310.000 -0.00025510
  9315.000 -0.00026023
  9320.000 -0.00717641
  9325.000 -0.00549850
  9330.000 0.00144735
  9335.000 -0.00231311
  9340.000 0.00087795
  9345.000 -0.00513787
  9350.000 0.00468853
  9355.000 0.01505932
  9360.000 0.00570620
  9365.000 0.01593901
  9370.000 0.02393815
  9375.000 0.01013834
  9380.000 0.02754766
  9385.000 0.02884324
  9390.000 0.02911783
  9395.000 0.03344600
  9400.000 0.03055006
  9405.000 0.02547104
  9410.000 0.02410529
  9415.000 0.02931088
  9420.000 0.02643710
  9425.000 0.02538014
  9430.000 0.01932145
  9435.000 0.02192343
  9440.000 0.01472014
  9445.000 0.01731586
  9450.000 0.01356405
  9455.000 0.01133892
  9460.000 -0.00012720
  9465.000 0.01300034
  9470.000 -0.00718865
  9475.000 0.00326830
  9480.000 0.00567944
  9485.000 0.00289257
  9490.000 0.00153347
  9495.000 0.00334950
  9500.000 0.00372762
  9505.000 -0.00430340
  9510.000 -0.00494800
  9515.000 -0.02587498
  9520.000 -0.01310875
  9525.000 -0.01422289
  9530.000 -0.01774175
  9535.000 -0.02160914
  9540.000 -0.02369683
  9545.000 -0.02355873
  9550.000 -0.01833788
  9555.000 -0.03485314
  9560.000 -0.03692797
  9565.000 -0.01849499
  9570.000 -0.01737099
  9575.000 -0.02275554
  9580.000 -0.01883047
  9585.000 -0.02359005
  9590.000 -0.01962833
  9595.000 -0.01979720
  9600.000 -0.01030324
  9605.000 -0.00698182
  9610.000 -0.01946401
  9615.000 -0.01089339
  9620.000 -0.00768831
  9625.000 -0.00680323
  9630.000 0.00280195
  9635.000 0.00804094
  9640.000 0.00601863
  9645.000 0.01614831
  9650.000 0.01491567
  9655.000 0.02661609
  9660.000 0.02810108
  9665.000 0.04085070
  9670.000 0.03754173
  9675.000 0.03306656
  9680.000 0.02413031
  9685.000 0.02362172
  9690.000 0.02051075
  9695.000 0.02288228
  9700.000 0.02164898
  9705.000 0.01918938
  9710.000 0.01525035
  9715.000 0.00609420
  9720.000 0.01039533
  9725.000 0.01569042
  9730.000 0.01022715
  9735.000 0.00870356
  9740.000 -0.00259528
  9745.000 0.00361071
  9750.000 -0.00928653
  9755.000 -0.00922828
  9760.000 -0.00857519
  9765.000 -0.00897271
  9770.000 -0.01559849
  9775.000 -0.01465317
  9780.000 -0.01210508
  9785.000 -0.02234761
  9790.000 -0.01982401
  9795.000 -0.02406094
  9800.000 -0.01368925
  9805.000 -0.01803474
  9810.000 -0.01061959
  9815.000 -0.01741912
  9820.000 -0.01844026
  9825.000 -0.02564710
  9830.000 -0.01897559
  9835.000 -0.01182550
  9840.000 -0.01990153
  9845.000 -0.00866467
  9850.000 -0.02070878
  9855.000 -0.00822520
  9860.000 -0.00995253
  9865.000 0.00157347
  9870.000 -0.00492288
  9875.000 0.00011341
  9880.000 -0.00525790
  9885.000 0.00308552
  9890.000 0.01181807
  9895.000 0.01123504
  9900.000 0.00581731
  9905.000 0.01661534
  9910.000 0.01954421
  9915.000 0.02928221
  9920.000 0.02187729
  9925.000 0.01993784
  9930.000 0.01646929
  9935.000 0.02509207
  9940.000 0.01301839
  9945.000 0.01487990
  9950.000 0.00615421
  9955.000 0.00418990
  9960.000 -0.00509502
  9965.000 -0.00885578
  9970.000 0.00188342
  9975.000 0.00061122
  9980.000 0.00197738
  9985.000 0.00420979
  9990.000 -0.00235096
  9995.000 0.00093463
 10000.000 -0.00456011
 10005.000 0.00080573
 10010.000 0.00241833
 10015.000 -0.00618915
 10020.000 0.00456790
 10025.000 -0.00695428
 10030.000 -0.00623195
 10035.000 -0.00050047
 10040.000 -0.00217798
 10045.000 -0.00253703
 10050.000 -0.00357611
 10055.000 -0.00846927
 10060.000 -0.00496817
 10065.000 0.00732455
 10070.000 0.00039877
 10075.000 0.00753403
 10080.000 0.00036024
 10085.000 0.00947176
 10090.000 0.00243944
 10095.000 0.00224502
 10100.000 0.00017369
 10105.000 -0.00960127
 10110.000 0.00076289
 10115.000 0.00554573
 10120.000 -0.00761229
 10125.000 -0.00596766
 10130.000 -0.00297367
 10135.000 -0.00735988
 10140.000 -0.00533033
 10145.000 -0.00434348
 10150.000 -0.00367274
 10155.000 0.01201383
 10160.000 -0.00332579
 10165.000 -0.00071924
 10170.000 0.01414413
 10175.000 -0.00398617
 10180.000 0.00219480
 10185.000 0.00295684
 10190.000 -0.00853391
 10195.000 -0.00473462
 10200.000 0.00308361
 10205.000 0.00394573
 10210.000 -0.00377865
 10215.000 -0.00152280
 10220.000 -0.00127489
 10225.000 -0.00100656
 10230.000 -0.00238018
 10235.000 0.00520590
 10240.000 0.00566520
 10245.000 0.00874572
 10250.000 0.00235674
 10255.000 0.00724513
 10260.000 -0.00263716
 10265.000 -0.00027826
 10270.000 0.00104258
 10275.000 0.00197118
 10280.000 0.00068339
 10285.000 -0.00581740
 10290.000 0.00258202
 10295.000 0.00045109
 10300.000 -0.00614651
 10305.000 -0.00204104
 10310.000 -0.00444788
 10315.000 -0.00349095
 10320.000 -0.01880200
 10325.000 -0.00927824
 10330.000 -0.00667850
 10335.000 -0.01925517
 10340.000 -0.00782327
 10345.000 -0.01438138
 10350.000 -0.02006922
 10355.000 -0.01404770
 10360.000 -0.02021908
 10365.000 -0.00835703
 10370.000 -0.01490998
 10375.000 -0.01522123
 10380.000 -0.00818117
 10385.000 -0.00662619
 10390.000 0.00039362
 10395.000 -0.01226518
 10400.000 -0.00718488
 10405.000 0.00278496
 10410.000 0.00428591
 10415.000 -0.00579554
 10420.000 0.00178119
 10425.000 0.01549764
 10430.000 0.01394593
 10435.000 0.01428938
 10440.000 0.01111261
 10445.000 0.01087080
 10450.000 0.02844488
 10455.000 0.02177612
 10460.000 0.01689855
 10465.000 0.02311690
 10470.000 0.01920939
 10475.000 0.01993802
 10480.000 0.01398827
 10485.000 0.02391208
 10490.000 -0.00794470
 10495.000 0.00307310
 10500.000 0.01427981
 10505.000 0.00029955
 10510.000 0.00728034
 10515.000 0.01859461
 10520.000 0.00640886
 10525.000 -0.00987595
 10530.000 -0.00640853
 10535.000 -0.00072036
 10540.000 -0.00382862
 10545.000 -0.00571113
 10550.000 -0.00965902
 10555.000 -0.01614882
 10560.000 -0.00768943
 10565.000 -0.01949561
 10570.000 -0.02115968
 10575.000 -0.01121427
 10580.000 -0.02265051
 10585.000 -0.01973394
 10590.000 -0.01818137
 10595.000 -0.01369651
 10600.000 -0.01223598
 10605.000 -0.01708307
 10610.000 -0.00623102
 10615.000 -0.01471704
 10620.000 -0.01457320
 10625.000 0.00141816
 10630.000 -0.00630907
 10635.000 0.00010442
 10640.000 0.00198337
 10645.000 0.01020543
 10650.000 0.00289688
 10655.000 0.00995641
 10660.000 0.00819598
 10665.000 0.01666831
 10670.000 0.02159868
 10675.000 0.02319235
 10680.000 0.03122605
 10685.000 0.02086002
 10690.000 0.02796696
 10695.000 0.03015260
 10700.000 0.02533912
 10705.000 0.01411242
 10710.000 0.02136576
 10715.000 0.02570287
 10720.000 0.02455935
 10725.000 0.01193792
 10730.000 0.01458055
 10735.000 0.00321334
 10740.000 0.01133596
 10745.000 0.00206096
 10750.000 0.00174740
 10755.000 0.00693027
 10760.000 -0.00182323
 10765.000 -0.00595426
 10770.000 -0.00938655
 10775.000 -0.00791747
 10780.000 -0.01017083
 10785.000 -0.00675234
 10790.000 -0.01298234
 10795.000 -0.01460023
 10800.000 -0.00622080
 10805.000 -0.01321826
 10810.000 -0.01944841
 10815.000 -0.02506797
 10820.000 -0.00617665
 10825.000 -0.01067423
 10830.000 -0.00599935
 10835.000 -0.01523299
 10840.000 -0.01886723
 10845.000 -0.01519681
 10850.000 -0.01005574
 10855.000 -0.00671027
 10860.000 -0.00756110
 10865.000 -0.01429598
 10870.000 -0.01098255
 10875.000 -0.00414136
 10880.000 -0.01239549
 10885.000 -0.00562428
 10890.000 -0.00675137
 10895.000 -0.01730119
 10900.000 -0.01726236
 10905.000 -0.01034152
 10910.000 -0.00566750
 10915.000 -0.00080916
 10920.000 0.00161840
 10925.000 0.00831901
 10930.000 0.00209451
 10935.000 0.01405119
 10940.000 0.00563310
 10945.000 0.01320083
 10950.000 0.00084228
 10955.000 0.01380218
 10960.000 0.01870696
 10965.000 0.01040470
 10970.000 0.01080306
 10975.000 0.01478848
 10980.000 0.01213922
 10985.000 0.01305392
 10990.000 0.00895735
 10995.000 0.01365523
 11000.000 0.02269247
 11005.000 0.01692174
 11010.000 0.01346921
 11015.000 0.01621685
 11020.000 0.01945308
 11025.000 0.01472275
 11030.000 0.01127846
 11035.000 0.01368903
 11040.000 0.01721132
 11045.000 0.01976200
 11050.000 0.00744699
 11055.000 0.01691180
 11060.000 0.01018118
 11065.000 0.00240072
 11070.000 0.00489822
 11075.000 0.00380282
 11080.000 -0.00420391
 11085.000 -0.01258513
 11090.000 -0.01567660
 11095.000 -0.00051475
 11100.000 -0.01145431
 11105.000 -0.01039165
 11110.000 -0.00961377
 11115.000 -0.00894927
 11120.000 -0.01168893
 11125.000 -0.01545182
 11130.000 -0.00413311
 11135.000 -0.01767281
 11140.000 -0.03424484
 11145.000 -0.02071599
 11150.000 -0.01967196
 11155.000 -0.02414332
 11160.000 -0.02791424
 11165.000 -0.01870858
 11170.000 -0.02404364
 11175.000 -0.01308605
 11180.000 -0.01415361
 11185.000 -0.01338116
 11190.000 -0.02265085
 11195.000 -0.01771966
 11200.000 -0.00552834
 11205.000 -0.00431145
 11210.000 -0.00058659
 11215.000 -0.00879761
 11220.000 0.00789210
 11225.000 0.00448132
 11230.000 0.01688720
 11235.000 0.01701727
 11240.000 0.01693661
 11245.000 0.02900676
 11250.000 0.03109218
 11255.000 0.04347455
 11260.000 0.02533350
 11265.000 0.03511106
 11270.000 0.04429913
 11275.000 0.03232803
 11280.000 0.02443767
 11285.000 0.04313166
 11290.000 0.02907717
 11295.000 0.02486947
 11300.000 0.02226609
 11305.000 0.01895912
 11310.000 0.02742357
 11315.000 0.01188404
 11320.000 0.00280446
 11325.000 0.00773316
 11330.000 0.00162110
 11335.000 0.00214969
 11340.000 0.00090786
 11345.000 -0.00728162
 11350.000 -0.00063750
 11355.000 -0.01260955
 11360.000 -0.01026907
 11365.000 -0.01334784
 11370.000 -0.01110327
 11375.000 -0.01984331
 11380.000 -0.00221614
 11385.000 -0.01736318
 11390.000 -0.02243134
 11395.000 -0.02291938
 11400.000 -0.02378591
 11405.000 -0.03003204
 11410.000 -0.02768037
 11415.000 -0.02104247
 11420.000 -0.01598424
 11425.000 -0.01191234
 11430.000 -0.02640155
 11435.000 -0.01596579
 11440.000 -0.02435395
 11445.000 -0.02045533
 11450.000 -0.02413005
 11455.000 -0.02179374
 11460.000 -0.01290312
 11465.000 -0.00660641
 11470.000 -0.01055048
 11475.000 -0.01647207
 11480.000 -0.00078223
 11485.000 -0.00305361
 11490.000 0.00315865
 11495.000 -0.00648222
 11500.000 0.00422172
 11505.000 -0.00535588
 11510.000 0.01404345
 11515.000 0.00920976
 11520.000 0.00672089
 11525.000 0.02480444
 11530.000 0.02099871
 11535.000 0.01273646
 11540.000 0.01911376
 11545.000 0.02332017
 11550.000 0.01721513
 11555.000 0.02750654
 11560.000 0.01525645
 11565.000 0.02140648
 11570.000 0.02289402
 11575.000 0.01988831
 11580.000 0.03128302
 11585.000 0.02464355
 11590.000 0.01982651
 11595.000 0.00781998
 11600.000 0.01237955
 11605.000 0.01601911
 11610.000 0.02521101
 11615.000 0.01535036
 11620.000 0.01477027
 11625.000 0.01307328
 11630.000 0.01406444
 11635.000 0.00864489
 11640.000 0.00167375
 11645.000 -0.01762505
 11650.000 0.01056157
 11655.000 -0.01109386
 11660.000 -0.00156782
 11665.000 -0.00372292
 11670.000 -0.00944720
 11675.000 -0.01744935
 11680.000 -0.00733938
 11685.000 -0.02134762
 11690.000 -0.01883550
 11695.000 -0.01605909
 11700.000 -0.01685450
 11705.000 -0.03089713
 11710.000 -0.02335773
 11715.000 -0.01803424
 11720.000 -0.02586506
 11725.000 -0.02784470
 11730.000 -0.03429568
 11735.000 -0.02320742
 11740.000 -0.02285955
 11745.000 -0.01549064
 11750.000 -0.01784810
 11755.000 -0.01905389
 11760.000 -0.02382687
 11765.000 -0.01196005
 11770.000 -0.01408921
 11775.000 -0.00961095
 11780.000 -0.00823660
 11785.000 -0.00726805
 11790.000 -0.00172745
 11795.000 0.00178006
 11800.000 0.00339224
 11805.000 -0.00186074
 11810.000 0.00746459
 11815.000 0.01267963
 11820.000 0.03177783
 11825.000 0.02323256
 11830.000 0.01853243
 11835.000 0.03999478
 11840.000 0.03141347
 11845.000 0.04022371
 11850.000 0.03640353
 11855.000 0.03630133
 11860.000 0.04150808
 11865.000 0.02967012
 11870.000 0.02599208
 11875.000 0.02306390
 11880.000 0.03131175
 11885.000 0.01796646
 11890.000 0.01900072
 11895.000 0.01627847
 11900.000 0.00730456
 11905.000 0.01137207
 11910.000 0.00163173
 11915.000 -0.00275249
 11920.000 -0.00037066
 11925.000 -0.01603761
 11930.000 -0.00688366
 11935.000 -0.01564175
 11940.000 -0.01883515
 11945.000 -0.01949387
 11950.000 -0.02604852
 11955.000 -0.02395164
 11960.000 -0.02265681
 11965.000 -0.02541237
 11970.000 -0.02730933
 11975.000 -0.02107665
 11980.000 -0.01792486
 11985.000 -0.02528428
 11990.000 -0.02318074
 11995.000 -0.01926278
 12000.000 -0.02767625
 12005.000 -0.03109686
 12010.000 -0.01987370
 12015.000 -0.01844646
 12020.000 -0.01360361
 12025.000 -0.01609630
 12030.000 -0.01597880
 12035.000 -0.00534810
 12040.000 -0.00152930
 12045.000 -0.00374781
 12050.000 0.00596747
 12055.000 -0.00587492
 12060.000 -0.00363925
 12065.000 -0.00046600
 12070.000 0.01008683
 12075.000 0.01136630
 12080.000 0.01117266
 12085.000 0.01611287
 12090.000 0.02584391
 12095.000 0.01356578
 12100.000 0.02227485
 12105.000 0.02887526
 12110.000 0.01710758
 12115.000 0.03393614
 12120.000 0.02101434
 12125.000 0.02464751
 12130.000 0.02310852
 12135.000 0.01613939
 12140.000 0.01438217
 12145.000 0.02106861
 12150.000 0.02279871
 12155.000 0.02716095
 12160.000 0.01464741
 12165.000 0.01969830
 12170.000 0.02344835
 12175.000 0.01050764
 12180.000 0.00809880
 12185.000 0.01288743
 12190.000 -0.00068712
 12195.000 0.00101033
 12200.000 0.00567573
 12205.000 -0.00993069
 12210.000 -0.00645558
 12215.000 0.00035370
 12220.000 -0.00766978
 12225.000 -0.00241969
 12230.000 -0.00605033
 12235.000 -0.00006002
 12240.000 -0.00378321
 12245.000 0.00275267
 12250.000 0.00369302
 12255.000 -0.01322180
 12260.000 -0.00915531
 12265.000 -0.00785950
 12270.000 -0.01752956
 12275.000 -0.01176617
 12280.000 -0.01698158
 12285.000 -0.00883092
 12290.000 -0.02139397
 12295.000 -0.02234937
 12300.000 -0.01178235
 12305.000 -0.01857503
 12310.000 -0.01981602
 12315.000 -0.01789483
 12320.000 -0.01345187
 12325.000 -0.00948437
 12330.000 -0.01445214
 12335.000 -0.01366254
 12340.000 -0.02061704
 12345.000 -0.01053397
 12350.000 -0.01092304
 12355.000 -0.00366231
 12360.000 -0.00289883
 12365.000 -0.00200518
 12370.000 0.00831025
 12375.000 0.00755639
 12380.000 -0.00053246
 12385.000 0.01527251
 12390.000 0.00172950
 12395.000 0.01878074
 12400.000 0.00976407
 12405.000 0.02916622
 12410.000 0.00859719
 12415.000 0.02218106
 12420.000 0.02076052
 12425.000 0.01780865
 12430.000 0.02762875
 12435.000 0.01727090
 12440.000 0.02846240
 12445.000 0.01805458
 12450.000 0.00568746
 12455.000 0.00897636
 12460.000 0.02007950
 12465.000 0.01317064
 12470.000 0.00351944
 12475.000 0.00880863
 12480.000 0.00090174
 12485.000 -0.00299492
 12490.000 -0.00469301
 12495.000 -0.00220414
 12500.000 -0.00936778
 12505.000 -0.00818948
 12510.000 -0.00648649
 12515.000 -0.00660575
 12520.000 -0.01816774
 12525.000 -0.02761409
 12530.000 -0.02004100
 12535.000 -0.03106100
 12540.000 -0.01795930
 12545.000 -0.01923305
 12550.000 -0.02547346
 12555.000 -0.02697031
 12560.000 -0.02447398
 12565.000 -0.01884652
 12570.000 -0.02321352
 12575.000 -0.01859083
 12580.000 -0.01503987
 12585.000 -0.01805984
 12590.000 -0.01150430
 12595.000 -0.01082928
 12600.000 -0.01122576
 12605.000 -0.00689428
 12610.000 0.00000463
 12615.000 -0.00349176
 12620.000 0.00781262
 12625.000 -0.00778281
 12630.000 0.02168405
 12635.000 0.01248429
 12640.000 0.01201721
 12645.000 0.01828365
 12650.000 0.01306543
 12655.000 0.02414566
 12660.000 0.01514973
 12665.000 0.01902783
 12670.000 0.01580630
 12675.000 0.01872206
 12680.000 0.02049189
 12685.000 0.01335553
 12690.000 0.01313060
 12695.000 0.00623063
 12700.000 0.00391681
 12705.000 0.00675739
 12710.000 0.00040211
 12715.000 0.01180414
 12720.000 -0.00527975
 12725.000 0.00471761
 12730.000 -0.00303088
 12735.000 -0.00605826
 12740.000 -0.00527519
 12745.000 0.00080109
 12750.000 -0.00200913
 12755.000 -0.00210899
 12760.000 -0.00914085
 12765.000 -0.01041160
 12770.000 -0.01138175
 12775.000 -0.01542790
 12780.000 -0.01047453
 12785.000 -0.01011413
 12790.000 -0.01481606
 12795.000 -0.01212054
 12800.000 -0.01381327
 12805.000 -0.00597818
 12810.000 -0.00317691
 12815.000 0.00482084
 12820.000 -0.00698848
 12825.000 0.00526782
 12830.000 -0.00323975
 12835.000 0.00379818
 12840.000 0.01882287
 12845.000 0.00016259
 12850.000 0.01048983
 12855.000 -0.00000278
 12860.000 0.00086163
 12865.000 0.01461526
 12870.000 0.01094622
 12875.000 0.01872124
 12880.000 0.00933098
 12885.000 0.00943150
 12890.000 0.00545477
 12895.000 -0.00190430
 12900.000 0.00554547
 12905.000 0.00987596
 12910.000 0.00293472
 12915.000 0.00854338
 12920.000 -0.00814875
 12925.000 0.00935525
 12930.000 0.00517322
 12935.000 -0.00493381
 12940.000 -0.00501643
 12945.000 -0.00415471
 12950.000 -0.00538824
 12955.000 0.00466788
 12960.000 -0.01506051
 12965.000 -0.01659242
 12970.000 0.00183551
 12975.000 -0.01411745
 12980.000 -0.00588037
 12985.000 -0.01029749
 12990.000 -0.00096468
 12995.000 -0.00443036
 13000.000 -0.00109564
 13005.000 -0.00529901
 13010.000 0.00151513
 13015.000 -0.01001998
 13020.000 -0.00751234
 13025.000 0.00223739
 13030.000 -0.00673634
 13035.000 0.00188810
 13040.000 -0.00955714
 13045.000 0.00327096
 13050.000 -0.00828672
 13055.000 -0.00492697
 13060.000 0.00401552
 13065.000 -0.00586636
 13070.000 0.00857763
 13075.000 -0.01070092
 13080.000 -0.00449976
 13085.000 -0.00961481
 13090.000 -0.00378957
 13095.000 -0.01328366
 13100.000 -0.01211388
 13105.000 0.00042725
 13110.000 -0.00156447
 13115.000 -0.00046776
 13120.000 -0.00134704
 13125.000 0.00062220
 13130.000 0.00606616
 13135.000 0.00286651
 13140.000 0.00692072
 13145.000 0.00497299
 13150.000 -0.00702017
 13155.000 -0.00095732
 13160.000 0.00075587
 13165.000 0.01151468
 13170.000 0.00122060
 13175.000 0.01084310
 13180.000 0.00443205
 13185.000 0.00763241
 13190.000 0.00503155
 13195.000 0.01216541
 13200.000 0.01005290
 13205.000 0.00949588
 13210.000 0.00915117
 13215.000 0.01182880
 13220.000 0.02307456
 13225.000 0.00946669
 13230.000 0.01783735
 13235.000 0.01073046
 13240.000 0.00725191
 13245.000 0.00591848
 13250.000 0.00625862
 13255.000 -0.00834632
 13260.000 0.01253228
 13265.000 0.00090660
 13270.000 -0.00426063
 13275.000 -0.01231669
 13280.000 -0.01728533
 13285.000 -0.01807805
 13290.000 -0.01220799
 13295.000 -0.01579713
 13300.000 -0.02779687
 13305.000 -0.00474135
 13310.000 -0.01261422
 13315.000 -0.02255751
 13320.000 -0.01486179
 13325.000 -0.01524473
 13330.000 -0.01361479
 13335.000 -0.02846130
 13340.000 -0.02890551
 13345.000 -0.02255202
 13350.000 -0.01708962
 13355.000 -0.02213323
 13360.000 -0.01110463
 13365.000 -0.01536829
 13370.000 -0.00596489
 13375.000 -0.00082936
 13380.000 0.00484956
 13385.000 -0.00143330
 13390.000 0.00624688
 13395.000 0.00913031
 13400.000 0.01539675
 13405.000 0.01134193
 13410.000 0.02721081
 13415.000 0.02251450
 13420.000 0.02241128
 13425.000 0.03188018
 13430.000 0.01942691
 13435.000 0.02858879
 13440.000 0.03870188
 13445.000 0.03007673
 13450.000 0.02207786
 13455.000 0.01599895
 13460.000 0.02079135
 13465.000 0.02767990
 13470.000 0.01380841
 13475.000 0.00965968
 13480.000 0.00418135
 13485.000 0.00226747
 13490.000 -0.00081801
 13495.000 0.00694422
 13500.000 -0.00193930
 13505.000 -0.00367362
 13510.000 -0.00236536
 13515.000 -0.01382314
 13520.000 -0.02173877
 13525.000 -0.02084802
 13530.000 -0.01235841
 13535.000 -0.01523742
 13540.000 -0.01969504
 13545.000 -0.00901716
 13550.000 -0.02975240
 13555.000 -0.01885764
 13560.000 -0.02124573
 13565.000 -0.02594743
 13570.000 -0.02734820
 13575.000 -0.02377619
 13580.000 -0.02682786
 13585.000 -0.02208884
 13590.000 -0.01067289
 13595.000 -0.01586081
 13600.000 -0.01721586
 13605.000 -0.02786560
 13610.000 -0.01821895
 13615.000 -0.00106336
 13620.000 -0.00991285
 13625.000 -0.00293158
 13630.000 -0.00119762
 13635.000 0.00939869
 13640.000 -0.00409495
 13645.000 -0.00047216
 13650.000 0.00976080
 13655.000 0.01753907
 13660.000 0.02131869
 13665.000 0.00957928
 13670.000 0.01246810
 13675.000 0.02363786
 13680.000 0.01363346
 13685.000 0.01836680
 13690.000 0.02283435
 13695.000 0.01922640
 13700.000 0.02444162
 13705.000 0.01325119
 13710.000 0.01406546
 13715.000 0.02257336
 13720.000 0.01365818
 13725.000 0.02655480
 13730.000 0.02373721
 13735.000 0.01475967
 13740.000 0.02312254
 13745.000 0.01020088
 13750.000 0.01473187
 13755.000 0.01304219
 13760.000 0.01649478
 13765.000 0.01325493
 13770.000 0.01508618
 13775.000 0.00355076
 13780.000 0.00301136
 13785.000 0.00673126
 13790.000 0.00057809
 13795.000 -0.00095524
 13800.000 -0.00149634
 13805.000 -0.00963134
 13810.000 -0.00939181
 13815.000 -0.00830962
 13820.000 -0.01423468
 13825.000 -0.00642323
 13830.000 -0.00303047
 13835.000 -0.02349086
 13840.000 -0.01877820
 13845.000 -0.03018484
 13850.000 -0.01483896
 13855.000 -0.01761951
 13860.000 -0.01565370
 13865.000 -0.01850366
 13870.000 -0.02083055
 13875.000 -0.02602710
 13880.000 -0.01773167
 13885.000 -0.02718530
 13890.000 -0.02508766
 13895.000 -0.02677220
 13900.000 -0.01956328
 13905.000 -0.01667926
 13910.000 -0.03479443
 13915.000 -0.01894283
 13920.000 -0.02407650
 13925.000 -0.01334954
 13930.000 -0.01974890
 13935.000 0.00136914
 13940.000 -0.00471150
 13945.000 0.01190489
 13950.000 0.00898204
 13955.000 0.00523486
 13960.000 0.02198171
 13965.000 0.02456466
 13970.000 0.03034596
 13975.000 0.02692342
 13980.000 0.02770432
 13985.000 0.02274734
 13990.000 0.04740132
 13995.000 0.04219740
 14000.000 0.04620692
 14005.000 0.02734542
 14010.000 0.03468999
 14015.000 0.03781113
 14020.000 0.02838670
 14025.000 0.02061820
 14030.000 0.01935559
 14035.000 0.02773686
 14040.000 0.01411751
 14045.000 0.01950643
 14050.000 0.01693038
 14055.000 0.01352235
 14060.000 -0.00237118
 14065.000 -0.00847072
 14070.000 -0.01074346
 14075.000 -0.00521230
 14080.000 -0.01272657
 14085.000 -0.00847129
 14090.000 -0.01578063
 14095.000 -0.02863360
 14100.000 -0.02160444
 14105.000 -0.02606485
 14110.000 -0.02991755
 14115.000 -0.02037253
 14120.000 -0.03030593
 14125.000 -0.04476593
 14130.000 -0.03261834
 14135.000 -0.04194835
 14140.000 -0.03460987
 14145.000 -0.02464545
 14150.000 -0.04389145
 14155.000 -0.02871766
 14160.000 -0.03803245
 14165.000 -0.03761597
 14170.000 -0.03525256
 14175.000 -0.02875104
 14180.000 -0.04050400
 14185.000 -0.02685833
 14190.000 -0.02523176
 14195.000 -0.02744472
 14200.000 -0.00830450
 14205.000 -0.00625076
 14210.000 -0.00002029
 14215.000 0.00274071
 14220.000 -0.00095743
 14225.000 0.00628936
 14230.000 0.00731041
 14235.000 0.01533299
 14240.000 0.01559360
 14245.000 0.02315765
 14250.000 0.03904559
 14255.000 0.03320785
 14260.000 0.02363176
 14265.000 0.03369659
 14270.000 0.03188518
 14275.000 0.03317011
 14280.000 0.01697274
 14285.000 0.01821521
 14290.000 0.01681613
 14295.000 0.02515471
 14300.000 0.00348066
 14305.000 0.00482001
 14310.000 -0.00453080
 14315.000 0.00431123
 14320.000 0.00432844
 14325.000 -0.01317653
 14330.000 0.01023106
 14335.000 -0.00539494
 14340.000 -0.01092563
 14345.000 -0.00599167
 14350.000 -0.00837339
 14355.000 -0.00840893
 14360.000 -0.00406226
 14365.000 -0.01868863
 14370.000 -0.00535874
 14375.000 -0.02768916
 14380.000 -0.01495459
 14385.000 -0.02179145
 14390.000 -0.01652810
 14395.000 -0.01566246
 14400.000 -0.01539588
 14405.000 -0.01506423
 14410.000 -0.00515499
 14415.000 -0.01164006
 14420.000 -0.01581179
 14425.000 -0.01364434
 14430.000 -0.01518751
 14435.000 -0.03740396
 14440.000 -0.01005288
 14445.000 -0.01589375
 14450.000 -0.01400051
 14455.000 -0.01658796
 14460.000 -0.00097520
 14465.000 -0.02248730
 14470.000 -0.01670979
 14475.000 -0.00628698
 14480.000 -0.00136561
 14485.000 -0.00562545
 14490.000 -0.00765275
 14495.000 0.00071167
 14500.000 -0.01395702
 14505.000 0.00685897
 14510.000 -0.00640785
 14515.000 0.01507575
 14520.000 0.00792124
 14525.000 0.01418279
 14530.000 0.01805855
 14535.000 0.02331718
 14540.000 0.01043593
 14545.000 0.02019178
 14550.000 0.02148059
 14555.000 0.03437731
 14560.000 0.01710762
 14565.000 0.01344826
 14570.000 0.02527422
 14575.000 0.02292853
 14580.000 0.02098933
 14585.000 0.01940836
 14590.000 0.03231260
 14595.000 0.02621415
 14600.000 0.02568760
 14605.000 0.02009487
 14610.000 0.01951163
 14615.000 0.01569980
 14620.000 0.00386142
 14625.000 0.01348266
 14630.000 0.00772789
 14635.000 0.00360183
 14640.000 -0.00664172
 14645.000 -0.00204145
 14650.000 -0.00619389
 14655.000 -0.01067431
 14660.000 -0.02571172
 14665.000 -0.01933339
 14670.000 -0.02923656
 14675.000 -0.00807924
 14680.000 -0.02226209
 14685.000 -0.01708134
 14690.000 -0.02257372
 14695.000 -0.01705302
 14700.000 -0.02012836
 14705.000 -0.02168028
 14710.000 -0.02086506
 14715.000 -0.02587601
 14720.000 -0.03471591
 14725.000 -0.03217082
 14730.000 -0.04185948
 14735.000 -0.01934803
 14740.000 -0.01886856
 14745.000 -0.03422648
 14750.000 -0.01548265
 14755.000 -0.02180883
 14760.000 -0.00854210
 14765.000 -0.00542094
 14770.000 -0.00695738
 14775.000 -0.01402808
 14780.000 0.00102145
 14785.000 0.00679213
 14790.000 0.01085266
 14795.000 0.01785705
 14800.000 0.02411288
 14805.000 0.03039580
 14810.000 0.02175762
 14815.000 0.01889285
 14820.000 0.03146690
 14825.000 0.04078167
 14830.000 0.04405396
 14835.000 0.03586939
 14840.000 0.02406036
 14845.000 0.03037001
 14850.000 0.02598716
 14855.000 0.03277823
 14860.000 0.02548514
 14865.000 0.02155275
 14870.000 0.01426001
 14875.000 0.01398630
 14880.000 0.00792128
 14885.000 0.00341794
 14890.000 0.00966368
 14895.000 -0.01043652
 14900.000 -0.00403994
 14905.000 -0.00183509
 14910.000 -0.00201356
 14915.000 -0.00109321
 14920.000 -0.00815846
 14925.000 -0.00879898
 14930.000 -0.01192780
 14935.000 -0.01757348
 14940.000 -0.02132932
 14945.000 -0.01085522
 14950.000 -0.01435464
 14955.000 -0.02276657
 14960.000 -0.01101988
 14965.000 -0.00354089
 14970.000 -0.01005618
 14975.000 -0.00268000
 14980.000 -0.01481890
 14985.000 -0.01293748
 14990.000 -0.00370636
 14995.000 -0.00475138
 15000.000 -0.00536989
 15005.000 -0.00717515
 15010.000 0.00382054
 15015.000 -0.00125762
 15020.000 -0.00864229
 15025.000 -0.00619502
 15030.000 0.00530831
 15035.000 -0.00315973
 15040.000 -0.00154587
 15045.000 0.00008831
 15050.000 0.00606526
 15055.000 0.01199268
 15060.000 -0.00169081
 15065.000 0.00453849
 15070.000 0.00099654
 15075.000 0.00553727
 15080.000 0.01302730
 15085.000 -0.00009130
 15090.000 0.01767232
 15095.000 0.00847972
 15100.000 0.00558317
 15105.000 0.00412913
 15110.000 0.01436633
 15115.000 0.01043291
 15120.000 0.00821366
 15125.000 0.00588855
 15130.000 0.00125031
 15135.000 0.01435854
 15140.000 0.00329175
 15145.000 0.00597332
 15150.000 0.01611875
 15155.000 0.00268484
 15160.000 0.01708636
 15165.000 0.00269731
 15170.000 0.00848811
 15175.000 0.00365574
 15180.000 0.01937811
 15185.000 0.01075840
 15190.000 0.01953747
 15195.000 0.01508172
 15200.000 0.00475501
 15205.000 0.01774379
 15210.000 0.00226862
 15215.000 0.01263171
 15220.000 0.01304055
 15225.000 0.00604704
 15230.000 0.00452186
 15235.000 0.00752621
 15240.000 0.01510994
 15245.000 -0.00083499
 15250.000 -0.00316753
 15255.000 -0.01097732
 15260.000 -0.00413935
 15265.000 0.00894960
 15270.000 -0.00919247
 15275.000 -0.00532618
 15280.000 -0.01456670
 15285.000 -0.01356149
 15290.000 -0.00958447
 15295.000 0.00801657
 15300.000 -0.00527800
 15305.000 0.00797852
 15310.000 -0.00787616
 15315.000 -0.00366833
 15320.000 -0.00720398
 15325.000 -0.00686147
 15330.000 0.00202695
 15335.000 -0.00818970
 15340.000 0.00803935
 15345.000 0.01209874
 15350.000 0.00526331
 15355.000 0.00367413
 15360.000 0.00768835
 15365.000 0.00882628
 15370.000 -0.00209015
 15375.000 0.00591392
 15380.000 0.00772319
 15385.000 0.01453338
 15390.000 0.02149478
 15395.000 0.01611258
 15400.000 0.01345754
 15405.000 0.01864589
 15410.000 0.01566097
 15415.000 0.00803188
 15420.000 0.01854910
 15425.000 0.02625315
 15430.000 0.00763302
 15435.000 0.00197501
 15440.000 0.01360863
 15445.000 0.00181324
 15450.000 -0.00344769
 15455.000 0.01271732
 15460.000 0.00618134
 15465.000 0.00164352
 15470.000 -0.01240281
 15475.000 0.00862067
 15480.000 -0.00750264
 15485.000 -0.01006125
 15490.000 -0.00803442
 15495.000 -0.01358673
 15500.000 -0.00634242
 15505.000 -0.00729020
 15510.000 -0.01163900
 15515.000 0.00229237
 15520.000 -0.00059396
 15525.000 -0.01277753
 15530.000 -0.00212479
 15535.000 -0.01179628
 15540.000 -0.00948923
 15545.000 0.00116947
 15550.000 -0.00848184
 15555.000 0.00665438
 15560.000 -0.00708430
 15565.000 -0.00032071
 15570.000 0.00785234
 15575.000 0.01335332
 15580.000 0.00746831
 15585.000 0.01162884
 15590.000 0.01255952
 15595.000 0.01765318
 15600.000 0.01753874
 15605.000 0.01279792
 15610.000 0.01803554
 15615.000 0.01712659
 15620.000 0.01013883
 15625.000 0.00401623
 15630.000 0.00134248
 15635.000 0.00735734
 15640.000 0.00927516
 15645.000 0.00026056
 15650.000 0.00244722
 15655.000 -0.00358098
 15660.000 0.00214269
 15665.000 0.00625117
 15670.000 -0.01197869
 15675.000 -0.00181543
 15680.000 -0.00151374
 15685.000 -0.00440385
 15690.000 -0.00232330
 15695.000 -0.00679581
 15700.000 -0.01062362
 15705.000 0.00337345
 15710.000 -0.00970200
 15715.000 -0.00212081
 15720.000 0.00247088
 15725.000 -0.00714102
 15730.000 -0.00343875
 15735.000 -0.00019910
 15740.000 -0.00627883
 15745.000 -0.00107874
 15750.000 -0.00182248
 15755.000 0.00026409
 15760.000 -0.00271543
 15765.000 -0.00128945
 15770.000 -0.00459997
 15775.000 -0.00866546
 15780.000 -0.00446612
 15785.000 0.01145524
 15790.000 0.00753565
 15795.000 0.00752270
 15800.000 0.01072462
 15805.000 0.01371333
 15810.000 0.00035003
 15815.000 0.02397550
 15820.000 0.01413286
 15825.000 0.02226036
 15830.000 0.01464933
 15835.000 0.00965036
 15840.000 0.02183557
 15845.000 0.02405418
 15850.000 0.01839817
 15855.000 0.00570670
 15860.000 -0.00017063
 15865.000 0.00088084
 15870.000 0.00235469
 15875.000 0.00423829
 15880.000 0.00489537
 15885.000 0.00199821
 15890.000 0.00375665
 15895.000 0.00294490
 15900.000 0.00163658
 15905.000 -0.01647295
 15910.000 -0.01927519
 15915.000 -0.01320740
 15920.000 -0.00450758
 15925.000 -0.01526098
 15930.000 -0.00509067
 15935.000 0.00131897
 15940.000 0.00000882
 15945.000 0.00102217
 15950.000 -0.01184529
 15955.000 0.00746979
 15960.000 0.00683939
 15965.000 -0.00523212
 15970.000 0.00491496
 15975.000 -0.00698952
 15980.000 0.00307428
 15985.000 -0.00537193
 15990.000 -0.00951034
 15995.000 0.00190780
 16000.000 -0.01421571
 16005.000 -0.01961498
 16010.000 -0.00876789
 16015.000 -0.00346248
 16020.000 -0.00855159
 16025.000 -0.00374575
 16035.000 -0.01542446
 16040.000 -0.01979374
 16045.000 -0.00851120
 16050.000 -0.01196687
 16055.000 -0.00379144
 16060.000 -0.00769560
 16065.000 -0.00188423
 16070.000 -0.00337442
 16075.000 -0.01256261
 16080.000 0.00699719
 16085.000 -0.00740652
 16090.000 -0.00237466
 16095.000 -0.00572020
 16100.000 -0.00542134
 16105.000 -0.00242363
 16110.000 -0.00221160
 16115.000 -0.00912404
 16120.000 -0.00008371
 16125.000 0.01276981
 16130.000 0.00516302
 16135.000 0.00655789
 16140.000 0.01329913
 16145.000 0.00290905
 16150.000 0.00870143
 16155.000 0.00733619
 16160.000 0.00789261
 16165.000 0.01632461
 16170.000 0.01418360
 16175.000 0.01394056
 16180.000 0.01716454
 16185.000 0.01297465
 16190.000 0.01420857
 16195.000 0.02390373
 16200.000 0.01131648
 16205.000 0.01005798
 16210.000 0.00080173
 16215.000 0.00922682
 16220.000 0.00344582
 16225.000 0.00381374
 16230.000 0.00795910
 16235.000 -0.00454403
 16240.000 0.00297663
 16245.000 -0.00437797
 16250.000 -0.00644668
 16255.000 -0.00492039
 16260.000 -0.01638271
 16265.000 -0.01908394
 16270.000 -0.01519106
 16275.000 -0.01370190
 16280.000 -0.01248329
 16285.000 -0.02799566
 16290.000 -0.02161656
 16295.000 -0.02638216
 16300.000 -0.03486381
 16305.000 -0.02304005
 16310.000 -0.02541761
 16315.000 -0.03142420
 16320.000 -0.02140892
 16325.000 -0.02194301
 16330.000 -0.02045718
 16335.000 -0.01572212
 16340.000 -0.01413951
 16345.000 -0.01312604
 16350.000 -0.00624553
 16355.000 -0.02038929
 16360.000 -0.01069243
 16365.000 -0.01520489
 16370.000 0.00623227
 16375.000 -0.00590821
 16380.000 0.00168313
 16385.000 0.01327049
 16390.000 0.02020866
 16395.000 0.01892639
 16400.000 0.02837672
 16405.000 0.01847375
 16410.000 0.02097415
 16415.000 0.02142661
 16420.000 0.01591890
 16425.000 0.02997731
 16430.000 0.03811724
 16435.000 0.02925519
 16440.000 0.01431649
 16445.000 0.02425693
 16450.000 0.01257333
 16455.000 0.01685173
 16460.000 0.01603952
 16465.000 0.00230494
 16470.000 0.01104105
 16475.000 0.00828886
 16480.000 0.00008083
 16485.000 0.00081986
 16490.000 -0.00712013
 16495.000 0.00375014
 16500.000 0.00457456
 16505.000 -0.01267986
 16510.000 -0.02260692
 16515.000 -0.00424755
 16520.000 -0.02376956
 16525.000 -0.02004584
 16530.000 -0.01880678
 16535.000 -0.02413614
 16540.000 -0.03735775
 16545.000 -0.02736574
 16550.000 -0.03574024
 16555.000 -0.01778169
 16560.000 -0.01730503
 16565.000 -0.00613752
 16570.000 -0.02568350
 16575.000 -0.02985001
 16580.000 -0.02270731
 16585.000 -0.04313791
 16590.000 -0.02528851
 16595.000 -0.03728649
 16600.000 -0.03973552
 16605.000 -0.01134843
 16610.000 -0.01669123
 16615.000 -0.02183711
 16620.000 -0.02316512
 16625.000 -0.02364761
 16630.000 -0.02572507
 16635.000 -0.02372415
 16640.000 -0.00131822
 16645.000 -0.00946063
 16650.000 -0.00554936
 16655.000 -0.01095385
 16660.000 -0.01308589
 16665.000 0.00004404
 16670.000 0.00527871
 16675.000 0.00651460
 16680.000 -0.00197037
 16685.000 0.01245178
 16690.000 0.02026394
 16695.000 0.01634131
 16700.000 0.00538874
 16705.000 0.01304956
 16710.000 0.02078683
 16715.000 0.01671289
 16720.000 0.02794160
 16725.000 0.03267846
 16730.000 0.02467426
 16735.000 0.02057314
 16740.000 0.01761827
 16745.000 0.02002514
 16750.000 0.02637180
 16755.000 0.02801112
 16760.000 0.02497411
 16765.000 0.02645091
 16770.000 0.03024618
 16775.000 0.01550852
 16780.000 0.01925818
 16785.000 0.01636448
 16790.000 0.00214533
 16795.000 0.00692484
 16800.000 0.00445207
 16805.000 -0.00196457
 16810.000 0.00137832
 16815.000 0.00324172
 16820.000 -0.01108768
 16825.000 -0.01015050
 16830.000 -0.02198923
 16835.000 -0.02284981
 16840.000 -0.01423530
 16845.000 -0.02286478
 16850.000 -0.03721715
 16855.000 -0.04726458
 16860.000 -0.03466502
 16865.000 -0.02980158
 16870.000 -0.03215866
 16875.000 -0.02664931
 16880.000 -0.04203467
 16885.000 -0.03258687
 16890.000 -0.02806125
 16895.000 -0.02278441
 16900.000 -0.02250819
 16905.000 -0.01986535
 16910.000 -0.02965476
 16915.000 -0.01753307
 16920.000 -0.00508005
 16925.000 -0.02139983
 16930.000 -0.01573673
 16935.000 -0.01018650
 16940.000 -0.00726835
 16945.000 -0.00009811
 16950.000 -0.00108529
 16955.000 0.00726554
 16960.000 0.01282355
 16965.000 0.02763535
 16970.000 0.02422101
 16975.000 0.03454802
 16980.000 0.03104478
 16985.000 0.03570772
 16990.000 0.03418177
 16995.000 0.05179739
 17000.000 0.03788066
 17005.000 0.03850235
 17010.000 0.04030110
 17015.000 0.03563416
 17020.000 0.02297128
 17025.000 0.03562684
 17030.000 0.03106350
 17035.000 0.02682222
 17040.000 0.01072890
 17045.000 0.01811143
 17050.000 0.00708519
 17055.000 -0.00562902
 17060.000 0.00560581
 17065.000 0.00519396
 17070.000 -0.00144985
 17075.000 -0.00399466
 17080.000 -0.01026378
 17085.000 -0.01408439
 17090.000 -0.01084607
 17095.000 -0.01997196
 17100.000 -0.02672709
 17105.000 -0.02653871
 17110.000 -0.02389353
 17115.000 -0.03204032
 17120.000 -0.02289424
 17125.000 -0.01935671
 17130.000 -0.02801328
 17135.000 -0.03101626
 17140.000 -0.02025285
 17145.000 -0.02435702
 17150.000 -0.01989104
 17155.000 -0.02948453
 17160.000 -0.01427764
 17165.000 -0.01513069
 17170.000 -0.01062375
 17175.000 -0.01605702
 17180.000 -0.01160752
 17185.000 -0.02264492
 17190.000 -0.01623023
 17195.000 -0.00024794
 17200.000 0.00042631
 17205.000 0.00299398
 17210.000 0.00863661
 17215.000 0.01008455
 17220.000 0.00110370
 17225.000 0.00144932
 17230.000 0.00064394
 17235.000 -0.00135531
 17240.000 0.01925892
 17245.000 0.01412905
 17250.000 0.01047096
 17255.000 0.02550602
 17260.000 0.00871007
 17265.000 0.02979571
 17270.000 0.03043499
 17275.000 0.03432479
 17280.000 0.02955839
 17285.000 0.03147124
 17290.000 0.03017499
 17295.000 0.02081069
 17300.000 0.02925999
 17305.000 0.02673036
 17310.000 0.03397360
 17315.000 0.01348924
 17320.000 0.01540807
 17325.000 0.02596219
 17330.000 0.02161009
 17335.000 0.02263418
 17340.000 0.01223748
 17345.000 0.01475439
 17350.000 0.00560240
 17355.000 0.00961926
 17360.000 0.00653429
 17365.000 0.00958884
 17370.000 -0.00287413
 17375.000 0.00504451
 17380.000 -0.00009027
 17385.000 0.00292887
 17390.000 -0.00335452
 17395.000 -0.01267619
 17400.000 -0.01335247
 17405.000 -0.00395142
 17410.000 -0.01343935
 17415.000 -0.02339381
 17420.000 -0.01788261
 17425.000 -0.01803325
 17430.000 -0.02653191
 17435.000 -0.02000698
 17440.000 -0.01599003
 17445.000 -0.01502273
 17450.000 -0.02510510
 17455.000 -0.02249243
 17460.000 -0.02113286
 17465.000 -0.01533618
 17470.000 -0.02566700
 17475.000 -0.01988616
 17480.000 -0.01432614
 17485.000 -0.01758405
 17490.000 -0.02228825
 17495.000 -0.00696195
 17500.000 -0.00968875
 17505.000 0.00350432
 17510.000 -0.00290569
 17515.000 0.00684579
 17520.000 0.01691957
 17525.000 0.01383138
 17530.000 0.02417314
 17535.000 0.02314892
 17540.000 0.03094414
 17545.000 0.02368334
 17550.000 0.04312093
 17555.000 0.03977916
 17560.000 0.03237807
 17565.000 0.03977786
 17570.000 0.02407846
 17575.000 0.03537629
 17580.000 0.02216964
 17585.000 0.03231363
 17590.000 0.03424380
 17595.000 0.01809410
 17600.000 0.01646424
 17605.000 0.01610318
 17610.000 0.00459810
 17615.000 0.01237754
 17620.000 0.00218822
 17625.000 -0.00170051
 17630.000 -0.00271708
 17635.000 -0.00711645
 17640.000 -0.00562388
 17645.000 -0.00300519
 17650.000 -0.01350820
 17655.000 -0.02565114
 17660.000 -0.01170289
 17665.000 -0.01374835
 17670.000 -0.01136509
 17675.000 -0.01994341
 17680.000 -0.02020770
 17685.000 -0.03090687
 17690.000 -0.02413254
 17695.000 -0.01834860
 17700.000 -0.02655449
 17705.000 -0.02800577
 17710.000 -0.02643570
 17715.000 -0.03291108
 17720.000 -0.02323441
 17725.000 -0.02543811
 17730.000 -0.01747871
 17735.000 -0.02639111
 17740.000 -0.01605661
 17745.000 -0.02141907
 17750.000 -0.00580956
 17755.000 0.00232619
 17760.000 -0.00611949
 17765.000 -0.00124487
 17770.000 -0.00962152
 17775.000 0.00097248
 17780.000 0.00408467
 17785.000 0.01736151
 17790.000 0.02284184
 17795.000 0.02136977
 17800.000 0.01146947
 17805.000 0.02496824
 17810.000 0.01008461
 17815.000 0.02354831
 17820.000 0.01456835
 17825.000 0.02389578
 17830.000 0.02062879
 17835.000 0.02560622
 17840.000 0.02311379
 17845.000 0.01398246
 17850.000 0.02207132
 17855.000 0.00837975
 17860.000 0.00796299
 17865.000 0.01642526
 17870.000 0.00332255
 17875.000 0.00007630
 17880.000 0.00546221
 17885.000 0.00975330
 17890.000 0.00326933
 17895.000 -0.00139190
 17900.000 -0.00362292
 17905.000 -0.00881995
 17910.000 0.00527607
 17915.000 -0.00060991
 17920.000 -0.02147072
 17925.000 -0.00239182
 17930.000 -0.01455344
 17935.000 -0.00768907
 17940.000 0.00633495
 17945.000 -0.00731578
 17950.000 -0.00651802
 17955.000 0.00848569
 17960.000 -0.00000646
 17965.000 -0.00327086
 17970.000 0.01153821
 17975.000 0.00062414
 17980.000 -0.01306031
 17985.000 -0.00586161
 17990.000 0.00428034
 17995.000 -0.00310626
 18000.000 -0.00961717
 18005.000 -0.01099325
 18010.000 -0.00449977
 18015.000 -0.00652218
 18020.000 -0.00820331
 18025.000 -0.01212746
 18030.000 0.00043406
 18035.000 -0.00227389
 18040.000 -0.00834703
 18045.000 -0.00638374
 18050.000 -0.00805605
 18055.000 0.00296020
 18060.000 0.00443614
 18065.000 -0.00131564
 18070.000 0.00686076
 18075.000 0.00341213
 18080.000 0.00388121
 18085.000 0.01280290
 18090.000 0.00833770
 18095.000 -0.00809496
 18100.000 0.00156284
 18105.000 -0.00401630
 18110.000 -0.00478563
 18115.000 0.00780618
 18120.000 -0.00730042
 18125.000 0.00443700
 18130.000 -0.00680684
 18135.000 0.00617311
 18140.000 0.01162953
 18145.000 -0.00384057
 18150.000 0.01033652
 18155.000 0.01781070
 18160.000 0.00807275
 18165.000 -0.01081189
 18170.000 0.00589234
 18175.000 0.00568847
 18180.000 0.00007355
 18185.000 -0.00790923
 18190.000 -0.00183160
 18195.000 -0.00095000
 18200.000 -0.00747859
 18205.000 -0.01312969
 18210.000 -0.01776222
 18215.000 -0.00218216
 18220.000 -0.00936365
 18225.000 -0.01741921
 18230.000 -0.00965883
 18235.000 -0.00785081
 18240.000 -0.00926627
 18245.000 -0.01401146
 18250.000 -0.01096631
 18255.000 -0.01312996
 18260.000 -0.01331877
 18265.000 -0.02561210
 18270.000 -0.02184670
 18275.000 -0.01536833
 18280.000 -0.00514893
 18285.000 -0.00689052
 18290.000 0.00546137
 18295.000 -0.00103473
 18300.000 0.00023324
 18305.000 0.00343714
 18310.000 0.00954774
 18315.000 0.00133234
 18320.000 0.00287162
 18325.000 0.00022512
 18330.000 0.00355764
 18335.000 0.02086941
 18340.000 0.02786841
 18345.000 0.02452562
 18350.000 0.02718620
 18355.000 0.02979095
 18360.000 0.02390043
 18365.000 0.01671423
 18370.000 0.00353253
 18375.000 0.01246051
 18380.000 0.00685496
 18385.000 0.01094153
 18390.000 -0.00063156
 18395.000 0.01107702
 18400.000 0.00664660
 18405.000 0.00750141
 18410.000 0.00285586
 18415.000 0.00202681
 18420.000 0.00120777
 18425.000 0.00331188
 18430.000 -0.01424882
 18435.000 -0.01051592
 18440.000 -0.00584224
 18445.000 -0.00964404
 18450.000 -0.00819086
 18455.000 -0.01511646
 18460.000 -0.00877351
 18465.000 -0.02039938
 18470.000 -0.01694469
