4000 1.05471
4005 0.900216
4010 0.975963
4015 1.02321
4020 0.97983
4025 1.02653
4030 0.79734
4035 1.05498
4040 0.99213
4045 0.945832
4050 0.966058
4055 0.96994
4060 0.979504
4065 1.02328
4070 1.02404
4075 0.812668
4080 1.0505
4085 1.02589
4090 1.08925
4095 0.904593
4100 0.617211
4105 0.949756
4110 0.993024
4115 1.0528
4120 0.969868
4125 0.915849
4130 0.887087
4135 1.04665
4140 0.934966
4145 0.978761
4150 0.923271
4155 0.905004
4160 0.956412
4165 1.01609
4170 0.796309
4175 0.819307
4180 0.944548
4185 0.953884
4190 1.03153
4195 0.853587
4200 0.921378
4205 0.899912
4210 1.01061
4215 1.04089
4220 1.03594
4225 1.0278
4230 0.944164
4235 0.916781
4240 0.994908
4245 0.93322
4250 0.937316
4255 1.00956
4260 0.964375
4265 1.0314
4270 0.938691
4275 1.00999
4280 0.968721
4285 0.924838
4290 0.872983
4295 0.874665
4300 0.773915
4305 0.834914
4310 0.923046
4315 0.961087
4320 0.99531
4325 0.900291
4330 0.908702
4335 0.735891
4340 0.573841
4345 0.980231
4350 0.836797
4355 0.955169
4360 1.014
4365 0.966535
4370 0.940903
4375 0.947809
4380 0.913946
4385 0.861516
4390 0.925579
4395 0.89178
4400 0.876763
4405 0.876204
4410 0.968946
4415 0.802586
4420 0.939532
4425 0.966891
4430 0.910881
4435 0.976217
4440 0.844132
4445 1.00213
4450 0.949749
4455 0.843686
4460 0.882081
4465 0.844017
4470 0.951219
4475 1.00426
4480 0.846894
4485 0.94291
4490 0.905171
4495 0.948629
4500 0.968463
4505 0.993278
4510 1.0267
4515 0.947099
4520 0.915739
4525 0.83994
4530 0.85877
4535 0.970744
4540 0.930279
4545 0.890278
4550 0.855461
4555 0.881397
4560 0.938068
4565 0.959961
4570 0.953939
4575 0.968821
4580 0.826719
4585 0.957459
4590 0.893278
4595 0.959296
4600 0.921868
4605 0.956447
4610 0.984266
4615 0.93246
4620 1.00038
4625 0.933227
4630 0.976457
4635 0.960843
4640 1.00092
4645 0.918293
4650 0.990656
4655 0.928435
4660 0.971224
4665 0.865003
4670 0.933711
4675 0.985621
4680 0.97321
4685 0.99554
4690 0.984101
4695 0.98042
4700 0.951727
4705 0.922391
4710 0.967743
4715 0.987936
4720 0.997032
4725 0.974975
4730 0.936031
4735 0.967298
4740 0.978827
4745 0.989793
4750 0.982806
4755 0.965879
4760 0.906738
4765 0.936873
4770 0.970268
4775 1.00883
4780 0.952151
4785 0.946134
4790 0.973232
4795 0.97631
4800 0.976916
4805 0.935622
4810 0.967299
4815 1.01312
4820 0.936773
4825 0.98226
4830 0.985011
4835 0.979588
4840 0.956262
4845 0.946237
4850 0.96768
4855 0.763647
4860 0.546819
4865 0.862132
4870 0.85295
4875 0.917945
4880 0.945653
4885 0.902503
4890 0.905476
4895 1.01314
4900 0.905197
4905 0.98501
4910 0.893728
4915 0.927134
4920 0.811674
4925 0.957618
4930 0.900522
4935 0.91162
4940 0.969686
4945 0.968206
4950 0.96993
4955 0.901962
4960 0.991258
4965 0.944109
4970 0.947207
4975 0.97482
4980 0.824689
4985 0.923918
4990 0.894981
4995 0.962974
5000 0.885882
5005 0.885787
5010 0.859934
5015 0.842037
5020 0.910115
5025 0.925981
5030 0.948379
5035 0.888943
5040 0.856545
5045 0.96665
5050 0.899761
5055 0.970538
5060 0.991548
5065 0.888238
5070 0.940216
5075 0.895481
5080 0.864367
5085 0.949912
5090 0.963668
5095 0.89953
5100 0.93101
5105 0.925604
5110 0.931134
5115 0.955581
5120 0.900618
5125 0.869445
5130 0.892624
5135 0.8962
5140 0.898984
5145 0.902889
5150 0.870104
5155 0.938269
5160 0.937511
5165 0.753914
5170 0.850298
5175 0.96999
5180 0.865087
5185 0.859908
5190 0.872103
5195 0.831646
5200 0.901272
5205 0.824053
5210 0.927859
5215 0.874566
5220 0.959078
5225 0.810965
5230 0.880689
5235 0.884672
5240 0.910666
5245 0.931086
5250 0.905471
5255 0.913841
5260 0.846204
5265 0.805056
5270 0.822682
5275 0.862265
5280 0.837965
5285 0.956588
5290 0.942996
5295 0.894037
5300 0.913104
5305 0.910583
5310 0.928429
5315 0.87959
5320 0.906773
5325 0.824722
5330 0.92354
5335 0.872971
5340 0.888809
5345 0.898894
5350 0.912068
5355 0.96079
5360 0.911919
5365 0.886962
5370 0.861942
5375 0.953972
5380 0.873982
5385 0.948441
5390 0.900905
5395 0.881097
5400 0.876261
5405 0.870012
5410 0.875552
5415 0.891934
5420 0.888841
5425 0.919867
5430 0.869799
5435 0.912265
5440 0.95279
5445 0.86926
5450 0.946922
5455 0.896952
5460 0.905341
5465 0.934033
5470 0.916877
5475 0.855959
5480 0.91496
5485 0.917913
5490 0.911614
5495 0.911716
5500 0.889551
5505 0.896359
5510 0.887325
5515 0.944436
5520 0.937385
5525 0.847254
5530 0.937048
5535 0.893313
5540 0.928401
5545 0.919091
5550 0.937874
5555 0.925395
5560 0.913581
5565 0.914263
5570 0.884063
5575 0.915629
5580 0.925456
5585 0.856845
5590 0.892616
5595 0.884047
5600 0.875103
5605 0.944248
5610 0.941847
5615 0.879352
5620 0.918366
5625 0.90386
5630 0.931979
5635 0.908309
5640 0.8931
5645 0.933719
5650 0.919829
5655 0.825268
5660 0.881468
5665 0.879358
5670 0.931934
5675 0.917485
5680 0.884914
5685 0.879707
5690 0.920286
5695 0.925561
5700 0.906316
5705 0.868934
5710 0.880794
5715 0.91081
5720 0.930128
5725 0.923677
5730 0.921486
5735 0.932663
5740 0.921927
5745 0.917921
5750 0.902109
5755 0.921801
5760 0.899811
5765 0.929725
5770 0.915594
5775 0.917649
5780 0.873734
5785 0.90413
5790 0.901827
5795 0.904201
5800 0.920151
5805 0.902157
5810 0.918981
5815 0.913332
5820 0.920342
5825 0.925158
5830 0.924698
5835 0.919801
5840 0.926504
5845 0.917066
5850 0.878745
5855 0.881617
5860 0.89302
5865 0.91627
5870 0.920098
5875 0.920176
5880 0.905586
5885 0.909495
5890 0.790676
5895 0.805838
5900 0.908204
5905 0.904887
5910 0.888473
5915 0.898383
5920 0.90631
5925 0.905793
5930 0.888404
5935 0.904871
5940 0.897336
5945 0.886694
5950 0.895595
5955 0.89947
5960 0.912468
5965 0.904722
5970 0.913671
5975 0.88662
5980 0.900757
5985 0.884481
5990 0.892448
5995 0.901514
6000 0.899342
6005 0.881797
6010 0.891023
6015 0.895298
6020 0.856441
6025 0.892693
6030 0.905365
6035 0.909701
6040 0.895842
6045 0.898821
6050 0.893832
6055 0.89556
6060 0.907417
6065 0.881662
6070 0.907719
6075 0.887489
6080 0.885734
6085 0.891976
6090 0.888495
6095 0.898182
6100 0.847376
6105 0.89289
6110 0.888321
6115 0.89484
6120 0.865562
6125 0.887632
6130 0.887189
6135 0.831679
6140 0.843084
6145 0.850595
6150 0.886312
6155 0.862217
6160 0.825867
6165 0.867015
6170 0.859089
6175 0.872073
6180 0.886379
6185 0.88579
6190 0.862414
6195 0.888591
6200 0.880934
6205 0.893325
6210 0.886752
6215 0.872689
6220 0.877381
6225 0.887584
6230 0.846567
6235 0.856926
6240 0.86454
6245 0.80837
6250 0.854361
6255 0.8598
6260 0.882733
6265 0.878671
6270 0.874216
6275 0.831652
6280 0.818719
6285 0.864589
6290 0.864114
6295 0.86019
6300 0.83501
6305 0.872562
6310 0.869113
6315 0.829371
6320 0.862456
6325 0.889544
6330 0.882267
6335 0.843637
6340 0.874194
6345 0.850978
6350 0.88546
6355 0.866594
6360 0.861743
6365 0.873469
6370 0.845659
6375 0.879124
6380 0.869908
6385 0.878244
6390 0.852211
6395 0.883677
6400 0.852338
6405 0.854612
6410 0.861382
6415 0.849285
6420 0.849411
6425 0.880715
6430 0.829647
6435 0.845816
6440 0.872628
6445 0.87123
6450 0.852293
6455 0.810797
6460 0.834048
6465 0.865965
6470 0.854996
6475 0.862831
6480 0.848611
6485 0.872269
6490 0.812032
6495 0.772266
6500 0.86261
6505 0.87794
6510 0.872074
6515 0.822709
6520 0.871983
6525 0.863156
6530 0.868495
6535 0.868789
6540 0.866356
6545 0.839396
6550 0.839522
6555 0.781091
6560 0.502564
6565 0.737268
6570 0.821034
6575 0.855217
6580 0.862195
6585 0.852158
6590 0.837657
6595 0.865975
6600 0.872547
6605 0.836335
6610 0.857409
6615 0.868951
6620 0.870359
6625 0.865195
6630 0.838237
6635 0.85564
6640 0.851098
6645 0.860219
6650 0.865142
6655 0.863649
6660 0.846995
6665 0.860364
6670 0.861106
6675 0.836353
6680 0.856731
6685 0.867371
6690 0.868395
6695 0.856884
6700 0.862392
6705 0.855536
6710 0.860094
6715 0.836884
6720 0.853215
6725 0.856227
6730 0.858704
6735 0.845808
6740 0.84326
6745 0.845766
6750 0.846046
6755 0.845522
6760 0.860783
6765 0.846348
6770 0.85147
6775 0.857986
6780 0.855646
6785 0.853952
6790 0.856211
6795 0.845857
6800 0.853146
6805 0.854425
6810 0.848384
6815 0.855711
6820 0.85297
6825 0.841458
6830 0.854722
6835 0.845613
6840 0.82777
6845 0.852054
6850 0.85587
6855 0.829353
6860 0.848934
6865 0.665687
6870 0.644349
6875 0.703753
6880 0.821295
6885 0.71154
6890 0.761765
6895 0.751156
6900 0.759951
6905 0.776679
6910 0.808621
6915 0.800392
6920 0.820203
6925 0.820321
6930 0.829899
6935 0.828185
6940 0.817285
6945 0.813987
6950 0.827982
6955 0.819833
6960 0.832492
6965 0.844982
6970 0.843514
6975 0.812199
6980 0.836362
6985 0.826617
6990 0.827521
6995 0.821636
7000 0.818537
7005 0.812553
7010 0.832465
7015 0.8056
7020 0.821386
7025 0.823801
7030 0.843129
7035 0.810569
7040 0.843668
7045 0.843773
7050 0.834237
7055 0.832282
7060 0.83026
7065 0.822044
7070 0.837973
7075 0.833047
7080 0.836107
7085 0.824138
7090 0.827962
7095 0.834802
7100 0.836945
7105 0.832958
7110 0.829004
7115 0.864468
7120 0.849784
7125 0.836726
7130 0.817479
7135 0.838209
7140 0.831854
7145 0.798289
7150 0.832012
7155 0.826659
7160 0.82993
7165 0.781498
7170 0.773623
7175 0.766764
7180 0.739454
7185 0.719919
7190 0.72448
7195 0.779061
7200 0.707758
7205 0.763626
7210 0.835895
7215 0.805041
7220 0.793063
7225 0.804667
7230 0.758267
7235 0.806422
7240 0.748965
7245 0.799068
7250 0.745616
7255 0.803945
7260 0.7725
7265 0.784489
7270 0.788804
7275 0.73623
7280 0.799463
7285 0.769475
7290 0.73686
7295 0.808942
7300 0.764316
7305 0.785369
7310 0.782977
7315 0.789299
7320 0.805399
7325 0.811611
7330 0.807307
7335 0.829782
7340 0.820302
7345 0.813481
7350 0.801534
7355 0.788187
7360 0.790568
7365 0.814199
7370 0.832652
7375 0.816233
7380 0.801278
7385 0.783685
7390 0.79837
7395 0.832855
7400 0.819369
7405 0.797051
7410 0.783869
7415 0.766618
7420 0.7596
7425 0.808801
7430 0.819447
7435 0.818947
7440 0.800663
7445 0.785372
7450 0.804445
7455 0.821349
7460 0.789775
7465 0.812208
7470 0.81683
7475 0.81462
7480 0.801349
7485 0.818442
7490 0.810726
