wavelength,flux
9381.967392,1.54094e-14
9388.904617,1.54644e-14
9395.841842,1.54062e-14
9402.779067,1.57431e-14
9409.716292,1.56269e-14
9416.653517,1.55936e-14
9423.590742,1.55095e-14
9430.527967,1.58809e-14
9437.465193,1.61388e-14
9444.402418,1.56729e-14
9451.339643,1.57254e-14
9458.276868,1.57173e-14
9465.214093,1.53851e-14
9472.151318,1.528e-14
9479.088543,1.5009e-14
9486.025768,1.50488e-14
9492.962993,1.5356e-14
9499.900218,1.52526e-14
9506.837443,1.49024e-14
9513.774668,1.50326e-14
9520.711893,1.52971e-14
9527.649119,1.49799e-14
9534.586344,1.52138e-14
9541.523569,1.52813e-14
9548.460794,1.49174e-14
9555.398019,1.51689e-14
9562.335244,1.504e-14
9569.272469,1.48131e-14
9576.209694,1.45608e-14
9583.146919,1.47071e-14
9590.084144,1.48934e-14
9597.021369,1.47926e-14
9603.958594,1.50006e-14
9610.895819,1.4926e-14
9617.833044,1.49304e-14
9624.77027,1.49549e-14
9631.707495,1.49828e-14
9638.64472,1.48951e-14
9645.581945,1.50572e-14
9652.51917,1.48514e-14
9659.456395,1.48621e-14
9666.39362,1.48283e-14
9673.330845,1.48004e-14
9680.26807,1.47352e-14
9687.205295,1.45022e-14
9694.14252,1.44473e-14
9701.079745,1.42826e-14
9708.01697,1.42255e-14
9714.954195,1.42978e-14
9721.891421,1.41773e-14
9728.828646,1.41803e-14
9735.765871,1.41437e-14
9742.703096,1.43038e-14
9749.640321,1.43815e-14
9756.577546,1.44391e-14
9763.514771,1.44038e-14
9770.451996,1.42717e-14
9777.389221,1.43967e-14
9784.326446,1.44771e-14
9791.263671,1.44955e-14
9798.200896,1.44867e-14
9805.138121,1.44225e-14
9812.075347,1.43284e-14
9819.012572,1.43987e-14
9825.949797,1.4333e-14
9832.887022,1.41888e-14
9839.824247,1.4091e-14
9846.761472,1.39772e-14
9853.698697,1.41e-14
9860.635922,1.39924e-14
9867.573147,1.39873e-14
9874.510372,1.37984e-14
9881.447597,1.37852e-14
9888.384822,1.37722e-14
9895.322047,1.37712e-14
9902.259272,1.37742e-14
9909.196498,1.3868e-14
9916.133723,1.39221e-14
9923.070948,1.40167e-14
9930.008173,1.4001e-14
9936.945398,1.39646e-14
9943.882623,1.4175e-14
9950.819848,1.4194e-14
9957.757073,1.43429e-14
9964.694298,1.4305e-14
9971.631523,1.4521e-14
9978.568748,1.45693e-14
9985.505973,1.46451e-14
9992.443198,1.4636e-14
9999.380423,1.44666e-14
10006.31765,1.4624e-14
10013.25487,1.46212e-14
10020.1921,1.47606e-14
10027.12932,1.4699e-14
10034.06655,1.47009e-14
10041.00377,1.49377e-14
10047.941,1.45782e-14
10054.87822,1.44427e-14
10061.81545,1.41959e-14
10068.75267,1.39552e-14
10075.6899,1.40511e-14
10082.62712,1.39512e-14
10089.56435,1.39938e-14
10096.50157,1.3869e-14
10103.4388,1.37086e-14
10110.37602,1.37283e-14
10117.31325,1.36247e-14
10124.25047,1.36475e-14
10131.1877,1.34261e-14
10138.12493,1.32923e-14
10145.06215,1.33506e-14
10151.99938,1.30616e-14
10158.9366,1.31413e-14
10165.87383,1.29676e-14
10172.81105,1.29889e-14
10179.74828,1.29965e-14
10186.6855,1.30817e-14
10193.62273,1.29121e-14
10200.55995,1.28356e-14
10207.49718,1.28521e-14
10214.4344,1.29372e-14
10221.37163,1.29789e-14
10228.30885,1.28992e-14
10235.24608,1.28494e-14
10242.1833,1.28179e-14
10249.12053,1.28412e-14
10256.05775,1.24891e-14
10262.99498,1.26978e-14
10269.9322,1.25881e-14
10276.86943,1.25399e-14
10283.80665,1.24566e-14
10290.74388,1.2362e-14
10297.6811,1.22455e-14
10304.61833,1.21539e-14
10311.55555,1.18474e-14
10318.49278,1.18608e-14
10325.43,1.2266e-14
10332.36723,1.21888e-14
10339.30445,1.21716e-14
10346.24168,1.20739e-14
10353.1789,1.21685e-14
10360.11613,1.22836e-14
10367.05335,1.23377e-14
10373.99058,1.23798e-14
10380.9278,1.22382e-14
10387.86503,1.21047e-14
10394.80225,1.21195e-14
10401.73948,1.18953e-14
10408.6767,1.18648e-14
10415.61393,1.16167e-14
10422.55115,1.13623e-14
10429.48838,1.12238e-14
10436.4256,1.09222e-14
10443.36283,1.08944e-14
10450.30005,1.06654e-14
10457.23728,1.01552e-14
10464.1745,9.54583e-15
10471.11173,8.96801e-15
10478.04895,8.46186e-15
10484.98618,8.17286e-15
10491.9234,7.93982e-15
10498.86063,7.7955e-15
10505.79785,7.59586e-15
10512.73508,7.40702e-15
10519.6723,7.48363e-15
10526.60953,7.42389e-15
10533.54675,7.41256e-15
10540.48398,7.40906e-15
10547.4212,7.44242e-15
10554.35843,7.5046e-15
10561.29565,7.50946e-15
10568.23288,7.45431e-15
10575.1701,7.57402e-15
10582.10733,7.69899e-15
10589.04455,7.76077e-15
10595.98178,7.72458e-15
10602.919,7.88521e-15
10609.85623,7.9678e-15
10616.79346,8.14478e-15
10623.73068,8.31861e-15
10630.66791,8.55561e-15
10637.60513,8.68904e-15
10644.54236,8.81445e-15
10651.47958,9.18738e-15
10658.41681,9.52905e-15
10665.35403,9.87523e-15
10672.29126,1.02785e-14
10679.22848,1.08881e-14
10686.16571,1.11988e-14
10693.10293,1.11666e-14
10700.04016,1.12921e-14
10706.97738,1.11528e-14
10713.91461,1.12972e-14
10720.85183,1.14852e-14
10727.78906,1.14453e-14
10734.72628,1.12748e-14
10741.66351,1.1389e-14
10748.60073,1.14397e-14
10755.53796,1.13731e-14
10762.47518,1.1491e-14
10769.41241,1.15378e-14
10776.34963,1.20009e-14
10783.28686,1.22877e-14
10790.22408,1.25951e-14
10797.16131,1.27372e-14
10804.09853,1.30813e-14
10811.03576,1.33421e-14
10817.97298,1.34683e-14
10824.91021,1.35589e-14
10831.84743,1.37434e-14
10838.78466,1.38701e-14
10845.72188,1.38918e-14
10852.65911,1.41652e-14
10859.59633,1.42905e-14
10866.53356,1.42919e-14
10873.47078,1.41153e-14
10880.40801,1.39307e-14
10887.34523,1.37692e-14
10894.28246,1.37424e-14
10901.21968,1.36845e-14
10908.15691,1.37627e-14
10915.09413,1.37274e-14
10922.03136,1.36094e-14
10928.96858,1.35872e-14
10935.90581,1.33256e-14
10942.84303,1.30175e-14
10949.78026,1.29422e-14
10956.71748,1.28714e-14
10963.65471,1.28243e-14
10970.59193,1.26716e-14
10977.52916,1.25647e-14
10984.46638,1.25129e-14
10991.40361,1.23153e-14
10998.34083,1.23802e-14
11005.27806,1.23193e-14
11012.21528,1.24619e-14
11019.15251,1.22753e-14
11026.08973,1.19777e-14
11033.02696,1.16963e-14
11039.96418,1.15874e-14
11046.90141,1.14488e-14
11053.83863,1.13385e-14
11060.77586,1.12241e-14
11067.71308,1.10062e-14
11074.65031,1.06231e-14
11081.58753,1.04008e-14
11088.52476,1.02029e-14
11095.46199,1.00375e-14
11102.39921,9.96434e-15
11109.33644,9.87073e-15
11116.27366,9.81763e-15
11123.21089,9.81674e-15
11130.14811,1.00285e-14
11137.08534,9.97293e-15
11144.02256,9.83282e-15
11150.95979,9.83951e-15
11157.89701,9.87138e-15
11164.83424,1.02591e-14
11171.77146,1.03889e-14
11178.70869,1.00803e-14
11185.64591,1.01951e-14
11192.58314,1.04808e-14
11199.52036,1.01739e-14
11206.45759,9.8149e-15
11213.39481,9.63923e-15
11220.33204,9.99911e-15
11227.26926,1.04583e-14
11234.20649,1.02222e-14
11241.14371,9.64981e-15
11248.08094,9.64986e-15
11255.01816,1.02594e-14
11261.95539,9.85045e-15
11268.89261,9.43393e-15
11275.82984,9.72209e-15
11282.76706,9.82341e-15
11289.70429,1.00685e-14
11296.64151,1.06884e-14
11303.57874,1.00467e-14
11310.51596,9.79456e-15
11317.45319,9.37754e-15
11324.39041,8.64991e-15
11331.32764,8.61543e-15
11338.26486,8.92549e-15
11345.20209,9.67184e-15
11352.13931,9.94503e-15
11359.07654,9.61832e-15
11366.01376,9.4782e-15
11372.95099,9.48213e-15
11379.88821,9.52116e-15
11386.82544,9.32699e-15
11393.76266,9.19644e-15
11400.69989,9.22053e-15
11407.63711,9.3751e-15
11414.57434,9.4479e-15
11421.51156,9.24636e-15
11428.44879,8.86211e-15
11435.38601,8.82931e-15
11442.32324,9.03407e-15
11449.26046,8.92812e-15
11456.19769,8.84999e-15
11463.13491,9.11747e-15
11470.07214,9.4259e-15
11477.00936,9.2104e-15
11483.94659,8.89645e-15
11490.88381,9.00372e-15
11497.82104,9.14503e-15
11504.75826,8.99068e-15
11511.69549,8.94228e-15
11518.63271,9.0679e-15
11525.56994,9.05565e-15
11532.50716,8.89262e-15
11539.44439,8.91911e-15
11546.38161,8.81868e-15
11553.31884,8.87135e-15
11560.25606,8.72954e-15
11567.19329,8.62794e-15
11574.13052,8.60069e-15
11581.06774,8.66241e-15
11588.00497,8.60098e-15
11594.94219,8.53404e-15
11601.87942,8.50466e-15
11608.81664,8.49669e-15
11615.75387,8.29263e-15
11622.69109,8.20567e-15
11629.62832,8.16274e-15
11636.56554,8.21158e-15
11643.50277,8.04765e-15
11650.43999,8.26786e-15
11657.37722,8.36974e-15
11664.31444,8.48785e-15
11671.25167,8.51356e-15
11678.18889,8.68477e-15
11685.12612,8.75171e-15
11692.06334,8.64677e-15
11699.00057,8.62141e-15
11705.93779,8.57336e-15
11712.87502,8.6362e-15
11719.81224,8.59049e-15
11726.74947,8.51489e-15
11733.68669,8.56995e-15
11740.62392,8.6522e-15
11747.56114,8.61164e-15
11754.49837,8.56219e-15
11761.43559,8.47362e-15
11768.37282,8.52914e-15
11775.31004,8.63237e-15
11782.24727,8.70878e-15
11789.18449,8.76928e-15
11796.12172,8.7251e-15
11803.05894,8.69518e-15
11809.99617,8.77981e-15
11816.93339,9.05061e-15
11823.87062,9.24771e-15
11830.80784,9.08296e-15
11837.74507,8.90189e-15
11844.68229,8.74603e-15
11851.61952,8.83862e-15
11858.55674,8.84428e-15
11865.49397,8.87034e-15
11872.43119,8.89199e-15
11879.36842,8.97716e-15
11886.30564,9.07594e-15
11893.24287,8.98157e-15
11900.18009,8.95968e-15
11907.11732,8.97477e-15
11914.05454,8.88208e-15
11920.99177,8.96177e-15
11927.92899,8.85509e-15
11934.86622,8.84137e-15
11941.80344,8.77385e-15
11948.74067,8.89646e-15
11955.67789,8.7915e-15
11962.61512,8.74832e-15
11969.55234,8.64172e-15
11976.48957,8.71911e-15
11983.42679,8.70459e-15
11990.36402,8.68657e-15
11997.30124,8.57824e-15
12004.23847,8.51915e-15
12011.17569,8.46734e-15
12018.11292,8.55451e-15
12025.05014,8.57863e-15
12031.98737,8.5146e-15
12038.9246,8.37452e-15
12045.86182,8.17575e-15
12052.79905,8.14043e-15
12059.73627,8.13129e-15
12066.6735,8.06414e-15
12073.61072,8.13704e-15
12080.54795,8.13301e-15
12087.48517,8.07248e-15
12094.4224,8.12746e-15
12101.35962,8.17563e-15
12108.29685,8.09642e-15
12115.23407,8.06552e-15
12122.1713,8.07242e-15
12129.10852,8.14358e-15
12136.04575,7.98346e-15
12142.98297,7.993e-15
12149.9202,8.00255e-15
12156.85742,7.99128e-15
12163.79465,8.03044e-15
12170.73187,7.93635e-15
12177.6691,7.97068e-15
12184.60632,7.96923e-15
12191.54355,7.8424e-15
12198.48077,7.81727e-15
12205.418,7.82084e-15
12212.35522,7.82077e-15
12219.29245,7.91053e-15
12226.22967,7.81321e-15
12233.1669,7.80991e-15
12240.10412,7.69566e-15
12247.04135,7.81268e-15
12253.97857,7.76874e-15
12260.9158,7.72164e-15
12267.85302,7.72006e-15
12274.79025,7.69869e-15
12281.72747,7.59741e-15
12288.6647,7.58897e-15
12295.60192,7.59178e-15
12302.53915,7.57641e-15
12309.47637,7.69715e-15
12316.4136,7.64605e-15
12323.35082,7.65066e-15
12330.28805,7.57622e-15
12337.22527,7.58853e-15
12344.1625,7.53907e-15
12351.09972,7.49909e-15
12358.03695,7.56836e-15
12364.97417,7.42269e-15
12371.9114,7.47576e-15
12378.84862,7.46535e-15
12385.78585,7.56678e-15
12392.72307,7.51174e-15
12399.6603,7.41013e-15
12406.59752,7.40802e-15
12413.53475,7.49867e-15
12420.47197,7.49859e-15
12427.4092,7.52386e-15
12434.34642,7.53785e-15
12441.28365,7.49007e-15
12448.22087,7.41373e-15
12455.1581,7.51543e-15
12462.09532,7.48711e-15
12469.03255,7.43211e-15
12475.96977,7.41824e-15
12482.907,7.42457e-15
12489.84422,7.40348e-15
12496.78145,7.34157e-15
12503.71868,7.26998e-15
12510.6559,7.27828e-15
12517.59313,7.23032e-15
12524.53035,7.1785e-15
12531.46758,7.20264e-15
12538.4048,7.09854e-15
12545.34203,6.96655e-15
12552.27925,7.05161e-15
12559.21648,7.03417e-15
12566.1537,6.91564e-15
12573.09093,6.96272e-15
12580.02815,6.9217e-15
12586.96538,6.91551e-15
12593.9026,6.89485e-15
12600.83983,6.97527e-15
12607.77705,7.31672e-15
12614.71428,7.44954e-15
12621.6515,7.5282e-15
12628.58873,7.55626e-15
12635.52595,7.7572e-15
12642.46318,8.01132e-15
12649.4004,8.19896e-15
12656.33763,8.34709e-15
12663.27485,8.45528e-15
12670.21208,8.48078e-15
12677.1493,8.48346e-15
12684.08653,9.02454e-15
12691.02375,9.36235e-15
12697.96098,9.27078e-15
12704.8982,9.3182e-15
12711.83543,9.46352e-15
12718.77265,9.47749e-15
12725.70988,9.57881e-15
12732.6471,9.6852e-15
12739.58433,9.78584e-15
12746.52155,9.88634e-15
12753.45878,9.66167e-15
12760.396,1.01206e-14
12767.33323,9.61258e-15
12774.27045,9.6697e-15
12781.20768,9.72779e-15
12788.1449,9.63387e-15
12795.08213,9.47404e-15
12802.01935,9.45063e-15
12808.95658,9.49778e-15
12815.8938,9.33359e-15
12822.83103,9.18299e-15
12829.76825,8.80178e-15
12836.70548,8.71868e-15
12843.6427,8.50788e-15
12850.57993,8.5469e-15
12857.51715,8.50962e-15
12864.45438,8.48271e-15
12871.3916,8.41125e-15
12878.32883,8.30497e-15
12885.26605,8.23774e-15
12892.20328,8.23154e-15
12899.1405,8.09721e-15
12906.07773,8.0925e-15
12913.01495,8.03859e-15
12919.95218,7.89914e-15
12926.8894,7.73941e-15
12933.82663,7.67263e-15
12940.76385,7.57826e-15
12947.70108,7.52222e-15
12954.6383,7.4024e-15
12961.57553,7.31971e-15
12968.51275,7.39827e-15
12975.44998,7.36754e-15
12982.38721,7.2968e-15
12989.32443,7.24673e-15
12996.26166,7.19704e-15
13003.19888,7.26369e-15
13010.13611,7.2436e-15
13017.07333,7.08023e-15
13024.01056,7.05608e-15
13030.94778,7.11092e-15
13037.88501,7.11345e-15
13044.82223,7.00245e-15
13051.75946,7.00832e-15
13058.69668,6.97497e-15
13065.63391,6.95309e-15
13072.57113,6.97284e-15
13079.50836,6.88519e-15
13086.44558,6.79098e-15
13093.38281,6.7959e-15
13100.32003,6.81578e-15
13107.25726,6.74038e-15
13114.19448,6.65049e-15
13121.13171,6.61309e-15
13128.06893,6.61793e-15
13135.00616,6.63279e-15
13141.94338,6.67656e-15
13148.88061,6.73215e-15
13155.81783,6.61476e-15
13162.75506,6.45308e-15
13169.69228,6.5016e-15
13176.62951,6.49208e-15
13183.56673,6.36832e-15
13190.50396,6.36958e-15
13197.44118,6.45534e-15
13204.37841,6.51753e-15
13211.31563,6.39614e-15
13218.25286,6.34048e-15
13225.19008,6.4252e-15
13232.12731,6.34573e-15
13239.06453,6.35726e-15
13246.00176,6.28345e-15
13252.93898,6.29414e-15
13259.87621,6.25277e-15
13266.81343,6.20469e-15
13273.75066,6.1164e-15
13280.68788,6.19178e-15
13287.62511,6.33072e-15
13294.56233,6.11719e-15
13301.49956,6.01007e-15
13308.43678,5.95421e-15
13315.37401,6.03719e-15
13322.31123,6.07192e-15
13329.24846,6.03003e-15
13336.18568,6.19995e-15
13343.12291,6.02547e-15
13350.06013,6.1051e-15
13356.99736,6.11487e-15
13363.93458,5.93899e-15
13370.87181,5.99822e-15
13377.80903,5.96539e-15
13384.74626,5.89844e-15
13391.68348,5.85664e-15
13398.62071,5.88911e-15
13405.55793,5.90807e-15
13412.49516,5.92472e-15
13419.43238,5.92055e-15
13426.36961,5.72784e-15
13433.30683,5.63304e-15
13440.24406,5.72534e-15
13447.18128,5.78678e-15
13454.11851,5.67288e-15
13461.05574,5.4666e-15
13467.99296,5.12402e-15
13474.93019,5.21979e-15
13481.86741,5.67552e-15
13488.80464,5.37951e-15
13495.74186,4.98416e-15
13502.67909,5.13015e-15
13509.61631,5.08134e-15
13516.55354,4.90727e-15
13523.49076,4.72445e-15
13530.42799,4.52093e-15
13537.36521,3.96314e-15
13544.30244,4.18915e-15
13551.23966,4.91541e-15
13558.17689,4.80016e-15
13565.11411,4.27264e-15
13572.05134,4.23695e-15
13578.98856,4.03542e-15
13585.92579,3.96142e-15
13592.86301,3.68211e-15
13599.80024,3.42095e-15
13606.73746,3.02252e-15
13613.67469,5.25275e-15
13620.61191,5.71149e-15
13627.54914,4.54942e-15
13634.48636,3.6296e-15
13641.42359,4.25295e-15
13648.36081,5.11988e-15
13655.29804,4.39778e-15
13662.23526,3.96921e-15
13669.17249,2.98357e-15
13676.10971,3.81027e-15
13683.04694,4.52768e-15
13689.98416,3.84528e-15
13696.92139,3.41193e-15
13703.85861,3.80957e-15
13710.79584,4.24791e-15
13717.73306,4.4327e-15
13724.67029,4.43723e-15
13731.60751,4.45711e-15
13738.54474,4.43733e-15
13745.48196,4.58632e-15
13752.41919,4.26488e-15
13759.35641,4.25509e-15
13766.29364,4.88077e-15
13773.23086,4.46116e-15
13780.16809,4.14664e-15
13787.10531,4.34124e-15
13794.04254,3.90417e-15
13800.97976,3.6773e-15
13807.91699,3.93685e-15
13814.85421,3.51819e-15
13821.79144,3.34515e-15
13828.72866,3.34007e-15
13835.66589,3.3101e-15
13842.60311,3.77946e-15
13849.54034,4.20106e-15
13856.47756,4.44454e-15
13863.41479,4.38256e-15
13870.35201,3.88608e-15
13877.28924,4.85436e-15
13884.22646,5.06883e-15
13891.16369,4.58465e-15
13898.10091,4.59083e-15
13905.03814,4.53094e-15
13911.97536,3.86156e-15
13918.91259,4.06668e-15
13925.84981,4.75391e-15
13932.78704,4.05395e-15
13939.72427,3.42296e-15
13946.66149,3.33676e-15
13953.59872,4.55004e-15
13960.53594,5.67444e-15
13967.47317,5.22939e-15
13974.41039,4.78581e-15
13981.34762,4.0901e-15
13988.28484,3.85422e-15
13995.22207,3.40686e-15
14002.15929,4.38784e-15
14009.09652,5.85642e-15
14016.03374,5.44439e-15
14022.97097,4.65174e-15
14029.90819,3.99929e-15
14036.84542,3.74776e-15
14043.78264,5.06548e-15
14050.71987,5.16456e-15
14057.65709,4.36343e-15
14064.59432,4.36638e-15
14071.53154,4.88038e-15
14078.46877,4.49962e-15
14085.40599,3.92569e-15
14092.34322,4.42164e-15
14099.28044,4.70157e-15
14106.21767,4.59587e-15
14113.15489,4.6551e-15
14120.09212,4.85889e-15
14127.02934,4.64004e-15
14133.96657,4.15716e-15
14140.90379,4.47401e-15
14147.84102,4.72663e-15
14154.77824,4.99411e-15
14161.71547,4.68572e-15
14168.65269,4.46186e-15
14175.58992,4.30759e-15
14182.52714,4.2651e-15
14189.46437,4.22803e-15
14196.40159,4.59638e-15
14203.33882,4.67158e-15
14210.27604,4.68814e-15
14217.21327,4.41262e-15
14224.15049,4.29557e-15
14231.08772,4.57881e-15
14238.02494,4.91589e-15
14244.96217,4.63423e-15
14251.89939,4.58735e-15
14258.83662,4.70661e-15
14265.77384,4.35002e-15
14272.71107,4.09969e-15
14279.64829,4.50709e-15
14286.58552,4.85019e-15
14293.52274,4.77419e-15
14300.45997,4.24407e-15
14307.39719,3.88797e-15
14314.33442,4.16243e-15
14321.27164,4.62079e-15
14328.20887,4.53079e-15
14335.14609,4.28353e-15
14342.08332,4.48362e-15
14349.02054,4.42081e-15
14355.95777,4.28875e-15
14362.89499,4.23943e-15
14369.83222,4.11548e-15
14376.76944,4.49507e-15
14383.70667,4.50041e-15
14390.64389,4.33461e-15
14397.58112,4.40845e-15
14404.51835,4.37173e-15
14411.45557,4.28885e-15
14418.3928,4.40051e-15
14425.33002,4.55651e-15
14432.26725,4.54262e-15
14439.20447,4.37052e-15
14446.1417,4.15977e-15
14453.07892,4.38414e-15
14460.01615,4.82111e-15
14466.95337,4.7094e-15
14473.8906,4.70183e-15
14480.82782,4.66962e-15
14487.76505,4.43145e-15
14494.70227,4.06316e-15
14501.6395,4.26356e-15
14508.57672,4.90299e-15
14515.51395,4.94145e-15
14522.45117,4.9769e-15
14529.3884,4.96381e-15
14536.32562,4.91861e-15
14543.26285,4.75299e-15
14550.20007,4.93551e-15
14557.1373,5.08811e-15
14564.07452,4.96227e-15
14571.01175,5.00797e-15
14577.94897,5.08272e-15
14584.8862,4.95433e-15
14591.82342,4.8615e-15
14598.76065,4.76189e-15
14605.69787,4.94416e-15
14612.6351,4.87936e-15
14619.57232,4.75955e-15
14626.50955,4.74216e-15
14633.44677,4.88765e-15
14640.384,4.82129e-15
14647.32122,4.6964e-15
14654.25845,4.69389e-15
14661.19567,4.57014e-15
14668.1329,4.72074e-15
14675.07012,4.77165e-15
14682.00735,4.68861e-15
14688.94457,4.46068e-15
14695.8818,4.38088e-15
14702.81902,4.41533e-15
14709.75625,4.69491e-15
14716.69347,4.67136e-15
14723.6307,4.71657e-15
14730.56792,4.70574e-15
14737.50515,4.73906e-15
14744.44237,4.59885e-15
14751.3796,4.42557e-15
14758.31682,4.41984e-15
14765.25405,4.43291e-15
14772.19127,4.46686e-15
14779.1285,4.5321e-15
14786.06572,4.47198e-15
14793.00295,4.39274e-15
14799.94017,4.4993e-15
14806.8774,4.59814e-15
14813.81462,4.59309e-15
14820.75185,4.74834e-15
14827.68907,4.69889e-15
14834.6263,4.50566e-15
14841.56352,4.56948e-15
14848.50075,4.62547e-15
14855.43797,4.49413e-15
14862.3752,4.49076e-15
14869.31243,4.63272e-15
14876.24965,4.83315e-15
14883.18688,4.84836e-15
14890.1241,4.68631e-15
14897.06133,4.74322e-15
14903.99855,4.67314e-15
14910.93578,4.60789e-15
14917.873,4.63955e-15
14924.81023,4.68712e-15
14931.74745,4.66403e-15
14938.68468,4.64153e-15
14945.6219,4.62365e-15
14952.55913,4.59965e-15
14959.49635,4.59601e-15
14966.43358,4.60729e-15
14973.3708,4.55899e-15
14980.30803,4.57382e-15
14987.24525,4.64101e-15
14994.18248,4.58811e-15
15001.1197,4.54426e-15
15008.05693,4.54186e-15
15014.99415,4.53304e-15
15021.93138,4.61648e-15
15028.8686,4.67648e-15
15035.80583,4.67225e-15
15042.74305,4.69939e-15
15049.68028,4.73089e-15
15056.6175,4.53823e-15
15063.55473,4.37316e-15
15070.49195,4.33397e-15
15077.42918,4.42816e-15
15084.3664,4.45182e-15
15091.30363,4.46832e-15
15098.24085,4.5891e-15
15105.17808,4.49126e-15
15112.1153,4.45048e-15
15119.05253,4.38346e-15
15125.98975,4.36979e-15
15132.92698,4.39325e-15
15139.8642,4.3268e-15
15146.80143,4.39179e-15
15153.73865,4.38741e-15
15160.67588,4.3791e-15
15167.6131,4.39188e-15
15174.55033,4.41068e-15
15181.48755,4.39088e-15
15188.42478,4.39749e-15
15195.362,4.40439e-15
15202.29923,4.3895e-15
15209.23645,4.36241e-15
15216.17368,4.41209e-15
15223.1109,4.38263e-15
15230.04813,4.26801e-15
15236.98535,4.2469e-15
15243.92258,4.33276e-15
15250.8598,4.41899e-15
15257.79703,4.36394e-15
15264.73425,4.34933e-15
15271.67148,4.31659e-15
15278.6087,4.2685e-15
15285.54593,4.29014e-15
15292.48315,4.36043e-15
15299.42038,4.33172e-15
15306.3576,4.18699e-15
15313.29483,4.2014e-15
15320.23205,4.27859e-15
15327.16928,4.2251e-15
15334.1065,4.18375e-15
15341.04373,4.25218e-15
15347.98096,4.23244e-15
15354.91818,4.19899e-15
15361.85541,4.21787e-15
15368.79263,4.20861e-15
15375.72986,4.22814e-15
15382.66708,4.1994e-15
15389.60431,4.16707e-15
15396.54153,4.19665e-15
15403.47876,4.1815e-15
15410.41598,4.10397e-15
15417.35321,4.08118e-15
15424.29043,4.12579e-15
15431.22766,4.1144e-15
15438.16488,4.13779e-15
15445.10211,4.06747e-15
15452.03933,4.03196e-15
15458.97656,4.05298e-15
15465.91378,3.99396e-15
15472.85101,4.00835e-15
15479.78823,3.98918e-15
15486.72546,3.88202e-15
15493.66268,3.85772e-15
15500.59991,3.91487e-15
15507.53713,3.96517e-15
15514.47436,3.93178e-15
15521.41158,3.88818e-15
15528.34881,3.91525e-15
15535.28603,3.96182e-15
15542.22326,3.98862e-15
15549.16048,3.9913e-15
15556.09771,4.03746e-15
15563.03493,4.00352e-15
15569.97216,3.98528e-15
15576.90938,3.91428e-15
15583.84661,3.94938e-15
15590.78383,3.99045e-15
15597.72106,4.02653e-15
15604.65828,3.98363e-15
15611.59551,3.93789e-15
15618.53273,3.96142e-15
15625.46996,4.02874e-15
15632.40718,4.00079e-15
15639.34441,3.94478e-15
15646.28163,3.93692e-15
15653.21886,3.95593e-15
15660.15608,3.97601e-15
15667.09331,3.92126e-15
15674.03053,3.94641e-15
15680.96776,3.9994e-15
15687.90498,4.02437e-15
15694.84221,4.0488e-15
15701.77943,3.97301e-15
15708.71666,3.90074e-15
15715.65388,3.90425e-15
15722.59111,3.89133e-15
15729.52833,3.88355e-15
15736.46556,3.94109e-15
15743.40278,4.08003e-15
15750.34001,4.06397e-15
15757.27723,3.9095e-15
15764.21446,3.91453e-15
15771.15168,4.00922e-15
15778.08891,3.91217e-15
15785.02613,3.77232e-15
15791.96336,3.79809e-15
15798.90058,3.8732e-15
15805.83781,3.84948e-15
15812.77503,3.9293e-15
15819.71226,4.06633e-15
15826.64949,4.10442e-15
15833.58671,3.98048e-15
15840.52394,4.01625e-15
15847.46116,4.00186e-15
15854.39839,3.98314e-15
15861.33561,3.98725e-15
15868.27284,4.05976e-15
15875.21006,4.06618e-15
15882.14729,4.12732e-15
15889.08451,4.23689e-15
15896.02174,4.18593e-15
15902.95896,4.11198e-15
15909.89619,4.10018e-15
15916.83341,4.03955e-15
15923.77064,4.07365e-15
15930.70786,4.01689e-15
15937.64509,4.05596e-15
15944.58231,4.06159e-15
15951.51954,4.09278e-15
15958.45676,4.16442e-15
15965.39399,4.19842e-15
15972.33121,4.18653e-15
15979.26844,4.11131e-15
15986.20566,4.06763e-15
15993.14289,3.99294e-15
16000.08011,3.95443e-15
16007.01734,3.96682e-15
16013.95456,3.98141e-15
16020.89179,4.0122e-15
16027.82901,3.94089e-15
16034.76624,3.87755e-15
16041.70346,3.88272e-15
16048.64069,3.9051e-15
16055.57791,3.81954e-15
16062.51514,3.80016e-15
16069.45236,3.75957e-15
16076.38959,3.7127e-15
16083.32681,3.77828e-15
16090.26404,3.75595e-15
16097.20126,3.76258e-15
16104.13849,3.79292e-15
16111.07571,3.69112e-15
16118.01294,3.70873e-15
16124.95016,3.70151e-15
16131.88739,3.75612e-15
16138.82461,3.71374e-15
16145.76184,3.67448e-15
16152.69906,3.73697e-15
16159.63629,3.72027e-15
16166.57351,3.69777e-15
16173.51074,3.74494e-15
16180.44796,3.79217e-15
16187.38519,3.80496e-15
16194.32241,3.75035e-15
16201.25964,3.79926e-15
16208.19686,3.81675e-15
16215.13409,3.80052e-15
16222.07131,3.79265e-15
16229.00854,3.77962e-15
16235.94576,3.80641e-15
16242.88299,3.83231e-15
16249.82021,3.79931e-15
16256.75744,3.74833e-15
16263.69466,3.70177e-15
16270.63189,3.71655e-15
16277.56911,3.71751e-15
16284.50634,3.72572e-15
16291.44356,3.6901e-15
16298.38079,3.67837e-15
16305.31802,3.70269e-15
16312.25524,3.70544e-15
16319.19247,3.69732e-15
16326.12969,3.64291e-15
16333.06692,3.6924e-15
16340.00414,3.54661e-15
16346.94137,3.5751e-15
16353.87859,3.54635e-15
16360.81582,3.55431e-15
16367.75304,3.54143e-15
16374.69027,3.58094e-15
16381.62749,3.61235e-15
16388.56472,3.57685e-15
16395.50194,3.54094e-15
16402.43917,3.54617e-15
16409.37639,3.52717e-15
16416.31362,3.46199e-15
16423.25084,3.43032e-15
16430.18807,3.4498e-15
16437.12529,3.42649e-15
16444.06252,3.41354e-15
16450.99974,3.3799e-15
16457.93697,3.44294e-15
16464.87419,3.43677e-15
16471.81142,3.43432e-15
16478.74864,3.43472e-15
