#DaysPostTrigger	JulianDay		magRc	err_magRc
0.000534321	2457685.44418432	15.736	0.027
0.000609186	2457685.44425919	14.534	0.028
0.000688802	2457685.44433880	16.039	0.039
0.000763665	2457685.44441366	15.646	0.035
0.000878007	2457685.44452801	15.942	0.031
0.000953323	2457685.44460332	15.618	0.032
0.001029373	2457685.44467937	15.191	0.024
0.001104216	2457685.44475422	14.916	0.023
0.001183373	2457685.44483337	14.859	0.028
0.001258591	2457685.44490859	14.295	0.026
0.001373156	2457685.44502316	13.944	0.025
0.001448449	2457685.44509845	13.472	0.024
0.001525987	2457685.44517599	13.309	0.024
0.001600757	2457685.44525076	13.237	0.025
0.00167916	2457685.44532916	13.179	0.024
0.001753951	2457685.44540395	12.962	0.024
0.001868132	2457685.44551813	12.825	0.028
0.001943303	2457685.44559330	12.755	0.026
0.002020267	2457685.44567027	12.676	0.024
0.002095113	2457685.44574511	12.741	0.025
0.00217343	2457685.44582343	12.602	0.026
0.002248286	2457685.44589829	12.663	0.024
0.002542636	2457685.44619264	12.631	0.022
0.002617884	2457685.44626788	12.482	0.027
0.002697171	2457685.44634717	12.578	0.023
0.002772407	2457685.44642241	12.572	0.024
0.002886498	2457685.44653650	12.568	0.024
0.002961676	2457685.44661168	12.621	0.023
0.003038531	2457685.44668853	12.568	0.024
0.003113361	2457685.44676336	12.557	0.026
0.003192542	2457685.44684254	12.602	0.024
0.003267812	2457685.44691781	12.544	0.023
0.003382388	2457685.44703239	12.618	0.024
0.00345761	2457685.44710761	12.649	0.023
0.00353421	2457685.44718421	12.666	0.028
0.003609479	2457685.44725948	12.629	0.024
0.003684759	2457685.44733476	12.583	0.023
0.003759622	2457685.44740962	12.648	0.023
0.0038737	2457685.44752370	12.625	0.025
0.00394898	2457685.44759898	12.530	0.023
0.004028519	2457685.44767852	12.686	0.020
0.004103324	2457685.44775332	12.667	0.026
0.004182435	2457685.44783243	12.723	0.024
0.004257714	2457685.44790771	12.722	0.026
0.004371976	2457685.44802198	12.715	0.024
0.004447186	2457685.44809719	12.795	0.024
0.004524711	2457685.44817471	12.822	0.024
0.004599944	2457685.44824994	12.800	0.026
0.004678417	2457685.44832842	12.767	0.024
0.004753639	2457685.44840364	12.767	0.022
0.004867946	2457685.44851795	12.772	0.024
0.004943144	2457685.44859314	12.841	0.024
0.005022231	2457685.44867223	12.913	0.024
0.005097429	2457685.44874743	12.895	0.024
0.00517757	2457685.44882757	12.874	0.024
0.005252409	2457685.44890241	12.889	0.024
0.005366519	2457685.44901652	12.951	0.026
0.005441705	2457685.44909171	13.019	0.026
0.005519797	2457685.44916980	13.035	0.024
0.005594995	2457685.44924499	12.986	0.024
0.005674973	2457685.44932497	13.056	0.024
0.005750182	2457685.44940018	13.128	0.024
0.005864732	2457685.44951473	13.032	0.024
0.005939976	2457685.44958998	13.132	0.024
0.006016667	2457685.44966667	13.142	0.026
0.00609191	2457685.44974191	13.221	0.024
0.006171009	2457685.44982101	13.097	0.024
0.006246229	2457685.44989623	13.182	0.024
0.006360328	2457685.45001033	13.212	0.025
0.006435572	2457685.45008557	13.154	0.024
0.006511707	2457685.45016171	13.211	0.025
0.006586522	2457685.45023652	13.197	0.025
0.006666118	2457685.45031612	13.239	0.024
0.006741373	2457685.45039137	13.392	0.024
0.006855772	2457685.45050577	13.347	0.024
0.006931062	2457685.45058106	13.233	0.024
0.007006341	2457685.45065634	13.394	0.024
0.007081226	2457685.45073123	13.301	0.024
0.007160786	2457685.45081079	13.403	0.026
0.007235567	2457685.45088557	13.469	0.024
0.007663677	2457685.45131368	13.524	0.027
0.008426344	2457685.45207634	13.622	0.022
0.009177068	2457685.45282707	13.791	0.022
0.009928537	2457685.45357854	13.998	0.026
0.010679565	2457685.45432957	14.062	0.024
0.04896	2457685.49261000	15.298	0.200
0.06458	2457685.50823000	15.758	0.130
0.08771	2457685.53136000	16.478	0.360
0.10739	2457685.55104000	16.529	0.040
0.10851	2457685.55216000	16.539	0.050
0.10853	2457685.55218000	16.549	0.040
0.11851	2457685.56216000	16.739	0.050
0.14799	2457685.59164000	17.149	0.050
0.44539	2457685.88904000	18.279	0.030
0.45296	2457685.89661000	18.287	0.030
0.46184	2457685.90549000	18.229	0.030
0.46868	2457685.91233000	18.362	0.070
0.46904	2457685.91269000	18.257	0.030
0.4751	2457685.91875000	18.275	0.080
0.5581	2457686.00175000	18.407	0.030
0.55816	2457686.00181000	18.399	0.030
0.56468	2457686.00833000	18.435	0.100
0.57271	2457686.01636000	18.388	0.210
0.8074	2457686.25105000	18.709	0.050
0.80747	2457686.25112000	18.677	0.060
0.820102626	2457686.26375263	18.869	0.094
0.852614043	2457686.29626404	18.959	0.107
0.886924733	2457686.33057473	19.049	0.132
1.05378	2457686.49743000	19.070	0.040
1.05378	2457686.49743000	19.064	0.020
1.05378	2457686.49743000	19.057	0.050
1.05378	2457686.49743000	19.168	0.080
1.05421	2457686.49786000	19.099	0.050
1.05761	2457686.50126000	19.106	0.050
1.05761	2457686.50126000	19.106	0.070
1.05761	2457686.50126000	19.074	0.070
1.06005	2457686.50370000	19.050	0.020
1.06005	2457686.50370000	19.054	0.020
1.06005	2457686.50370000	19.037	0.030
1.06005	2457686.50370000	19.108	0.040
1.06869	2457686.51234000	19.040	0.020
1.06869	2457686.51234000	19.074	0.020
1.06869	2457686.51234000	19.057	0.020
1.06869	2457686.51234000	19.068	0.030
1.07086	2457686.51451000	19.056	0.050
1.07086	2457686.51451000	19.056	0.060
1.07086	2457686.51451000	19.124	0.090
1.08363	2457686.52728000	19.090	0.020
1.08363	2457686.52728000	19.114	0.020
1.08363	2457686.52728000	19.097	0.030
1.08363	2457686.52728000	19.168	0.040
1.08404	2457686.52769000	19.196	0.070
1.08404	2457686.52769000	19.126	0.080
1.08404	2457686.52769000	19.234	0.180
1.09443	2457686.53808000	19.100	0.020
1.09443	2457686.53808000	19.124	0.020
1.09443	2457686.53808000	19.117	0.020
1.09443	2457686.53808000	19.128	0.030
1.09446	2457686.53811000	19.126	0.050
1.09446	2457686.53811000	19.026	0.050
1.09446	2457686.53811000	19.114	0.100
1.12178	2457686.56543000	19.110	0.020
1.12178	2457686.56543000	19.124	0.020
1.12178	2457686.56543000	19.137	0.020
1.12178	2457686.56543000	19.118	0.030
1.12181	2457686.56546000	19.196	0.040
1.12181	2457686.56546000	19.206	0.050
1.13536	2457686.57901000	19.150	0.020
1.13536	2457686.57901000	19.174	0.020
1.13536	2457686.57901000	19.197	0.020
1.13536	2457686.57901000	19.178	0.030
1.13539	2457686.57904000	19.196	0.050
1.13539	2457686.57904000	19.206	0.060
1.13539	2457686.57904000	19.194	0.100
1.81227	2457687.25592000	19.789	0.070
2.0632	2457687.50685000	20.070	0.020
2.0632	2457687.50685000	20.074	0.020
2.0632	2457687.50685000	20.067	0.030
2.06977	2457687.51342000	20.018	0.030
2.06982	2457687.51347000	19.976	0.060
2.06982	2457687.51347000	20.046	0.090
2.06982	2457687.51347000	19.934	0.130
2.07639	2457687.52004000	20.100	0.020
2.07639	2457687.52004000	20.084	0.020
2.07639	2457687.52004000	20.057	0.030
3.06313	2457688.50678000	20.620	0.030
3.06313	2457688.50678000	20.604	0.020
3.06313	2457688.50678000	20.587	0.040
3.06975	2457688.51340000	20.528	0.040
3.06981	2457688.51346000	20.536	0.100
3.06981	2457688.51346000	20.566	0.120
3.07624	2457688.51989000	20.610	0.020
3.07624	2457688.51989000	20.614	0.020
3.07624	2457688.51989000	20.657	0.030
3.54572	2457688.98937000	20.819	0.130
3.55208	2457688.99573000	20.807	0.100
4.06666	2457689.51031000	21.240	0.030
4.06666	2457689.51031000	21.224	0.020
4.06666	2457689.51031000	21.247	0.060
4.07206	2457689.51571000	21.218	0.040
4.07855	2457689.52220000	21.250	0.020
4.07855	2457689.52220000	21.264	0.030
4.07855	2457689.52220000	21.267	0.040
5.06072	2457690.50437000	21.730	0.040
5.06072	2457690.50437000	21.714	0.030
5.06072	2457690.50437000	21.687	0.050
5.06072	2457690.50437000	21.698	0.050
5.46725	2457690.91090000	21.969	0.180
6.08295	2457691.52660000	22.080	0.050
6.08295	2457691.52660000	22.064	0.050
6.08295	2457691.52660000	22.067	0.090
14.09933	2457699.54298000	24.134	0.230
